"Week" "Player" "range" "pts_all" "sacks" "INT" "fum" "SAF" "TD" "rnk" "max" "min" "std" "Var" "pts_all_grp" "pts_all_score" "yrds_est" "yrds_all_grp" "yrds_all_score" "Full_Proj"
"12" "Chargers D/ST" "6.60-19.54" 12.6 3.72 1.36 0.78 0.02 0.32 "#31" 19.54 6.6 6.47 41.8609 3 3 295.52 3 2 14.96
"5" "Ravens D/ST" "6.25-19.89" 12.89 2.96 1.56 0.86 0.1 0.32 "#26" 19.89 6.25 6.82 46.5124 3 3 297.028 3 2 14.92
"17" "Ravens D/ST" "6.25-19.89" 12.89 2.96 1.56 0.86 0.1 0.32 "#26" 19.89 6.25 6.82 46.5124 3 3 297.028 3 2 14.92
"6" "Vikings D/ST" "6.63-19.65" 12.89 3.12 1.44 1.02 0.04 0.3 "#31" 19.65 6.63 6.51 42.3801 3 3 297.028 3 2 14.92
"3" "Vikings D/ST" "4.71-16.87" 12.51 2.32 0.89 0.71 0.05 0.32 "#32" 16.87 4.71 6.08 36.9664 3 3 295.052 3 2 12.54
"2" "Rams D/ST" "6.96-19.84" 15.35 3.54 1.5 0.92 0.04 0.42 "#31" 19.84 6.96 6.44 41.4736 4 1 309.82 4 0 11.98
"16" "Jaguars D/ST" "5.84-19.84" 15.35 2.96 1.34 0.92 0.06 0.52 "#24" 19.84 5.84 7 49 4 1 309.82 4 0 11.72
"7" "Broncos D/ST" "5.86-18.62" 16.16 3.08 1.3 0.96 0.08 0.38 "#31" 18.62 5.86 6.38 40.7044 4 1 314.032 4 0 11.04
"12" "Jaguars D/ST" "5.95-18.99" 14.79 2.99 1.44 0.78 0.02 0.4 "#32" 18.99 5.95 6.52 42.5104 4 1 306.908 4 0 10.87
"1" "Ravens D/ST" "6.47-17.25" 16.72 3.11 1.56 0.66 0.1 0.35 "#32" 17.25 6.47 5.39 29.0521 4 1 316.944 4 0 10.85
"16" "Rams D/ST" "5.40-19.46" 14.79 2.94 1.48 0.9 0.06 0.3 "#31" 19.46 5.4 7.03 49.4209 4 1 306.908 4 0 10.62
"1" "Jaguars D/ST" "5.18-19.26" 14.21 3.18 1.24 0.76 0.08 0.34 "#29" 19.26 5.18 7.04 49.5616 4 1 303.892 4 0 10.38
"8" "Seahawks D/ST" "5.32-17.10" 17.25 2.78 1.32 0.82 0.06 0.36 "#30" 17.1 5.32 5.89 34.6921 4 1 319.7 4 0 10.34
"15" "Vikings D/ST" "5.43-18.65" 13.9 2.78 1.32 0.92 0.06 0.32 "#24" 18.65 5.43 6.61 43.6921 4 1 302.28 4 0 10.3
"6" "Eagles D/ST" "4.73-18.03" 16.47 2.76 1.32 1.02 0.08 0.28 "#29" 18.03 4.73 6.65 44.2225 4 1 315.644 4 0 10.28
"12" "Eagles D/ST" "4.73-18.03" 16.47 2.76 1.32 1.02 0.08 0.28 "#29" 18.03 4.73 6.65 44.2225 4 1 315.644 4 0 10.28
"8" "Redskins D/ST" "4.90-17.80" 17.38 2.66 1.7 0.7 0.04 0.28 "#29" 17.8 4.9 6.45 41.6025 4 1 320.376 4 0 10.22
"14" "Redskins D/ST" "4.90-17.80" 17.38 2.66 1.7 0.7 0.04 0.28 "#29" 17.8 4.9 6.45 41.6025 4 1 320.376 4 0 10.22
"14" "Jaguars D/ST" "5.93-17.03" 15.14 3.12 1.42 0.6 0.04 0.32 "#28" 17.03 5.93 5.55 30.8025 4 1 308.728 4 0 10.16
"15" "Broncos D/ST" "4.49-18.15" 15.39 2.96 1.44 0.76 0.06 0.26 "#26" 18.15 4.49 6.83 46.6489 4 1 310.028 4 0 10.04
"4" "Seahawks D/ST" "5.87-16.55" 15.97 2.76 1.46 0.7 0.02 0.3 "#31" 16.55 5.87 5.34 28.5156 4 1 313.044 4 0 9.92
"17" "Seahawks D/ST" "5.87-16.55" 15.97 2.76 1.46 0.7 0.02 0.3 "#31" 16.55 5.87 5.34 28.5156 4 1 313.044 4 0 9.92
"7" "Jaguars D/ST" "4.98-17.10" 16.04 3.02 1.4 0.66 0.04 0.28 "#21" 17.1 4.98 6.06 36.7236 4 1 313.408 4 0 9.9
"17" "Jaguars D/ST" "4.98-17.10" 16.04 3.02 1.4 0.66 0.04 0.28 "#21" 17.1 4.98 6.06 36.7236 4 1 313.408 4 0 9.9
"10" "Jaguars D/ST" "5.78-16.82" 14.96 3.22 1.32 0.58 0.02 0.3 "#17" 16.82 5.78 5.52 30.4704 4 1 307.792 4 0 9.86
"13" "Jaguars D/ST" "5.78-16.82" 14.96 3.22 1.32 0.58 0.02 0.3 "#17" 16.82 5.78 5.52 30.4704 4 1 307.792 4 0 9.86
"6" "Bears D/ST" "4.07-17.13" 15.96 2.74 1.31 0.64 0.02 0.34 "#24" 17.13 4.07 6.53 42.6409 4 1 312.992 4 0 9.72
"5" "Cardinals D/ST" "5.27-16.23" 16.72 2.48 1.4 0.88 0.06 0.26 "#25" 16.23 5.27 5.48 30.0304 4 1 316.944 4 0 9.72
"8" "Cardinals D/ST" "5.27-16.23" 16.72 2.48 1.4 0.88 0.06 0.26 "#25" 16.23 5.27 5.48 30.0304 4 1 316.944 4 0 9.72
"7" "Falcons D/ST" "4.81-15.67" 16.39 2.56 1.2 0.88 0.04 0.3 "#29" 15.67 4.81 5.43 29.4849 4 1 315.228 4 0 9.6
"1" "Vikings D/ST" "4.09-18.43" 15.49 2.9 1.18 0.72 0.04 0.3 "#25" 18.43 4.09 7.17 51.4089 4 1 310.548 4 0 9.58
"15" "Falcons D/ST" "5.47-16.17" 14.81 2.46 1.42 0.68 0.02 0.3 "#31" 16.17 5.47 5.35 28.6225 4 1 307.012 4 0 9.5
"4" "Patriots D/ST" "3.89-17.69" 18.7 2.86 1.28 0.78 0.04 0.4 "#24" 17.69 3.89 6.9 47.61 5 0 327.24 4 0 9.46
"14" "Patriots D/ST" "3.89-17.69" 18.7 2.86 1.28 0.78 0.04 0.4 "#24" 17.69 3.89 6.9 47.61 5 0 327.24 4 0 9.46
"9" "Bears D/ST" "3.98-16.70" 16.72 2.96 1.14 0.86 0.02 0.24 "#32" 16.7 3.98 6.36 40.4496 4 1 316.944 4 0 9.44
"4" "Saints D/ST" "5.06-15.82" 15.04 2.7 1.3 0.68 0.04 0.28 "#29" 15.82 5.06 5.38 28.9444 4 1 308.208 4 0 9.42
"13" "Broncos D/ST" "3.58-18.84" 18.1 2.46 1.22 1.04 0.06 0.38 "#5" 18.84 3.58 7.63 58.2169 5 0 324.12 4 0 9.38
"1" "Seahawks D/ST" "4.13-16.29" 16.34 3.02 1.16 0.72 0.02 0.26 "#12" 16.29 4.13 6.08 36.9664 4 1 314.968 4 0 9.38
"13" "Bills D/ST" "3.89-18.19" 18.3 2.72 1.3 0.88 0.06 0.36 "#24" 18.19 3.89 7.15 51.1225 5 0 325.16 4 0 9.36
"17" "Bills D/ST" "3.89-18.19" 18.3 2.72 1.3 0.88 0.06 0.36 "#24" 18.19 3.89 7.15 51.1225 5 0 325.16 4 0 9.36
"16" "Broncos D/ST" "3.95-16.79" 16.76 2.5 1 0.98 0.1 0.28 "#20" 16.79 3.95 6.42 41.2164 4 1 317.152 4 0 9.34
"6" "Rams D/ST" "2.95-18.09" 16.23 2.54 1.3 0.64 0.06 0.3 "#12" 18.09 2.95 7.57 57.3049 4 1 314.396 4 0 9.34
"5" "Panthers D/ST" "4.29-15.45" 17.22 2.8 1.3 0.6 0.06 0.26 "#29" 15.45 4.29 5.58 31.1364 4 1 319.544 4 0 9.28
"11" "Vikings D/ST" "3.93-17.47" 14.45 2.65 1.42 0.68 0.1 0.2 "#19" 17.47 3.93 6.77 45.8329 4 1 305.14 4 0 9.25
"17" "Vikings D/ST" "3.93-17.47" 14.45 2.65 1.42 0.68 0.1 0.2 "#19" 17.47 3.93 6.77 45.8329 4 1 305.14 4 0 9.25
"4" "Jaguars D/ST" "4.42-16.62" 14.94 2.71 1.34 0.62 0.02 0.26 "#22" 16.62 4.42 6.1 37.21 4 1 307.688 4 0 9.23
"13" "Packers D/ST" "3.47-18.23" 17.54 2.6 1.12 1.02 0.02 0.38 "#31" 18.23 3.47 7.38 54.4644 5 0 321.208 4 0 9.2
"12" "Ravens D/ST" "3.56-16.42" 17.4 2.78 1.1 0.86 0.08 0.22 "#20" 16.42 3.56 6.43 41.3449 4 1 320.48 4 0 9.18
"12" "Vikings D/ST" "3.13-16.77" 17.28 2.46 1.36 0.72 0.02 0.24 "#18" 16.77 3.13 6.82 46.5124 4 1 319.856 4 0 9.1
"14" "Rams D/ST" "2.24-17.54" 17.29 2.4 1.3 0.64 0.06 0.28 "#19" 17.54 2.24 7.65 58.5225 4 1 319.908 4 0 9.08
"14" "Chargers D/ST" "4.49-14.75" 17.44 2.78 1.2 0.76 0.02 0.22 "#5" 14.75 4.49 5.13 26.3169 4 1 320.688 4 0 9.06
"10" "Jets D/ST" "3.47-16.07" 17.21 3.14 0.98 0.9 0.04 0.18 "#32" 16.07 3.47 6.3 39.69 4 1 319.492 4 0 9.06
"14" "Jets D/ST" "3.47-16.07" 17.21 3.14 0.98 0.9 0.04 0.18 "#32" 16.07 3.47 6.3 39.69 4 1 319.492 4 0 9.06
"1" "Redskins D/ST" "4.97-16.75" 17.6 2.79 1.46 0.53 0.02 0.37 "#31" 16.75 4.97 5.89 34.6921 5 0 321.52 4 0 9.03
"9" "Chargers D/ST" "4.32-16.24" 18.84 3 1.28 0.86 0.02 0.28 "#27" 16.24 4.32 5.96 35.5216 5 0 327.968 4 0 9
"9" "Jets D/ST" "3.85-16.27" 16.35 2.54 1.1 0.72 0.06 0.28 "#24" 16.27 3.85 6.21 38.5641 4 1 315.02 4 0 8.98
"4" "Cardinals D/ST" "4.28-15.28" 17.47 2.46 1.09 0.9 0.04 0.24 "#27" 15.28 4.28 5.5 30.25 4 1 320.844 4 0 8.96
"17" "Cardinals D/ST" "4.28-15.28" 17.47 2.46 1.09 0.9 0.04 0.24 "#27" 15.28 4.28 5.5 30.25 4 1 320.844 4 0 8.96
"13" "Rams D/ST" "3.62-17.26" 18.21 2.86 1.24 0.86 0.04 0.3 "#30" 17.26 3.62 6.82 46.5124 5 0 324.692 4 0 8.94
"2" "Seahawks D/ST" "3.37-15.73" 16.85 3.1 1.16 0.8 0.02 0.14 "#19" 15.73 3.37 6.18 38.1924 4 1 317.62 4 0 8.9
"12" "Bengals D/ST" "3.34-15.80" 21.67 2.45 1.24 0.82 0.02 0.38 "#26" 15.8 3.34 6.23 38.8129 5 0 342.684 4 0 8.89
"16" "Bengals D/ST" "3.34-15.80" 21.67 2.45 1.24 0.82 0.02 0.38 "#26" 15.8 3.34 6.23 38.8129 5 0 342.684 4 0 8.89
"5" "Titans D/ST" "4.77-15.27" 16.84 2.86 0.92 1.06 0.04 0.16 "#32" 15.27 4.77 5.25 27.5625 4 1 317.568 4 0 8.86
"2" "Texans D/ST" "2.99-16.23" 22.84 3.42 1.22 1.08 0.04 0.12 "#28" 16.23 2.99 6.62 43.8244 5 0 348.768 4 0 8.82
"14" "Broncos D/ST" "3.92-15.60" 17.14 2.8 1.02 0.92 0.02 0.18 "#25" 15.6 3.92 5.84 34.1056 4 1 319.128 4 0 8.8
"2" "Broncos D/ST" "2.66-15.96" 21.88 2.86 1.08 0.66 0.06 0.38 "#20" 15.96 2.66 6.65 44.2225 5 0 343.776 4 0 8.74
"11" "Chargers D/ST" "3.56-16.10" 15.49 2.96 1.14 0.54 0.04 0.22 "#12" 16.1 3.56 6.27 39.3129 4 1 310.548 4 0 8.72
"17" "Chargers D/ST" "3.56-16.10" 15.49 2.96 1.14 0.54 0.04 0.22 "#12" 16.1 3.56 6.27 39.3129 4 1 310.548 4 0 8.72
"2" "Chargers D/ST" "1.37-17.85" 19.46 2.77 1.42 0.88 0.09 0.19 "#32" 17.85 1.37 8.24 67.8976 5 0 331.192 4 0 8.69
"13" "Bears D/ST" "3.06-15.36" 16.72 2.3 1.18 0.58 0.08 0.28 "#29" 15.36 3.06 6.15 37.8225 4 1 316.944 4 0 8.66
"2" "Saints D/ST" "3.61-15.35" 17.02 2.27 1.17 0.68 0.02 0.27 "#26" 15.35 3.61 5.87 34.4569 4 1 318.504 4 0 8.63
"14" "Cardinals D/ST" "4.45-16.07" 17.6 2.54 1.12 0.88 0.02 0.34 "#30" 16.07 4.45 5.81 33.7561 5 0 321.52 4 0 8.62
"11" "Cardinals D/ST" "4.99-15.75" 17.84 2.64 1.2 0.94 0.06 0.26 "#20" 15.75 4.99 5.38 28.9444 5 0 322.768 4 0 8.6
"6" "Seahawks D/ST" "4.09-16.07" 18.9 2.5 1.4 0.7 0.04 0.3 "#20" 16.07 4.09 5.99 35.8801 5 0 328.28 4 0 8.58
"3" "Jaguars D/ST" "5.28-14.44" 15.14 2.57 1.17 0.49 0.03 0.27 "#28" 14.44 5.28 4.58 20.9764 4 1 308.728 4 0 8.57
"6" "Ravens D/ST" "4.84-15.28" 14.73 2.62 1.16 0.66 0.04 0.2 "#28" 15.28 4.84 5.22 27.2484 4 1 306.596 4 0 8.54
"8" "Jets D/ST" "3.58-15.70" 16.5 2.6 1.04 1 0.06 0.12 "#19" 15.7 3.58 6.06 36.7236 4 1 315.8 4 0 8.52
"2" "Lions D/ST" "2.72-15.64" 21.36 2.12 1.4 0.68 0.04 0.36 "#25" 15.64 2.72 6.46 41.7316 5 0 341.072 4 0 8.52
"12" "Colts D/ST" "3.12-15.18" 20.8 2.56 1 0.8 0.02 0.38 "#24" 15.18 3.12 6.03 36.3609 5 0 338.16 4 0 8.48
"15" "Bills D/ST" "3.40-15.18" 21.37 2.46 1.02 0.92 0.04 0.34 "#30" 15.18 3.4 5.89 34.6921 5 0 341.124 4 0 8.46
"8" "Texans D/ST" "2.68-16.82" 19.58 2.5 1.02 0.78 0.04 0.38 "#24" 16.82 2.68 7.07 49.9849 5 0 331.816 4 0 8.46
"11" "Panthers D/ST" "3.49-16.17" 19.26 3.15 0.98 0.76 0.06 0.28 "#30" 16.17 3.49 6.34 40.1956 5 0 330.152 4 0 8.43
"8" "Panthers D/ST" "3.02-15.74" 19.85 2.74 1.32 0.58 0.04 0.3 "#14" 15.74 3.02 6.36 40.4496 5 0 333.22 4 0 8.42
"7" "Cardinals D/ST" "4.07-15.85" 18.17 2.73 1.28 1.08 0.06 0.14 "#12" 15.85 4.07 5.89 34.6921 5 0 324.484 4 0 8.41
"6" "Panthers D/ST" "2.29-17.65" 18.06 2.6 1.08 0.9 0.08 0.28 "#15" 17.65 2.29 7.68 58.9824 5 0 323.912 4 0 8.4
"8" "Patriots D/ST" "3.19-16.15" 19.6 2.64 1.26 0.72 0.06 0.28 "#32" 16.15 3.19 6.48 41.9904 5 0 331.92 4 0 8.4
"16" "Patriots D/ST" "3.19-16.15" 19.6 2.64 1.26 0.72 0.06 0.28 "#32" 16.15 3.19 6.48 41.9904 5 0 331.92 4 0 8.4
"8" "Bears D/ST" "2.62-16.80" 18.33 2.54 1.24 0.92 0.04 0.24 "#22" 16.8 2.62 7.09 50.2681 5 0 325.316 4 0 8.38
"17" "Cowboys D/ST" "3.55-15.71" 18.1 2.7 1.24 0.92 0.02 0.22 "#29" 15.71 3.55 6.08 36.9664 5 0 324.12 4 0 8.38
"5" "49ers D/ST" "2.63-16.23" 19.99 2.52 0.84 0.96 0.04 0.36 "#31" 16.23 2.63 6.8 46.24 5 0 333.948 4 0 8.36
"8" "49ers D/ST" "2.63-16.23" 19.99 2.52 0.84 0.96 0.04 0.36 "#31" 16.23 2.63 6.8 46.24 5 0 333.948 4 0 8.36
"9" "Broncos D/ST" "2.40-16.50" 16.91 2.48 1.02 0.86 0.02 0.18 "#21" 16.5 2.4 7.05 49.7025 4 1 317.932 4 0 8.36
"2" "Jets D/ST" "4.33-14.41" 15.78 2.58 1.1 0.72 0.02 0.18 "#24" 14.41 4.33 5.04 25.4016 4 1 312.056 4 0 8.34
"9" "Vikings D/ST" "3.25-16.57" 18.24 2.5 1.18 0.94 0.02 0.26 "#30" 16.57 3.25 6.66 44.3556 5 0 324.848 4 0 8.34
"16" "Vikings D/ST" "3.25-16.57" 18.24 2.5 1.18 0.94 0.02 0.26 "#30" 16.57 3.25 6.66 44.3556 5 0 324.848 4 0 8.34
"7" "Dolphins D/ST" "1.69-17.05" 19.46 2.66 1.1 0.82 0 0.3 "#30" 17.05 1.69 7.68 58.9824 5 0 331.192 4 0 8.3
"10" "Packers D/ST" "2.64-16.50" 19.24 2.3 1 0.84 0.02 0.38 "#24" 16.5 2.64 6.93 48.0249 5 0 330.048 4 0 8.3
"12" "Panthers D/ST" "2.41-17.01" 18.7 2.8 1.08 0.68 0.06 0.3 "#27" 17.01 2.41 7.3 53.29 5 0 327.24 4 0 8.24
"2" "Redskins D/ST" "2.66-14.82" 21.72 2.12 1.36 0.7 0.04 0.32 "#17" 14.82 2.66 6.08 36.9664 5 0 342.944 4 0 8.24
"14" "Panthers D/ST" "3.14-15.06" 19.73 2.75 1.2 0.7 0.06 0.26 "#26" 15.06 3.14 5.96 35.5216 5 0 332.596 4 0 8.23
"10" "Falcons D/ST" "3.09-15.07" 16.81 2.14 1.1 0.7 0.02 0.24 "#26" 15.07 3.09 5.99 35.8801 4 1 317.412 4 0 8.22
"3" "Bears D/ST" "3.72-14.46" 16.01 2.44 1.09 0.49 0.02 0.26 "#31" 14.46 3.72 5.37 28.8369 4 1 313.252 4 0 8.2
"13" "Bengals D/ST" "3.21-15.37" 19.99 2.68 1.22 0.68 0.02 0.28 "#12" 15.37 3.21 6.08 36.9664 5 0 333.948 4 0 8.2
"5" "Bengals D/ST" "4.49-15.01" 18.47 2.78 1.24 0.58 0.04 0.28 "#24" 15.01 4.49 5.26 27.6676 5 0 326.044 4 0 8.18
"13" "Seahawks D/ST" "3.34-15.28" 20.16 2.5 1.42 0.68 0.02 0.24 "#25" 15.28 3.34 5.97 35.6409 5 0 334.832 4 0 8.18
"15" "Seahawks D/ST" "3.34-15.28" 20.16 2.5 1.42 0.68 0.02 0.24 "#25" 15.28 3.34 5.97 35.6409 5 0 334.832 4 0 8.18
"11" "Buccaneers D/ST" "3.09-13.93" 21.78 2.56 1.04 0.76 0.04 0.32 "#29" 13.93 3.09 5.42 29.3764 5 0 343.256 4 0 8.16
"2" "Vikings D/ST" "2.99-16.13" 18.67 2.35 1.34 0.8 0.04 0.24 "#18" 16.13 2.99 6.57 43.1649 5 0 327.084 4 0 8.15
"13" "Jets D/ST" "2.81-15.17" 17.36 2.34 1.06 0.86 0.06 0.14 "#28" 15.17 2.81 6.18 38.1924 4 1 320.272 4 0 8.14
"1" "Steelers D/ST" "3.28-16.28" 18.21 2.46 1.16 0.82 0.02 0.28 "#26" 16.28 3.28 6.5 42.25 5 0 324.692 4 0 8.14
"10" "Giants D/ST" "2.31-14.77" 22.91 2.1 1.06 0.66 0.08 0.4 "#25" 14.77 2.31 6.23 38.8129 5 0 349.132 4 0 8.1
"6" "Dolphins D/ST" "1.59-17.01" 19.63 2.4 1.18 0.82 0.06 0.26 "#19" 17.01 1.59 7.71 59.4441 5 0 332.076 4 0 8.08
"1" "Rams D/ST" "3.44-15.00" 20.04 2.72 1.18 0.8 0.04 0.22 "#20" 15 3.44 5.78 33.4084 5 0 334.208 4 0 8.08
"5" "Rams D/ST" "3.24-15.50" 19 2.28 1.24 1.02 0.04 0.2 "#27" 15.5 3.24 6.13 37.5769 5 0 328.8 4 0 8.08
"10" "Rams D/ST" "3.24-15.50" 19 2.28 1.24 1.02 0.04 0.2 "#27" 15.5 3.24 6.13 37.5769 5 0 328.8 4 0 8.08
"3" "Texans D/ST" "2.57-14.63" 22.06 2.56 0.95 0.79 0.04 0.32 "#29" 14.63 2.57 6.03 36.3609 5 0 344.712 4 0 8.04
"1" "Jets D/ST" "0.99-16.83" 21.84 2.3 1.09 0.8 0 0.32 "#30" 16.83 0.99 7.92 62.7264 5 0 343.568 4 0 8
"6" "Chargers D/ST" "3.41-13.87" 17.2 2.75 1.12 0.38 0.02 0.2 "#26" 13.87 3.41 5.23 27.3529 4 1 319.44 4 0 7.99
"1" "Saints D/ST" "2.89-14.39" 22.48 2.3 1.02 0.94 0.04 0.28 "#2" 14.39 2.89 5.75 33.0625 5 0 346.896 4 0 7.98
"11" "Seahawks D/ST" "2.66-15.26" 20.75 2.64 1.52 0.56 0.04 0.18 "#18" 15.26 2.66 6.3 39.69 5 0 337.9 4 0 7.96
"5" "Broncos D/ST" "2.39-16.77" 18.45 2.56 1 0.96 0.06 0.22 "#22" 16.77 2.39 7.19 51.6961 5 0 325.94 4 0 7.92
"15" "Bengals D/ST" "3.15-13.65" 21.73 2.08 1.2 0.72 0.02 0.32 "#20" 13.65 3.15 5.25 27.5625 5 0 342.996 4 0 7.88
"2" "Bears D/ST" "1.92-16.08" 19.47 2.38 1 0.78 0.06 0.3 "#27" 16.08 1.92 7.08 50.1264 5 0 331.244 4 0 7.86
"13" "Cardinals D/ST" "3.81-14.39" 19.9 3.08 1.12 0.72 0.06 0.16 "#18" 14.39 3.81 5.29 27.9841 5 0 333.48 4 0 7.84
"8" "Steelers D/ST" "3.42-15.98" 17.73 2.38 1.2 0.62 0 0.3 "#26" 15.98 3.42 6.28 39.4384 5 0 322.196 4 0 7.82
"4" "Eagles D/ST" "2.60-16.48" 17.51 2.4 1.24 0.9 0.02 0.18 "#28" 16.48 2.6 6.94 48.1636 5 0 321.052 4 0 7.8
"7" "Rams D/ST" "2.90-15.02" 19.53 2.39 1.18 0.86 0.06 0.2 "#25" 15.02 2.9 6.06 36.7236 5 0 331.556 4 0 7.79
"17" "Rams D/ST" "2.90-15.02" 19.53 2.39 1.18 0.86 0.06 0.2 "#25" 15.02 2.9 6.06 36.7236 5 0 331.556 4 0 7.79
"16" "Jets D/ST" "4.27-15.15" 17.59 2.69 1.1 0.68 0.04 0.24 "#18" 15.15 4.27 5.44 29.5936 5 0 321.468 4 0 7.77
"10" "49ers D/ST" "2.64-13.78" 21.99 2.59 0.82 0.8 0.06 0.3 "#29" 13.78 2.64 5.57 31.0249 5 0 344.348 4 0 7.75
"16" "Colts D/ST" "2.45-13.57" 22.59 2.34 0.94 0.82 0.04 0.3 "#29" 13.57 2.45 5.56 30.9136 5 0 347.468 4 0 7.74
"5" "Chargers D/ST" "2.88-14.74" 19.99 2.72 1.14 0.88 0 0.16 "#20" 14.74 2.88 5.93 35.1649 5 0 333.948 4 0 7.72
"10" "Chargers D/ST" "2.88-14.74" 19.99 2.72 1.14 0.88 0 0.16 "#20" 14.74 2.88 5.93 35.1649 5 0 333.948 4 0 7.72
"10" "Chiefs D/ST" "3.56-13.74" 20.94 2.52 1.16 0.88 0.02 0.18 "#31" 13.74 3.56 5.09 25.9081 5 0 338.888 4 0 7.72
"5" "Dolphins D/ST" "1.23-17.39" 18.11 2.33 1.24 0.74 0.04 0.22 "#5" 17.39 1.23 8.08 65.2864 5 0 324.172 4 0 7.69
"5" "Packers D/ST" "1.90-14.36" 22.36 2.69 0.87 0.72 0 0.3 "#30" 14.36 1.9 6.23 38.8129 5 0 346.272 4 0 7.67
"17" "Packers D/ST" "1.90-14.36" 22.36 2.69 0.87 0.72 0 0.3 "#30" 14.36 1.9 6.23 38.8129 5 0 346.272 4 0 7.67
"2" "Bengals D/ST" "2.91-14.19" 19.99 2.4 1.14 0.66 0.02 0.26 "#14" 14.19 2.91 5.64 31.8096 5 0 333.948 4 0 7.6
"5" "Jets D/ST" "3.57-14.93" 17.68 2.88 1 0.94 0.06 0.12 "#12" 14.93 3.57 5.68 32.2624 5 0 321.936 4 0 7.6
"11" "Raiders D/ST" "3.51-14.07" 19.21 2.52 0.98 0.78 0 0.26 "#31" 14.07 3.51 5.28 27.8784 5 0 329.892 4 0 7.6
"11" "Ravens D/ST" "3.33-15.01" 18.5 2.56 1.28 0.76 0.04 0.14 "#5" 15.01 3.33 5.84 34.1056 5 0 326.2 4 0 7.56
"11" "Titans D/ST" "2.45-14.31" 21.59 2.68 1 0.7 0.02 0.24 "#17" 14.31 2.45 5.93 35.1649 5 0 342.268 4 0 7.56
"17" "Titans D/ST" "2.45-14.31" 21.59 2.68 1 0.7 0.02 0.24 "#17" 14.31 2.45 5.93 35.1649 5 0 342.268 4 0 7.56
"1" "Titans D/ST" "3.59-14.83" 17.91 2.76 0.86 0.78 0.04 0.24 "#24" 14.83 3.59 5.62 31.5844 5 0 323.132 4 0 7.56
"1" "Patriots D/ST" "2.39-13.99" 21.84 2.42 1.12 0.7 0.02 0.24 "#21" 13.99 2.39 5.8 33.64 5 0 343.568 4 0 7.54
"3" "Chiefs D/ST" "1.66-13.94" 22.72 2.41 1.07 0.66 0.04 0.26 "#25" 13.94 1.66 6.14 37.6996 5 0 348.144 4 0 7.51
"8" "Rams D/ST" "3.41-13.89" 19.69 2.55 1.2 0.6 0.02 0.22 "#18" 13.89 3.41 5.24 27.4576 5 0 332.388 4 0 7.51
"5" "Lions D/ST" "2.67-14.83" 23.27 2.08 1.34 0.58 0.06 0.4 "#18" 14.83 2.67 6.08 36.9664 5 0 351.004 5 -1 7.44
"17" "Lions D/ST" "2.67-14.83" 23.27 2.08 1.34 0.58 0.06 0.4 "#18" 14.83 2.67 6.08 36.9664 5 0 351.004 5 -1 7.44
"11" "Redskins D/ST" "2.08-13.68" 21.75 2.2 1.22 0.64 0.04 0.24 "#21" 13.68 2.08 5.8 33.64 5 0 343.1 4 0 7.44
"12" "Patriots D/ST" "1.23-15.91" 23.52 2.66 1.04 0.76 0.04 0.34 "#22" 15.91 1.23 7.34 53.8756 5 0 352.304 5 -1 7.38
"17" "Patriots D/ST" "1.23-15.91" 23.52 2.66 1.04 0.76 0.04 0.34 "#22" 15.91 1.23 7.34 53.8756 5 0 352.304 5 -1 7.38
"9" "Panthers D/ST" "2.91-14.29" 20.83 2.54 1.02 0.76 0.04 0.2 "#2" 14.29 2.91 5.69 32.3761 5 0 338.316 4 0 7.38
"13" "Panthers D/ST" "2.91-14.29" 20.83 2.54 1.02 0.76 0.04 0.2 "#2" 14.29 2.91 5.69 32.3761 5 0 338.316 4 0 7.38
"13" "Dolphins D/ST" "1.24-16.66" 17.92 2.54 1.06 0.7 0.04 0.2 "#32" 16.66 1.24 7.71 59.4441 5 0 323.184 4 0 7.34
"17" "Dolphins D/ST" "1.24-16.66" 17.92 2.54 1.06 0.7 0.04 0.2 "#32" 16.66 1.24 7.71 59.4441 5 0 323.184 4 0 7.34
"11" "Bengals D/ST" "2.48-13.12" 22.07 2.14 0.94 0.7 0 0.32 "#14" 13.12 2.48 5.32 28.3024 5 0 344.764 4 0 7.34
"7" "Chargers D/ST" "1.23-15.17" 20.59 2.34 1.06 0.74 0.04 0.22 "#28" 15.17 1.23 6.97 48.5809 5 0 337.068 4 0 7.34
"16" "Redskins D/ST" "1.02-14.88" 21.78 2.14 1.28 0.42 0.06 0.28 "#28" 14.88 1.02 6.93 48.0249 5 0 343.256 4 0 7.34
"12" "Steelers D/ST" "3.60-13.74" 20.04 2.46 1.04 0.7 0.04 0.22 "#12" 13.74 3.6 5.07 25.7049 5 0 334.208 4 0 7.34
"3" "Panthers D/ST" "2.08-14.36" 20.15 2.03 1 0.72 0.05 0.29 "#5" 14.36 2.08 6.14 37.6996 5 0 334.78 4 0 7.31
"7" "Buccaneers D/ST" "2.25-13.87" 20.83 2.58 1 0.52 0.06 0.26 "#26" 13.87 2.25 5.81 33.7561 5 0 338.316 4 0 7.3
"2" "Raiders D/ST" "1.81-13.99" 20.89 2.5 0.86 0.7 0 0.28 "#12" 13.99 1.81 6.09 37.0881 5 0 338.628 4 0 7.3
"7" "Vikings D/ST" "3.19-13.17" 16.33 2.38 0.86 0.66 0.02 0.14 "#22" 13.17 3.19 4.99 24.9001 4 1 314.916 4 0 7.3
"12" "Dolphins D/ST" "1.41-15.69" 19.3 2.36 1.06 0.74 0.06 0.2 "#17" 15.69 1.41 7.14 50.9796 5 0 330.36 4 0 7.28
"13" "Texans D/ST" "2.57-13.09" 20.6 2.48 0.86 0.9 0.04 0.2 "#26" 13.09 2.57 5.26 27.6676 5 0 337.12 4 0 7.28
"4" "Cowboys D/ST" "2.16-13.90" 21.16 2.44 1.1 0.88 0 0.14 "#30" 13.9 2.16 5.87 34.4569 5 0 340.032 4 0 7.24
"15" "Jaguars D/ST" "2.64-14.58" 18.29 2.34 1.16 0.74 0 0.18 "#15" 14.58 2.64 5.97 35.6409 5 0 325.108 4 0 7.22
"3" "Browns D/ST" "2.86-13.58" 20.76 2.78 0.77 0.73 0.02 0.23 "#22" 13.58 2.86 5.36 28.7296 5 0 337.952 4 0 7.2
"15" "Titans D/ST" "3.20-14.04" 17.7 2.7 0.96 0.68 0 0.2 "#29" 14.04 3.2 5.42 29.3764 5 0 322.04 4 0 7.18
"8" "Lions D/ST" "1.98-14.14" 21.89 2.32 0.96 0.76 0.04 0.22 "#27" 14.14 1.98 6.08 36.9664 5 0 343.828 4 0 7.16
"10" "Saints D/ST" "1.60-14.50" 19.86 2.24 1.02 0.72 0 0.24 "#5" 14.5 1.6 6.45 41.6025 5 0 333.272 4 0 7.16
"6" "Titans D/ST" "2.20-13.02" 22.73 2.52 1 0.7 0.02 0.2 "#14" 13.02 2.2 5.41 29.2681 5 0 348.196 4 0 7.16
"2" "Cowboys D/ST" "1.69-14.73" 20.48 2.27 1.34 0.72 0.02 0.12 "#29" 14.73 1.69 6.52 42.5104 5 0 336.496 4 0 7.15
"2" "Eagles D/ST" "1.88-15.58" 18.59 2.42 1 0.78 0.04 0.18 "#2" 15.58 1.88 6.85 46.9225 5 0 326.668 4 0 7.14
"6" "Jets D/ST" "2.41-15.43" 17.84 2.17 1.12 0.74 0.08 0.18 "#17" 15.43 2.41 6.51 42.3801 5 0 322.768 4 0 7.13
"5" "Saints D/ST" "1.86-13.90" 20.84 2.48 0.86 0.74 0 0.24 "#15" 13.9 1.86 6.02 36.2404 5 0 338.368 4 0 7.12
"14" "Vikings D/ST" "2.05-15.49" 18.35 2.17 1.02 0.82 0.02 0.2 "#27" 15.49 2.05 6.72 45.1584 5 0 325.42 4 0 7.09
"15" "Giants D/ST" "1.70-14.02" 20.96 1.96 0.94 0.76 0.02 0.28 "#28" 14.02 1.7 6.16 37.9456 5 0 338.992 4 0 7.08
"7" "Patriots D/ST" "1.30-13.68" 22.79 2.6 1 0.68 0.08 0.16 "#19" 13.68 1.3 6.19 38.3161 5 0 348.508 4 0 7.08
"10" "Bears D/ST" "3.04-13.30" 20.09 2.72 0.84 0.82 0.02 0.16 "#30" 13.3 3.04 5.13 26.3169 5 0 334.468 4 0 7.04
"12" "Bears D/ST" "3.04-13.30" 20.09 2.72 0.84 0.82 0.02 0.16 "#30" 13.3 3.04 5.13 26.3169 5 0 334.468 4 0 7.04
"3" "Ravens D/ST" "4.17-13.25" 13.94 1.93 0.96 0.39 0.04 0.22 "#12" 13.25 4.17 4.54 20.6116 4 1 302.488 4 0 7.03
"12" "Browns D/ST" "2.46-12.64" 21.5 2.3 0.84 0.68 0 0.28 "#5" 12.64 2.46 5.09 25.9081 5 0 341.8 4 0 7.02
"16" "Browns D/ST" "2.46-12.64" 21.5 2.3 0.84 0.68 0 0.28 "#5" 12.64 2.46 5.09 25.9081 5 0 341.8 4 0 7.02
"4" "Chargers D/ST" "3.03-12.77" 20.49 2.34 1.14 0.8 0.04 0.12 "#25" 12.77 3.03 4.87 23.7169 5 0 336.548 4 0 7.02
"2" "Cardinals D/ST" "1.86-13.04" 22.9 2.2 1.12 0.66 0.02 0.2 "#4" 13.04 1.86 5.59 31.2481 5 0 349.08 4 0 7
"2" "Ravens D/ST" "2.66-14.68" 18.21 2.36 1.04 0.68 0.06 0.18 "#5" 14.68 2.66 6.01 36.1201 5 0 324.692 4 0 7
"13" "Giants D/ST" "1.45-13.91" 21.38 1.94 0.98 0.8 0.02 0.24 "#19" 13.91 1.45 6.23 38.8129 5 0 341.176 4 0 6.98
"6" "Jaguars D/ST" "1.26-14.92" 20.25 2.44 1.1 0.61 0.02 0.18 "#23" 14.92 1.26 6.83 46.6489 5 0 335.3 4 0 6.98
"10" "Lions D/ST" "1.98-13.90" 19.98 2.22 1.04 0.66 0.02 0.22 "#19" 13.9 1.98 5.96 35.5216 5 0 333.896 4 0 6.98
"12" "Lions D/ST" "1.98-13.90" 19.98 2.22 1.04 0.66 0.02 0.22 "#19" 13.9 1.98 5.96 35.5216 5 0 333.896 4 0 6.98
"1" "Lions D/ST" "2.34-14.12" 20.43 2.3 1.16 0.74 0.02 0.14 "#22" 14.12 2.34 5.89 34.6921 5 0 336.236 4 0 6.98
"16" "Chargers D/ST" "3.43-12.53" 18.86 2.24 1.1 0.68 0.04 0.18 "#14" 12.53 3.43 4.55 20.7025 5 0 328.072 4 0 6.96
"4" "Packers D/ST" "1.34-13.24" 22 2.56 0.74 0.76 0.04 0.22 "#32" 13.24 1.34 5.95 35.4025 5 0 344.4 4 0 6.96
"2" "Titans D/ST" "2.19-12.69" 22.53 2.68 0.88 0.7 0.02 0.18 "#21" 12.69 2.19 5.25 27.5625 5 0 347.156 4 0 6.96
"3" "Rams D/ST" "-0.99-16.57" 25.75 2.44 1.4 0.7 0 0.22 "#3" 16.57 -0.99 8.78 77.0884 5 0 363.9 5 -1 6.96
"16" "Bears D/ST" "2.75-13.19" 19.03 2.22 1.32 0.58 0.04 0.14 "#25" 13.19 2.75 5.22 27.2484 5 0 328.956 4 0 6.94
"7" "Colts D/ST" "1.46-13.72" 21.2 2.3 1.06 0.64 0.02 0.2 "#32" 13.72 1.46 6.13 37.5769 5 0 340.24 4 0 6.94
"3" "Patriots D/ST" "2.01-13.89" 19.75 2.08 1.07 0.54 0.04 0.26 "#30" 13.89 2.01 5.94 35.2836 5 0 332.7 4 0 6.94
"10" "Bills D/ST" "1.58-13.74" 21.52 2.05 0.96 0.8 0.02 0.22 "#22" 13.74 1.58 6.08 36.9664 5 0 341.904 4 0 6.93
"14" "Bills D/ST" "1.58-13.74" 21.52 2.05 0.96 0.8 0.02 0.22 "#22" 13.74 1.58 6.08 36.9664 5 0 341.904 4 0 6.93
"3" "Jets D/ST" "3.81-12.03" 16.64 1.83 0.8 0.63 0.05 0.19 "#26" 12.03 3.81 4.11 16.8921 4 1 316.528 4 0 6.93
"4" "Texans D/ST" "1.79-13.33" 21.51 2.6 0.74 0.66 0.04 0.24 "#17" 13.33 1.79 5.77 33.2929 5 0 341.852 4 0 6.92
"14" "Texans D/ST" "1.79-13.33" 21.51 2.6 0.74 0.66 0.04 0.24 "#17" 13.33 1.79 5.77 33.2929 5 0 341.852 4 0 6.92
"13" "Titans D/ST" "2.63-12.85" 20.65 2.39 0.96 0.68 0.02 0.2 "#22" 12.85 2.63 5.11 26.1121 5 0 337.38 4 0 6.91
"9" "Cowboys D/ST" "1.32-13.92" 21.62 1.98 1.08 0.76 0.02 0.2 "#28" 13.92 1.32 6.3 39.69 5 0 342.424 4 0 6.9
"2" "Dolphins D/ST" "2.62-12.70" 20.86 2.22 0.94 0.7 0.04 0.22 "#22" 12.7 2.62 5.04 25.4016 5 0 338.472 4 0 6.9
"10" "Dolphins D/ST" "2.02-14.38" 19.87 1.99 1.02 0.7 0.06 0.22 "#18" 14.38 2.02 6.18 38.1924 5 0 333.324 4 0 6.87
"3" "Eagles D/ST" "2.66-14.66" 17.87 2.29 0.96 0.82 0.02 0.16 "#17" 14.66 2.66 6 36 5 0 322.924 4 0 6.85
"16" "Giants D/ST" "1.36-13.44" 21.56 1.96 0.9 0.74 0.02 0.26 "#17" 13.44 1.36 6.04 36.4816 5 0 342.112 4 0 6.84
"9" "Patriots D/ST" "2.02-13.68" 25.3 2 1.24 0.78 0.06 0.28 "#18" 13.68 2.02 5.83 33.9889 5 0 361.56 5 -1 6.84
"13" "Ravens D/ST" "2.88-12.36" 20.74 2.08 0.9 0.9 0.04 0.18 "#8" 12.36 2.88 4.74 22.4676 5 0 337.848 4 0 6.84
"13" "Browns D/ST" "2.49-12.13" 22.23 2.72 0.88 0.86 0 0.1 "#21" 12.13 2.49 4.82 23.2324 5 0 345.596 4 0 6.8
"15" "Browns D/ST" "2.73-13.81" 19.16 2.56 0.66 0.82 0.04 0.2 "#12" 13.81 2.73 5.54 30.6916 5 0 329.632 4 0 6.8
"5" "Browns D/ST" "2.16-12.46" 22.53 2.52 0.78 0.82 0 0.18 "#14" 12.46 2.16 5.15 26.5225 5 0 347.156 4 0 6.8
"17" "Browns D/ST" "2.16-12.46" 22.53 2.52 0.78 0.82 0 0.18 "#14" 12.46 2.16 5.15 26.5225 5 0 347.156 4 0 6.8
"12" "Texans D/ST" "1.35-12.83" 22.88 2.62 0.64 0.74 0.04 0.22 "#28" 12.83 1.35 5.74 32.9476 5 0 348.976 4 0 6.78
"4" "Lions D/ST" "0.71-15.07" 24 2.5 1.14 0.7 0.02 0.26 "#23" 15.07 0.71 7.18 51.5524 5 0 354.8 5 -1 6.78
"3" "Cowboys D/ST" "2.21-13.19" 21.76 2.27 0.93 0.66 0 0.22 "#27" 13.19 2.21 5.49 30.1401 5 0 343.152 4 0 6.77
"7" "Cowboys D/ST" "1.18-13.74" 21.25 2.08 0.84 0.84 0 0.22 "#15" 13.74 1.18 6.28 39.4384 5 0 340.5 4 0 6.76
"12" "Cowboys D/ST" "1.18-13.74" 21.25 2.08 0.84 0.84 0 0.22 "#15" 13.74 1.18 6.28 39.4384 5 0 340.5 4 0 6.76
"3" "Seahawks D/ST" "0.61-14.99" 24.05 2.87 0.95 0.64 0.02 0.27 "#23" 14.99 0.61 7.19 51.6961 5 0 355.06 5 -1 6.71
"7" "Redskins D/ST" "1.74-13.66" 24.72 2.52 1.08 0.65 0.02 0.28 "#23" 13.66 1.74 5.96 35.5216 5 0 358.544 5 -1 6.7
"12" "Redskins D/ST" "1.74-13.66" 24.72 2.52 1.08 0.65 0.02 0.28 "#23" 13.66 1.74 5.96 35.5216 5 0 358.544 5 -1 6.7
"16" "Eagles D/ST" "0.87-15.15" 19.91 2.18 0.88 0.82 0.02 0.18 "#21" 15.15 0.87 7.14 50.9796 5 0 333.532 4 0 6.7
"8" "Giants D/ST" "1.14-12.60" 22.85 1.96 0.8 0.78 0 0.26 "#15" 12.6 1.14 5.73 32.8329 5 0 348.82 4 0 6.68
"14" "Giants D/ST" "1.14-12.60" 22.85 1.96 0.8 0.78 0 0.26 "#15" 12.6 1.14 5.73 32.8329 5 0 348.82 4 0 6.68
"15" "Lions D/ST" "2.84-13.12" 19.84 2.2 0.94 0.72 0.04 0.18 "#32" 13.12 2.84 5.14 26.4196 5 0 333.168 4 0 6.68
"7" "Lions D/ST" "2.61-13.71" 18.74 2.16 1.22 0.7 0.04 0.1 "#24" 13.71 2.61 5.55 30.8025 5 0 327.448 4 0 6.68
"15" "Packers D/ST" "1.55-12.63" 21.98 2.48 0.7 0.82 0.04 0.18 "#19" 12.63 1.55 5.54 30.6916 5 0 344.296 4 0 6.68
"10" "Eagles D/ST" "1.85-14.17" 20.25 2.39 1.04 0.7 0.04 0.12 "#23" 14.17 1.85 6.16 37.9456 5 0 335.3 4 0 6.67
"14" "Eagles D/ST" "1.85-14.17" 20.25 2.39 1.04 0.7 0.04 0.12 "#23" 14.17 1.85 6.16 37.9456 5 0 335.3 4 0 6.67
"9" "Chiefs D/ST" "1.98-12.84" 21.75 2.41 0.92 0.56 0.04 0.2 "#26" 12.84 1.98 5.43 29.4849 5 0 343.1 4 0 6.65
"6" "Texans D/ST" "1.16-12.78" 22.09 2.6 0.7 0.7 0.02 0.2 "#32" 12.78 1.16 5.81 33.7561 5 0 344.868 4 0 6.64
"4" "Browns D/ST" "1.95-12.43" 21.69 2.24 0.82 0.62 0.04 0.24 "#20" 12.43 1.95 5.24 27.4576 5 0 342.788 4 0 6.64
"3" "Dolphins D/ST" "2.89-13.31" 17.87 2.02 1.02 0.67 0.09 0.17 "#20" 13.31 2.89 5.21 27.1441 5 0 322.924 4 0 6.6
"4" "Falcons D/ST" "1.16-12.86" 22.79 2.12 0.92 0.82 0.02 0.16 "#5" 12.86 1.16 5.85 34.2225 5 0 348.508 4 0 6.6
"14" "Lions D/ST" "2.84-14.14" 17.51 2.32 1.18 0.7 0.02 0.08 "#31" 14.14 2.84 5.65 31.9225 5 0 321.052 4 0 6.6
"7" "Saints D/ST" "1.36-13.98" 19.99 2.28 0.96 0.7 0.02 0.16 "#14" 13.98 1.36 6.31 39.8161 5 0 333.948 4 0 6.6
"2" "Falcons D/ST" "0.90-13.12" 22.43 2.1 0.98 0.66 0 0.2 "#10" 13.12 0.9 6.11 37.3321 5 0 346.636 4 0 6.58
"9" "Dolphins D/ST" "0.75-14.55" 19.58 2.32 1.06 0.56 0.08 0.14 "#22" 14.55 0.75 6.9 47.61 5 0 331.816 4 0 6.56
"1" "Bills D/ST" "2.70-11.86" 21 2.16 1.18 0.44 0.08 0.16 "#14" 11.86 2.7 4.58 20.9764 5 0 339.2 4 0 6.52
"9" "Bills D/ST" "2.03-13.35" 20.81 2.28 1.02 0.62 0.04 0.14 "#19" 13.35 2.03 5.66 32.0356 5 0 338.212 4 0 6.48
"1" "Cardinals D/ST" "1.46-13.52" 20.98 2.06 1 0.59 0.02 0.2 "#15" 13.52 1.46 6.03 36.3609 5 0 339.096 4 0 6.48
"15" "Ravens D/ST" "1.18-12.98" 21.66 2.04 0.76 0.9 0.02 0.18 "#2" 12.98 1.18 5.9 34.81 5 0 342.632 4 0 6.48
"13" "Eagles D/ST" "0.90-14.10" 21.57 2.08 0.86 0.66 0 0.22 "#15" 14.1 0.9 6.6 43.56 5 0 342.164 4 0 6.44
"17" "Eagles D/ST" "0.90-14.10" 21.57 2.08 0.86 0.66 0 0.22 "#15" 14.1 0.9 6.6 43.56 5 0 342.164 4 0 6.44
"3" "Packers D/ST" "1.00-14.22" 24.25 2.9 0.81 0.71 0.03 0.24 "#15" 14.22 1 6.61 43.6921 5 0 356.1 5 -1 6.44
"16" "Raiders D/ST" "1.88-11.78" 22.8 2.31 0.92 0.58 0.02 0.18 "#12" 11.78 1.88 4.95 24.5025 5 0 348.56 4 0 6.43
"9" "Titans D/ST" "1.84-13.04" 24.48 2.34 1.1 0.7 0.06 0.22 "#23" 13.04 1.84 5.6 31.36 5 0 357.296 5 -1 6.38
"8" "Dolphins D/ST" "1.79-13.07" 20.21 2.2 0.88 0.76 0.08 0.12 "#21" 13.07 1.79 5.64 31.8096 5 0 335.092 4 0 6.36
"4" "Buccaneers D/ST" "0.79-12.59" 22.48 2.28 0.96 0.52 0 0.18 "#19" 12.59 0.79 5.9 34.81 5 0 346.896 4 0 6.32
"15" "Cowboys D/ST" "0.55-13.69" 20.36 2.12 1.04 0.74 0.02 0.1 "#17" 13.69 0.55 6.57 43.1649 5 0 335.872 4 0 6.32
"4" "Chiefs D/ST" "2.34-10.84" 22.83 2.34 0.84 0.62 0.04 0.16 "#12" 10.84 2.34 4.25 18.0625 5 0 348.716 4 0 6.3
"8" "Chiefs D/ST" "2.34-10.84" 22.83 2.34 0.84 0.62 0.04 0.16 "#12" 10.84 2.34 4.25 18.0625 5 0 348.716 4 0 6.3
"9" "Texans D/ST" "1.39-11.35" 22.97 2.5 0.58 0.8 0.04 0.16 "#12" 11.35 1.39 4.98 24.8004 5 0 349.444 4 0 6.3
"3" "Raiders D/ST" "2.56-11.80" 20.47 2.01 0.76 0.69 0 0.23 "#24" 11.8 2.56 4.62 21.3444 5 0 336.444 4 0 6.29
"5" "Cowboys D/ST" "1.23-13.17" 20.27 1.96 0.96 0.78 0 0.14 "#21" 13.17 1.23 5.97 35.6409 5 0 335.404 4 0 6.28
"15" "Bears D/ST" "2.80-12.52" 18.27 2.36 0.98 0.54 0.02 0.14 "#18" 12.52 2.8 4.86 23.6196 5 0 325.004 4 0 6.28
"1" "Packers D/ST" "1.67-11.45" 22.16 2.36 0.6 0.8 0.02 0.18 "#19" 11.45 1.67 4.89 23.9121 5 0 345.232 4 0 6.28
"15" "Texans D/ST" "1.18-12.20" 22.62 2.38 0.48 0.7 0.04 0.24 "#22" 12.2 1.18 5.51 30.3601 5 0 347.624 4 0 6.26
"1" "Bengals D/ST" "1.31-11.83" 22.96 2.14 0.74 0.64 0 0.22 "#17" 11.83 1.31 5.26 27.6676 5 0 349.392 4 0 6.22
"14" "Browns D/ST" "1.04-12.06" 22.8 2.5 0.68 0.7 0 0.16 "#10" 12.06 1.04 5.51 30.3601 5 0 348.56 4 0 6.22
"4" "Bills D/ST" "3.03-11.31" 24.68 2.28 1.04 0.52 0 0.3 "#18" 11.31 3.03 4.14 17.1396 5 0 358.336 5 -1 6.2
"10" "Cowboys D/ST" "1.11-13.25" 26.29 2.31 1 0.56 0.04 0.28 "#13" 13.25 1.11 6.07 36.8449 5 0 366.708 5 -1 6.19
"14" "Cowboys D/ST" "1.11-13.25" 26.29 2.31 1 0.56 0.04 0.28 "#13" 13.25 1.11 6.07 36.8449 5 0 366.708 5 -1 6.19
"14" "49ers D/ST" "1.58-10.82" 22.84 2.44 0.54 0.82 0.02 0.16 "#12" 10.82 1.58 4.62 21.3444 5 0 348.768 4 0 6.16
"14" "Steelers D/ST" "2.20-12.76" 23.06 2.6 1.08 0.66 0 0.18 "#20" 12.76 2.2 5.28 27.8784 5 0 349.912 5 -1 6.16
"9" "Falcons D/ST" "1.50-11.80" 22.21 2.18 0.8 0.74 0.02 0.14 "#15" 11.8 1.5 5.15 26.5225 5 0 345.492 4 0 6.14
"5" "Patriots D/ST" "1.29-12.93" 24.36 2.42 1.1 0.62 0.04 0.2 "#17" 12.93 1.29 5.82 33.8724 5 0 356.672 5 -1 6.14
"3" "Giants D/ST" "1.18-12.42" 21.06 1.93 0.81 0.64 0.02 0.21 "#21" 12.42 1.18 5.62 31.5844 5 0 339.512 4 0 6.13
"16" "49ers D/ST" "2.04-11.58" 20.73 2.48 0.68 0.76 0.02 0.12 "#19" 11.58 2.04 4.77 22.7529 5 0 337.796 4 0 6.12
"1" "Cowboys D/ST" "0.93-12.81" 22.2 1.7 0.84 0.64 0.04 0.22 "#10" 12.81 0.93 5.94 35.2836 5 0 345.44 4 0 6.06
"15" "Jets D/ST" "2.32-12.54" 19.21 1.94 0.98 0.64 0.08 0.12 "#21" 12.54 2.32 5.11 26.1121 5 0 329.892 4 0 6.06
"17" "Giants D/ST" "0.95-13.25" 23.7 2.44 1.08 0.68 0 0.18 "#23" 13.25 0.95 6.15 37.8225 5 0 353.24 5 -1 6.04
"3" "Broncos D/ST" "3.09-11.35" 16.2 1.68 0.72 0.52 0.02 0.14 "#14" 11.35 3.09 4.13 17.0569 4 1 314.24 4 0 6.04
"13" "Falcons D/ST" "1.10-12.48" 21.82 2.18 0.96 0.64 0.02 0.1 "#14" 12.48 1.1 5.69 32.3761 5 0 343.464 4 0 6.02
"3" "Redskins D/ST" "2.91-11.63" 18.65 2.22 0.9 0.51 0.03 0.15 "#18" 11.63 2.91 4.36 19.0096 5 0 326.98 4 0 6
"8" "Jaguars D/ST" "0.87-11.85" 20.71 2.18 0.96 0.46 0 0.16 "#13" 11.85 0.87 5.49 30.1401 5 0 337.692 4 0 5.98
"6" "Falcons D/ST" "0.96-13.18" 24.6 2.03 0.96 0.8 0.04 0.22 "#2" 13.18 0.96 6.11 37.3321 5 0 357.92 5 -1 5.95
"17" "Falcons D/ST" "0.96-13.18" 24.6 2.03 0.96 0.8 0.04 0.22 "#2" 13.18 0.96 6.11 37.3321 5 0 357.92 5 -1 5.95
"11" "Falcons D/ST" "0.24-14.04" 24.31 2.26 1.12 0.48 0.02 0.24 "#23" 14.04 0.24 6.9 47.61 5 0 356.412 5 -1 5.94
"8" "Bengals D/ST" "1.67-11.77" 25.05 1.76 0.84 0.96 0.06 0.24 "#2" 11.77 1.67 5.05 25.5025 5 0 360.26 5 -1 5.92
"16" "Cowboys D/ST" "1.39-12.73" 24.58 2.08 0.94 0.68 0.02 0.26 "#2" 12.73 1.39 5.67 32.1489 5 0 357.816 5 -1 5.92
"11" "Jaguars D/ST" "-0.89-13.07" 22.59 1.8 0.96 0.62 0.04 0.14 "#9" 13.07 -0.89 6.98 48.7204 5 0 347.468 4 0 5.88
"3" "Cardinals D/ST" "3.10-11.84" 18.22 1.99 0.82 0.82 0.06 0.08 "#19" 11.84 3.1 4.37 19.0969 5 0 324.744 4 0 5.87
"1" "Bears D/ST" "1.62-11.88" 25.53 2.39 1.02 0.6 0.06 0.18 "#18" 11.88 1.62 5.13 26.3169 5 0 362.756 5 -1 5.83
"11" "Giants D/ST" "1.10-12.36" 25.74 2.23 0.78 0.84 0.02 0.22 "#2" 12.36 1.1 5.63 31.6969 5 0 363.848 5 -1 5.83
"8" "Ravens D/ST" "2.30-12.46" 18.38 2.06 1.04 0.68 0.04 0.04 "#10" 12.46 2.3 5.08 25.8064 5 0 325.576 4 0 5.82
"4" "Bears D/ST" "2.24-11.82" 23.87 2.4 0.94 0.66 0.06 0.18 "#2" 11.82 2.24 4.79 22.9441 5 0 354.124 5 -1 5.8
"5" "Giants D/ST" "1.05-11.41" 22.62 1.9 1 0.52 0 0.14 "#10" 11.41 1.05 5.18 26.8324 5 0 347.624 4 0 5.78
"4" "Ravens D/ST" "1.01-12.63" 23.96 1.94 0.8 0.88 0.02 0.24 "#9" 12.63 1.01 5.81 33.7561 5 0 354.592 5 -1 5.78
"9" "Ravens D/ST" "1.01-12.63" 23.96 1.94 0.8 0.88 0.02 0.24 "#9" 12.63 1.01 5.81 33.7561 5 0 354.592 5 -1 5.78
"8" "Vikings D/ST" "1.21-11.27" 26.14 1.98 0.88 0.86 0.04 0.2 "#7" 11.27 1.21 5.03 25.3009 5 0 365.928 5 -1 5.74
"13" "Vikings D/ST" "1.48-11.94" 24.68 1.86 0.88 0.86 0.04 0.22 "#16" 11.94 1.48 5.23 27.3529 5 0 358.336 5 -1 5.74
"14" "Saints D/ST" "1.16-12.14" 24.91 2.17 0.82 0.84 0.02 0.2 "#2" 12.14 1.16 5.49 30.1401 5 0 359.532 5 -1 5.73
"10" "Redskins D/ST" "1.03-12.49" 25.46 1.96 1.06 0.64 0.02 0.22 "#2" 12.49 1.03 5.73 32.8329 5 0 362.392 5 -1 5.72
"3" "Steelers D/ST" "1.21-12.25" 23.72 2.18 0.82 0.75 0.04 0.22 "#2" 12.25 1.21 5.52 30.4704 5 0 353.344 5 -1 5.72
"3" "Bengals D/ST" "1.44-12.68" 23.24 2.41 0.94 0.62 0 0.19 "#10" 12.68 1.44 5.62 31.5844 5 0 350.848 5 -1 5.67
"4" "Bengals D/ST" "2.20-11.20" 24.32 1.9 0.7 1.02 0.06 0.2 "#8" 11.2 2.2 4.5 20.25 5 0 356.464 5 -1 5.66
"7" "Ravens D/ST" "0.75-11.53" 26.06 2.14 0.92 0.78 0.02 0.18 "#7" 11.53 0.75 5.39 29.0521 5 0 365.512 5 -1 5.66
"5" "Vikings D/ST" "1.58-10.44" 22.29 1.94 0.98 0.6 0.04 0.08 "#13" 10.44 1.58 4.43 19.6249 5 0 345.908 4 0 5.66
"14" "Seahawks D/ST" "1.14-12.14" 24.62 2.16 1.02 0.64 0.04 0.18 "#6" 12.14 1.14 5.5 30.25 5 0 358.024 5 -1 5.64
"6" "Giants D/ST" "1.27-11.33" 26.39 1.8 0.94 0.72 0.04 0.24 "#13" 11.33 1.27 5.03 25.3009 5 0 367.228 5 -1 5.64
"12" "Giants D/ST" "1.27-11.33" 26.39 1.8 0.94 0.72 0.04 0.24 "#13" 11.33 1.27 5.03 25.3009 5 0 367.228 5 -1 5.64
"4" "Raiders D/ST" "1.95-11.23" 24.7 2.35 0.94 0.5 0.08 0.2 "#26" 11.23 1.95 4.64 21.5296 5 0 358.44 5 -1 5.59
"3" "Saints D/ST" "0.82-12.06" 26.4 2.25 0.9 0.78 0.07 0.14 "#8" 12.06 0.82 5.62 31.5844 5 0 367.28 5 -1 5.59
"4" "Titans D/ST" "0.31-12.35" 25.65 2.46 0.72 0.62 0.06 0.22 "#13" 12.35 0.31 6.02 36.2404 5 0 363.38 5 -1 5.58
"12" "Titans D/ST" "1.44-12.10" 23.59 2.26 0.96 0.7 0.02 0.16 "#21" 12.1 1.44 5.33 28.4089 5 0 352.668 5 -1 5.58
"6" "Redskins D/ST" "0.89-12.71" 23.14 2.37 1.12 0.5 0 0.16 "#10" 12.71 0.89 5.91 34.9281 5 0 350.328 5 -1 5.57
"1" "Chargers D/ST" "0.26-12.24" 25.31 2.22 1 0.54 0.02 0.2 "#1" 12.24 0.26 5.99 35.8801 5 0 361.612 5 -1 5.54
"8" "Eagles D/ST" "0.82-12.50" 24.81 2.3 0.64 0.84 0.04 0.2 "#11" 12.5 0.82 5.84 34.1056 5 0 359.012 5 -1 5.54
"12" "Seahawks D/ST" "0.40-12.88" 23.74 2.1 0.84 0.58 0.02 0.26 "#10" 12.88 0.4 6.24 38.9376 5 0 353.448 5 -1 5.54
"6" "Steelers D/ST" "1.40-11.86" 24.6 2.54 0.98 0.64 0.02 0.12 "#5" 11.86 1.4 5.23 27.3529 5 0 357.92 5 -1 5.54
"17" "Steelers D/ST" "1.40-11.86" 24.6 2.54 0.98 0.64 0.02 0.12 "#5" 11.86 1.4 5.23 27.3529 5 0 357.92 5 -1 5.54
"11" "Texans D/ST" "0.76-12.88" 23.58 2.52 0.7 0.68 0.02 0.2 "#15" 12.88 0.76 6.06 36.7236 5 0 352.616 5 -1 5.52
"14" "Chiefs D/ST" "0.30-12.88" 24.15 2.32 0.88 0.46 0.02 0.24 "#14" 12.88 0.3 6.29 39.5641 5 0 355.58 5 -1 5.48
"2" "Patriots D/ST" "0.58-13.82" 26.82 2.71 0.99 0.65 0.08 0.22 "#11" 13.82 0.58 6.62 43.8244 6 -1 369.464 5 -1 5.47
"7" "Bills D/ST" "1.07-12.13" 24.21 2.38 0.96 0.72 0 0.12 "#17" 12.13 1.07 5.53 30.5809 5 0 355.892 5 -1 5.46
"13" "49ers D/ST" "0.23-12.25" 26.03 2.16 0.6 0.74 0.02 0.26 "#27" 12.25 0.23 6.01 36.1201 5 0 365.356 5 -1 5.44
"15" "49ers D/ST" "0.23-12.25" 26.03 2.16 0.6 0.74 0.02 0.26 "#27" 12.25 0.23 6.01 36.1201 5 0 365.356 5 -1 5.44
"5" "Eagles D/ST" "1.58-10.84" 24.83 1.94 0.84 0.68 0.06 0.22 "#6" 10.84 1.58 4.63 21.4369 5 0 359.116 5 -1 5.42
"1" "Falcons D/ST" "1.16-11.08" 26.37 2.22 0.78 0.7 0.08 0.18 "#13" 11.08 1.16 4.96 24.6016 5 0 367.124 5 -1 5.42
"16" "Ravens D/ST" "0.80-12.10" 24.03 1.84 0.82 0.84 0.02 0.2 "#3" 12.1 0.8 5.65 31.9225 5 0 354.956 5 -1 5.4
"16" "Panthers D/ST" "1.33-11.99" 23.81 2.26 0.9 0.62 0.06 0.16 "#8" 11.99 1.33 5.33 28.4089 5 0 353.812 5 -1 5.38
"5" "Bills D/ST" "0.82-12.84" 23.26 2.08 1 0.64 0.02 0.16 "#28" 12.84 0.82 6.01 36.1201 5 0 350.952 5 -1 5.36
"7" "Eagles D/ST" "1.49-11.53" 24.88 2.04 0.78 0.74 0.04 0.2 "#10" 11.53 1.49 5.02 25.2004 5 0 359.376 5 -1 5.36
"14" "Ravens D/ST" "0.56-10.98" 26.32 2.04 0.86 0.74 0.02 0.18 "#1" 10.98 0.56 5.21 27.1441 5 0 366.864 5 -1 5.36
"8" "Colts D/ST" "0.43-12.29" 24.35 2.28 0.86 0.5 0.02 0.22 "#20" 12.29 0.43 5.93 35.1649 5 0 356.62 5 -1 5.36
"10" "Patriots D/ST" "0.84-11.90" 24.45 2.36 1 0.58 0.06 0.12 "#28" 11.9 0.84 5.53 30.5809 5 0 357.14 5 -1 5.36
"9" "49ers D/ST" "0.40-13.16" 23.48 2.22 0.6 0.74 0 0.24 "#20" 13.16 0.4 6.38 40.7044 5 0 352.096 5 -1 5.34
"6" "Broncos D/ST" "0.84-12.38" 24.22 2.22 0.74 0.68 0.04 0.2 "#4" 12.38 0.84 5.77 33.2929 5 0 355.944 5 -1 5.34
"1" "Broncos D/ST" "0.45-12.99" 23.43 1.95 0.9 0.66 0.02 0.2 "#27" 12.99 0.45 6.27 39.3129 5 0 351.836 5 -1 5.31
"3" "Buccaneers D/ST" "-0.51-13.39" 30.28 2.73 0.82 0.96 0 0.17 "#9" 13.39 -0.51 6.95 48.3025 6 -1 387.456 5 -1 5.31
"6" "Colts D/ST" "0.07-12.53" 23.89 2.18 0.94 0.58 0 0.18 "#22" 12.53 0.07 6.23 38.8129 5 0 354.228 5 -1 5.3
"3" "Falcons D/ST" "-0.66-14.26" 28.17 2.32 1.07 0.79 0 0.21 "#7" 14.26 -0.66 7.46 55.6516 6 -1 376.484 5 -1 5.3
"3" "Titans D/ST" "0.74-11.98" 23.94 2.22 0.67 0.63 0.02 0.24 "#11" 11.98 0.74 5.62 31.5844 5 0 354.488 5 -1 5.3
"15" "Buccaneers D/ST" "0.92-11.88" 24.51 2.3 0.94 0.5 0 0.18 "#14" 11.88 0.92 5.48 30.0304 5 0 357.452 5 -1 5.26
"7" "Giants D/ST" "1.08-10.82" 26.31 2.1 0.86 0.7 0.04 0.16 "#8" 10.82 1.08 4.87 23.7169 5 0 366.812 5 -1 5.26
"8" "Buccaneers D/ST" "0.28-12.18" 24.06 2.18 0.9 0.56 0.02 0.18 "#5" 12.18 0.28 5.95 35.4025 5 0 355.112 5 -1 5.22
"12" "Buccaneers D/ST" "0.30-12.38" 24.56 2.14 0.88 0.56 0 0.2 "#25" 12.38 0.3 6.04 36.4816 5 0 357.712 5 -1 5.22
"14" "Titans D/ST" "0.74-11.78" 23.94 2.18 0.66 0.62 0.02 0.24 "#11" 11.78 0.74 5.52 30.4704 5 0 354.488 5 -1 5.22
"16" "Titans D/ST" "1.56-11.20" 23.87 2.06 0.68 0.56 0 0.28 "#15" 11.2 1.56 4.82 23.2324 5 0 354.124 5 -1 5.22
"13" "Chiefs D/ST" "0.12-12.10" 25.09 2.3 0.88 0.54 0.06 0.16 "#20" 12.1 0.12 5.99 35.8801 5 0 360.468 5 -1 5.22
"17" "Chiefs D/ST" "0.12-12.10" 25.09 2.3 0.88 0.54 0.06 0.16 "#20" 12.1 0.12 5.99 35.8801 5 0 360.468 5 -1 5.22
"14" "Falcons D/ST" "0.67-12.09" 24.65 2.01 1.1 0.4 0.06 0.18 "#18" 12.09 0.67 5.71 32.6041 5 0 358.18 5 -1 5.21
"1" "Dolphins D/ST" "1.97-10.99" 23.48 2.2 0.8 0.72 0.06 0.14 "#28" 10.99 1.97 4.51 20.3401 5 0 352.096 5 -1 5.2
"7" "Bengals D/ST" "-0.34-12.14" 26.46 1.86 0.64 0.76 0.04 0.24 "#1" 12.14 -0.34 6.24 38.9376 5 0 367.592 5 -1 5.18
"7" "Chiefs D/ST" "0.05-12.17" 24.83 2.3 0.86 0.46 0.02 0.2 "#5" 12.17 0.05 6.06 36.7236 5 0 359.116 5 -1 5.18
"11" "Colts D/ST" "1.01-11.73" 23.02 1.98 0.98 0.5 0 0.2 "#28" 11.73 1.01 5.36 28.7296 5 0 349.704 5 -1 5.14
"17" "Colts D/ST" "1.01-11.73" 23.02 1.98 0.98 0.5 0 0.2 "#28" 11.73 1.01 5.36 28.7296 5 0 349.704 5 -1 5.14
"13" "Saints D/ST" "1.39-11.55" 23.5 2.46 0.98 0.44 0 0.14 "#23" 11.55 1.39 5.08 25.8064 5 0 352.2 5 -1 5.14
"11" "Eagles D/ST" "0.39-11.17" 26.11 2.02 0.84 0.64 0.02 0.18 "#7" 11.17 0.39 5.39 29.0521 5 0 365.772 5 -1 5.1
"6" "Packers D/ST" "1.22-11.58" 23.49 2.5 0.68 0.62 0.02 0.16 "#25" 11.58 1.22 5.18 26.8324 5 0 352.148 5 -1 5.1
"16" "Packers D/ST" "0.57-12.13" 23.38 2.32 0.44 0.68 0.04 0.24 "#22" 12.13 0.57 5.78 33.4084 5 0 351.576 5 -1 5.08
"2" "Steelers D/ST" "1.26-10.46" 26.26 2.06 0.92 0.48 0 0.2 "#1" 10.46 1.26 4.6 21.16 5 0 366.552 5 -1 5.06
"6" "Bengals D/ST" "0.39-11.13" 25.85 1.6 0.56 0.8 0.08 0.26 "#9" 11.13 0.39 5.37 28.8369 5 0 364.42 5 -1 5.04
"17" "Bengals D/ST" "0.39-11.13" 25.85 1.6 0.56 0.8 0.08 0.26 "#9" 11.13 0.39 5.37 28.8369 5 0 364.42 5 -1 5.04
"3" "Chargers D/ST" "-0.70-12.16" 29.72 2.46 1.07 0.59 0.03 0.2 "#4" 12.16 -0.7 6.43 41.3449 6 -1 384.544 5 -1 5.04
"15" "Eagles D/ST" "1.18-10.98" 24.55 2 0.8 0.76 0.04 0.14 "#4" 10.98 1.18 4.9 24.01 5 0 357.66 5 -1 5.04
"10" "Bengals D/ST" "-0.11-11.99" 25.74 1.82 0.6 0.8 0.04 0.22 "#7" 11.99 -0.11 6.05 36.6025 5 0 363.848 5 -1 5.02
"6" "49ers D/ST" "0.34-11.72" 25.74 2.12 0.62 0.68 0.04 0.2 "#18" 11.72 0.34 5.69 32.3761 5 0 363.848 5 -1 5
"1" "Chiefs D/ST" "0.07-10.91" 25.49 1.76 0.84 0.7 0.04 0.18 "#3" 10.91 0.07 5.42 29.3764 5 0 362.548 5 -1 5
"16" "Falcons D/ST" "0.36-11.24" 25.53 2 0.88 0.5 0.02 0.2 "#10" 11.24 0.36 5.44 29.5936 5 0 362.756 5 -1 5
"4" "Vikings D/ST" "0.82-10.60" 25.23 1.88 0.94 0.7 0.04 0.12 "#4" 10.6 0.82 4.89 23.9121 5 0 361.196 5 -1 4.96
"11" "Lions D/ST" "0.42-11.52" 24.3 1.9 1 0.48 0 0.18 "#10" 11.52 0.42 5.55 30.8025 5 0 356.36 5 -1 4.94
"15" "Cardinals D/ST" "0.98-10.32" 26.03 1.52 0.96 0.62 0.02 0.2 "#8" 10.32 0.98 4.67 21.8089 5 0 365.356 5 -1 4.92
"11" "Bears D/ST" "1.59-10.09" 24.9 1.73 0.78 0.74 0.08 0.16 "#6" 10.09 1.59 4.25 18.0625 5 0 359.48 5 -1 4.89
"17" "Bears D/ST" "1.59-10.09" 24.9 1.73 0.78 0.74 0.08 0.16 "#6" 10.09 1.59 4.25 18.0625 5 0 359.48 5 -1 4.89
"5" "Jaguars D/ST" "-0.09-10.81" 25.22 2.04 0.82 0.64 0.04 0.14 "#1" 10.81 -0.09 5.45 29.7025 5 0 361.144 5 -1 4.88
"9" "Raiders D/ST" "0.51-10.91" 25.17 2.18 0.88 0.4 0.02 0.18 "#25" 10.91 0.51 5.2 27.04 5 0 360.884 5 -1 4.86
"1" "Giants D/ST" "-0.32-12.30" 24.41 1.98 0.82 0.52 0 0.2 "#11" 12.3 -0.32 6.31 39.8161 5 0 356.932 5 -1 4.86
"4" "Steelers D/ST" "0.76-11.80" 23.43 2.48 0.94 0.5 0 0.08 "#14" 11.8 0.76 5.52 30.4704 5 0 351.836 5 -1 4.84
"9" "Steelers D/ST" "0.76-11.80" 23.43 2.48 0.94 0.5 0 0.08 "#14" 11.8 0.76 5.52 30.4704 5 0 351.836 5 -1 4.84
"3" "Colts D/ST" "-0.33-12.61" 29.87 2.54 0.79 0.87 0.03 0.15 "#13" 12.61 -0.33 6.47 41.8609 6 -1 385.324 5 -1 4.82
"8" "Raiders D/ST" "0.14-10.54" 26.49 1.84 0.86 0.48 0.04 0.2 "#17" 10.54 0.14 5.2 27.04 5 0 367.748 5 -1 4.8
"10" "Steelers D/ST" "1.00-10.36" 25.67 1.88 0.64 0.56 0.04 0.24 "#10" 10.36 1 4.68 21.9024 5 0 363.484 5 -1 4.8
"6" "Bills D/ST" "0.92-10.34" 25.72 2.06 0.84 0.72 0 0.1 "#21" 10.34 0.92 4.71 22.1841 5 0 363.744 5 -1 4.78
"15" "Redskins D/ST" "0.67-10.71" 24.46 2.29 0.9 0.38 0.02 0.14 "#11" 10.71 0.67 5.02 25.2004 5 0 357.192 5 -1 4.73
"1" "Eagles D/ST" "0.95-10.81" 23.21 1.66 0.76 0.82 0.02 0.14 "#8" 10.81 0.95 4.93 24.3049 5 0 350.692 5 -1 4.7
"1" "Panthers D/ST" "-0.19-12.55" 23.37 1.9 0.86 0.58 0.04 0.14 "#23" 12.55 -0.19 6.37 40.5769 5 0 351.524 5 -1 4.7
"14" "Bengals D/ST" "0.38-10.34" 26.3 1.72 0.52 0.78 0.08 0.2 "#3" 10.34 0.38 4.98 24.8004 5 0 366.76 5 -1 4.68
"2" "Panthers D/ST" "0.57-10.59" 25.48 2 0.7 0.74 0.04 0.12 "#8" 10.59 0.57 5.01 25.1001 5 0 362.496 5 -1 4.68
"3" "49ers D/ST" "-0.92-12.08" 31.2 2.65 0.82 0.92 0 0.09 "#1" 12.08 -0.92 6.5 42.25 6 -1 392.24 5 -1 4.67
"15" "Saints D/ST" "0.59-9.91" 26.1 2.14 0.7 0.56 0 0.16 "#10" 9.91 0.59 4.66 21.7156 5 0 365.72 5 -1 4.62
"17" "Saints D/ST" "0.59-9.91" 26.1 2.14 0.7 0.56 0 0.16 "#10" 9.91 0.59 4.66 21.7156 5 0 365.72 5 -1 4.62
"5" "Texans D/ST" "-0.61-10.75" 26.46 1.96 0.74 0.54 0 0.18 "#23" 10.75 -0.61 5.68 32.2624 5 0 367.592 5 -1 4.6
"2" "Jaguars D/ST" "0.15-11.33" 27.61 2.02 1 0.7 0.04 0.18 "#16" 11.33 0.15 5.59 31.2481 6 -1 373.572 5 -1 4.58
"12" "Saints D/ST" "0.61-10.09" 26.4 1.9 0.76 0.66 0.06 0.12 "#8" 10.09 0.61 4.74 22.4676 5 0 367.28 5 -1 4.58
"10" "Buccaneers D/ST" "-0.55-11.51" 24.59 2.12 0.7 0.52 0.02 0.16 "#15" 11.51 -0.55 6.03 36.3609 5 0 357.868 5 -1 4.56
"9" "Redskins D/ST" "0.82-10.16" 25.22 2 0.92 0.48 0.02 0.12 "#8" 10.16 0.82 4.67 21.8089 5 0 361.144 5 -1 4.56
"6" "Cowboys D/ST" "-0.31-12.49" 26.93 2.02 0.88 0.58 0.02 0.26 "#11" 12.49 -0.31 6.4 40.96 6 -1 370.036 5 -1 4.54
"7" "Bears D/ST" "-0.02-10.08" 26.45 2.14 0.66 0.52 0.02 0.16 "#16" 10.08 -0.02 5.05 25.5025 5 0 367.54 5 -1 4.5
"11" "Packers D/ST" "0.25-9.95" 25.91 2.02 0.58 0.6 0.02 0.18 "#27" 9.95 0.25 4.85 23.5225 5 0 364.732 5 -1 4.5
"15" "Raiders D/ST" "0.66-10.68" 23.98 1.96 0.88 0.44 0.02 0.14 "#5" 10.68 0.66 5.01 25.1001 5 0 354.696 5 -1 4.48
"10" "Browns D/ST" "-0.78-10.98" 25.73 1.82 0.64 0.62 0.02 0.18 "#8" 10.98 -0.78 5.88 34.5744 5 0 363.796 5 -1 4.46
"16" "Chiefs D/ST" "-0.16-10.26" 25.43 2.26 0.72 0.4 0.04 0.14 "#27" 10.26 -0.16 5.21 27.1441 5 0 362.236 5 -1 4.42
"13" "Redskins D/ST" "0.89-10.67" 23.76 2.34 0.78 0.4 0 0.12 "#13" 10.67 0.89 4.89 23.9121 5 0 353.552 5 -1 4.42
"17" "Redskins D/ST" "0.89-10.67" 23.76 2.34 0.78 0.4 0 0.12 "#13" 10.67 0.89 4.89 23.9121 5 0 353.552 5 -1 4.42
"4" "Colts D/ST" "-0.15-10.13" 26.29 1.92 0.84 0.34 0 0.18 "#21" 10.13 -0.15 5.14 26.4196 5 0 366.708 5 -1 4.36
"14" "Colts D/ST" "-0.15-10.13" 26.29 1.92 0.84 0.34 0 0.18 "#21" 10.13 -0.15 5.14 26.4196 5 0 366.708 5 -1 4.36
"10" "Panthers D/ST" "-0.18-10.18" 25.58 1.98 0.8 0.44 0.02 0.14 "#9" 10.18 -0.18 5.18 26.8324 5 0 363.016 5 -1 4.34
"10" "Cardinals D/ST" "-0.81-11.33" 28.78 1.48 1 0.6 0.04 0.26 "#1" 11.33 -0.81 6.07 36.8449 6 -1 379.656 5 -1 4.32
"7" "Panthers D/ST" "1.28-9.50" 24.07 1.9 0.9 0.48 0.02 0.1 "#13" 9.5 1.28 4.11 16.8921 5 0 355.164 5 -1 4.3
"6" "Raiders D/ST" "-0.09-9.97" 25.68 1.66 0.7 0.62 0.02 0.16 "#27" 9.97 -0.09 5.03 25.3009 5 0 363.536 5 -1 4.3
"16" "Cardinals D/ST" "-0.92-11.64" 28.77 1.6 0.88 0.68 0 0.26 "#4" 11.64 -0.92 6.28 39.4384 6 -1 379.604 5 -1 4.28
"5" "Steelers D/ST" "-0.21-9.89" 26.01 1.94 0.74 0.4 0.04 0.16 "#8" 9.89 -0.21 5.05 25.5025 5 0 365.252 5 -1 4.26
"4" "Broncos D/ST" "0.17-11.73" 26.62 2.16 0.76 0.58 0.04 0.22 "#1" 11.73 0.17 5.78 33.4084 6 -1 368.424 5 -1 4.24
"8" "Broncos D/ST" "0.17-11.73" 26.62 2.16 0.76 0.58 0.04 0.22 "#1" 11.73 0.17 5.78 33.4084 6 -1 368.424 5 -1 4.24
"4" "Dolphins D/ST" "0.31-9.73" 26.25 1.46 0.82 0.54 0.04 0.16 "#16" 9.73 0.31 4.71 22.1841 5 0 366.5 5 -1 4.22
"14" "Dolphins D/ST" "0.31-9.73" 26.25 1.46 0.82 0.54 0.04 0.16 "#16" 9.73 0.31 4.71 22.1841 5 0 366.5 5 -1 4.22
"5" "Falcons D/ST" "-0.86-11.96" 28.68 2.04 0.96 0.52 0 0.2 "#9" 11.96 -0.86 6.41 41.0881 6 -1 379.136 5 -1 4.2
"12" "49ers D/ST" "0.42-10.18" 28.24 1.6 0.86 0.46 0.08 0.3 "#2" 10.18 0.42 4.88 23.8144 6 -1 376.848 5 -1 4.2
"2" "Giants D/ST" "0.36-9.62" 25.4 2.1 0.78 0.4 0 0.12 "#23" 9.62 0.36 4.63 21.4369 5 0 362.08 5 -1 4.18
"12" "Raiders D/ST" "-0.02-11.34" 26.92 2.22 0.9 0.38 0.04 0.22 "#14" 11.34 -0.02 5.68 32.2624 6 -1 369.984 5 -1 4.18
"16" "Saints D/ST" "0.24-10.64" 28.59 2.16 0.9 0.5 0.04 0.18 "#9" 10.64 0.24 5.2 27.04 6 -1 378.668 5 -1 4.12
"2" "49ers D/ST" "0.12-8.82" 26.26 1.75 0.78 0.6 0 0.1 "#30" 8.82 0.12 4.35 18.9225 5 0 366.552 5 -1 4.11
"4" "Jets D/ST" "1.22-8.34" 24.8 1.76 0.66 0.64 0 0.12 "#11" 8.34 1.22 3.56 12.6736 5 0 358.96 5 -1 4.08
"12" "Broncos D/ST" "0.24-10.40" 27.11 1.9 0.8 0.56 0.06 0.22 "#9" 10.4 0.24 5.08 25.8064 6 -1 370.972 5 -1 4.06
"15" "Dolphins D/ST" "-0.13-9.65" 26.3 1.48 0.9 0.5 0.02 0.12 "#6" 9.65 -0.13 4.89 23.9121 5 0 366.76 5 -1 4.04
"15" "Rams D/ST" "0.12-9.92" 25.11 1.88 0.88 0.52 0 0.06 "#13" 9.92 0.12 4.9 24.01 5 0 360.572 5 -1 4.04
"1" "Colts D/ST" "-0.42-9.68" 26.32 1.78 0.86 0.42 0.04 0.1 "#5" 9.68 -0.42 5.05 25.5025 5 0 366.864 5 -1 4.02
"3" "Lions D/ST" "-0.68-11.68" 27.95 1.78 0.93 0.77 0.03 0.13 "#16" 11.68 -0.68 6.18 38.1924 6 -1 375.34 5 -1 4.02
"9" "Seahawks D/ST" "-0.68-9.70" 26.33 1.88 0.84 0.52 0.02 0.06 "#3" 9.7 -0.68 5.19 26.9361 5 0 366.916 5 -1 4
"7" "Browns D/ST" "0.15-9.43" 25.7 1.72 0.62 0.64 0 0.12 "#2" 9.43 0.15 4.64 21.5296 5 0 363.64 5 -1 3.96
"2" "Packers D/ST" "0.43-10.53" 27.56 1.8 0.72 0.7 0.06 0.2 "#6" 10.53 0.43 5.05 25.5025 6 -1 373.312 5 -1 3.96
"11" "Steelers D/ST" "0.33-9.65" 26.09 1.8 0.7 0.38 0.02 0.16 "#11" 9.65 0.33 4.66 21.7156 5 0 365.668 5 -1 3.96
"11" "Broncos D/ST" "0.19-9.93" 27.48 1.83 0.84 0.58 0.04 0.2 "#3" 9.93 0.19 4.87 23.7169 6 -1 372.896 5 -1 3.95
"17" "Broncos D/ST" "0.19-9.93" 27.48 1.83 0.84 0.58 0.04 0.2 "#3" 9.93 0.19 4.87 23.7169 6 -1 372.896 5 -1 3.95
"9" "Rams D/ST" "-0.06-9.56" 26.03 1.59 0.92 0.28 0 0.16 "#7" 9.56 -0.06 4.81 23.1361 5 0 365.356 5 -1 3.95
"14" "Bears D/ST" "0.07-9.21" 25.69 2 0.58 0.51 0.02 0.12 "#4" 9.21 0.07 4.57 20.8849 5 0 363.588 5 -1 3.94
"4" "49ers D/ST" "0.10-9.46" 29.97 1.8 0.74 0.58 0.08 0.22 "#3" 9.46 0.1 4.68 21.9024 6 -1 385.844 5 -1 3.92
"2" "Bills D/ST" "0.65-9.45" 27.63 1.88 0.88 0.54 0.04 0.18 "#3" 9.45 0.65 4.4 19.36 6 -1 373.676 5 -1 3.88
"15" "Patriots D/ST" "-1.24-11.50" 27.43 1.58 0.9 0.68 0 0.18 "#9" 11.5 -1.24 6.37 40.5769 6 -1 372.636 5 -1 3.82
"11" "Saints D/ST" "0.93-10.07" 26.62 2.02 0.84 0.54 0.04 0.16 "#13" 10.07 0.93 4.57 20.8849 6 -1 368.424 5 -1 3.82
"16" "Dolphins D/ST" "0.96-8.88" 23.94 1.92 0.66 0.46 0.02 0.1 "#11" 8.88 0.96 3.96 15.6816 5 0 354.488 5 -1 3.8
"5" "Redskins D/ST" "0.17-10.11" 28.12 1.82 0.9 0.36 0 0.24 "#7" 10.11 0.17 4.97 24.7009 6 -1 376.224 5 -1 3.78
"2" "Buccaneers D/ST" "-0.10-10.24" 27.35 1.98 0.72 0.64 0.04 0.16 "#13" 10.24 -0.1 5.17 26.7289 6 -1 372.22 5 -1 3.74
"12" "Falcons D/ST" "-0.69-11.03" 28.17 1.82 0.84 0.62 0 0.16 "#7" 11.03 -0.69 5.86 34.3396 6 -1 376.484 5 -1 3.7
"3" "Bills D/ST" "-0.91-11.17" 27.26 1.98 0.72 0.79 0.04 0.1 "#6" 11.17 -0.91 6.04 36.4816 6 -1 371.752 5 -1 3.68
"11" "Cowboys D/ST" "-0.07-10.11" 27.99 1.98 0.76 0.58 0.02 0.16 "#8" 10.11 -0.07 5.09 25.9081 6 -1 375.548 5 -1 3.66
"4" "Rams D/ST" "-1.53-9.57" 26.24 1.8 0.64 0.38 0 0.12 "#6" 9.57 -1.53 5.55 30.8025 5 0 366.448 5 -1 3.56
"14" "Packers D/ST" "-0.07-8.73" 29.41 1.72 0.76 0.58 0.04 0.18 "#8" 8.73 -0.07 4.4 19.36 6 -1 382.932 5 -1 3.56
"12" "Packers D/ST" "-0.38-9.02" 30.55 1.9 0.7 0.56 0.08 0.16 "#6" 9.02 -0.38 4.7 22.09 6 -1 388.86 5 -1 3.54
"9" "Saints D/ST" "0.12-9.56" 27.88 1.86 0.76 0.54 0.06 0.16 "#4" 9.56 0.12 4.72 22.2784 6 -1 374.976 5 -1 3.54
"7" "49ers D/ST" "-0.95-9.61" 30.47 2.06 0.72 0.56 0.02 0.14 "#4" 9.61 -0.95 5.28 27.8784 6 -1 388.444 5 -1 3.5
"17" "49ers D/ST" "-0.95-9.61" 30.47 2.06 0.72 0.56 0.02 0.14 "#4" 9.61 -0.95 5.28 27.8784 6 -1 388.444 5 -1 3.5
"13" "Steelers D/ST" "0.19-9.33" 27.4 1.84 0.9 0.62 0 0.1 "#3" 9.33 0.19 4.57 20.8849 6 -1 372.48 5 -1 3.48
"8" "Packers D/ST" "-1.74-9.70" 31.47 1.92 0.76 0.48 0.06 0.16 "#4" 9.7 -1.74 5.72 32.7184 6 -1 393.644 5 -1 3.48
"6" "Cardinals D/ST" "-0.45-9.37" 29.25 1.42 0.76 0.62 0.1 0.18 "#6" 9.37 -0.45 4.91 24.1081 6 -1 382.1 5 -1 3.46
"12" "Cardinals D/ST" "-1.04-9.40" 30.37 1.46 0.76 0.64 0.06 0.18 "#3" 9.4 -1.04 5.22 27.2484 6 -1 387.924 5 -1 3.46
"8" "Saints D/ST" "0.46-8.88" 28.44 2 0.62 0.66 0.08 0.12 "#6" 8.88 0.46 4.21 17.7241 6 -1 377.888 5 -1 3.44
"7" "Texans D/ST" "-1.25-10.17" 28.78 2.02 0.66 0.5 0.02 0.16 "#11" 10.17 -1.25 5.71 32.6041 6 -1 379.656 5 -1 3.34
"17" "Texans D/ST" "-1.25-10.17" 28.78 2.02 0.66 0.5 0.02 0.16 "#11" 10.17 -1.25 5.71 32.6041 6 -1 379.656 5 -1 3.34
"8" "Bills D/ST" "-1.51-9.75" 30.71 1.56 0.78 0.62 0 0.16 "#16" 9.75 -1.51 5.63 31.6969 6 -1 389.692 5 -1 3.32
"16" "Bills D/ST" "-1.51-9.75" 30.71 1.56 0.78 0.62 0 0.16 "#16" 9.75 -1.51 5.63 31.6969 6 -1 389.692 5 -1 3.32
"13" "Cowboys D/ST" "-0.80-10.94" 26.85 1.8 0.78 0.66 0.02 0.1 "#7" 10.94 -0.8 5.87 34.4569 6 -1 369.62 5 -1 3.32
"1" "Texans D/ST" "-1.11-9.47" 29.36 2.11 0.62 0.59 0.07 0.1 "#16" 9.47 -1.11 5.29 27.9841 6 -1 382.672 5 -1 3.27
"9" "Packers D/ST" "-1.36-9.04" 31.75 1.82 0.54 0.54 0.04 0.2 "#16" 9.04 -1.36 5.2 27.04 6 -1 395.1 5 -1 3.26
"11" "Chiefs D/ST" "-1.34-8.38" 32.47 1.8 0.56 0.6 0 0.18 "#4" 8.38 -1.34 4.86 23.6196 6 -1 398.844 5 -1 3.2
"15" "Chiefs D/ST" "-1.68-8.88" 31.77 1.26 0.64 0.7 0.02 0.2 "#3" 8.88 -1.68 5.28 27.8784 6 -1 395.204 5 -1 3.18
"6" "Patriots D/ST" "-2.40-10.02" 30.46 1.62 0.68 0.6 0.02 0.16 "#1" 10.02 -2.4 6.21 38.5641 6 -1 388.392 5 -1 3.18
"16" "Texans D/ST" "-0.47-8.99" 29.05 1.78 0.58 0.62 0.02 0.16 "#13" 8.99 -0.47 4.73 22.3729 6 -1 381.06 5 -1 3.18
"7" "Titans D/ST" "-0.79-9.41" 28.28 1.98 0.54 0.58 0 0.16 "#3" 9.41 -0.79 5.1 26.01 6 -1 377.056 5 -1 3.18
"12" "Jets D/ST" "0.32-8.28" 28.18 1.4 0.74 0.74 0.04 0.12 "#16" 8.28 0.32 3.98 15.8404 6 -1 376.536 5 -1 3.16
"17" "Jets D/ST" "0.32-8.28" 28.18 1.4 0.74 0.74 0.04 0.12 "#16" 8.28 0.32 3.98 15.8404 6 -1 376.536 5 -1 3.16
"15" "Steelers D/ST" "-0.09-8.87" 28.31 1.94 0.86 0.48 0.02 0.08 "#16" 8.87 -0.09 4.48 20.0704 6 -1 377.212 5 -1 3.14
"4" "Giants D/ST" "-0.27-9.65" 27.33 1.76 0.68 0.62 0 0.12 "#7" 9.65 -0.27 4.96 24.6016 6 -1 372.116 5 -1 3.08
"13" "Chargers D/ST" "-0.46-8.54" 27.9 1.9 0.8 0.48 0 0.1 "#9" 8.54 -0.46 4.5 20.25 6 -1 375.08 5 -1 3.06
"11" "Rams D/ST" "-0.02-9.46" 26.58 1.61 0.94 0.3 0 0.16 "#1" 9.46 -0.02 4.74 22.4676 6 -1 368.216 5 -1 3.05
"5" "Chiefs D/ST" "-0.35-8.91" 27.48 2.24 0.54 0.64 0.04 0.06 "#11" 8.91 -0.35 4.63 21.4369 6 -1 372.896 5 -1 3.04
"2" "Colts D/ST" "-0.31-8.83" 27.83 1.56 0.82 0.62 0 0.1 "#15" 8.83 -0.31 4.57 20.8849 6 -1 374.716 5 -1 3.04
"12" "Bills D/ST" "-0.59-10.13" 26.95 1.64 0.7 0.4 0.02 0.18 "#11" 10.13 -0.59 5.36 28.7296 6 -1 370.14 5 -1 2.96
"2" "Chiefs D/ST" "-1.05-8.65" 29.79 1.4 0.82 0.62 0.04 0.1 "#9" 8.65 -1.05 4.85 23.5225 6 -1 384.908 5 -1 2.96
"6" "Chiefs D/ST" "-1.55-7.85" 32.38 1.38 0.64 0.64 0 0.16 "#16" 7.85 -1.55 4.7 22.09 6 -1 398.376 5 -1 2.9
"9" "Lions D/ST" "-0.79-9.09" 27.56 1.7 0.62 0.72 0.02 0.08 "#6" 9.09 -0.79 4.94 24.4036 6 -1 373.312 5 -1 2.9
"16" "Lions D/ST" "-0.79-9.09" 27.56 1.7 0.62 0.72 0.02 0.08 "#6" 9.09 -0.79 4.94 24.4036 6 -1 373.312 5 -1 2.9
"16" "Steelers D/ST" "-0.34-8.84" 28.12 1.8 0.9 0.44 0.02 0.06 "#7" 8.84 -0.34 4.59 21.0681 6 -1 376.224 5 -1 2.88
"8" "Browns D/ST" "-0.95-9.05" 28.11 2.04 0.54 0.44 0 0.14 "#9" 9.05 -0.95 5 25 6 -1 376.172 5 -1 2.84
"1" "49ers D/ST" "-0.12-8.04" 28.39 1.66 0.64 0.68 0.02 0.08 "#6" 8.04 -0.12 4.08 16.6464 6 -1 377.628 5 -1 2.82
"9" "Buccaneers D/ST" "0.05-8.95" 27.75 1.74 0.72 0.58 0 0.08 "#10" 8.95 0.05 4.45 19.8025 6 -1 374.3 5 -1 2.82
"13" "Buccaneers D/ST" "0.05-8.95" 27.75 1.74 0.72 0.58 0 0.08 "#10" 8.95 0.05 4.45 19.8025 6 -1 374.3 5 -1 2.82
"15" "Chargers D/ST" "-0.50-7.60" 29.52 1.6 0.88 0.42 0 0.1 "#1" 7.6 -0.5 4.05 16.4025 6 -1 383.504 5 -1 2.8
"13" "Lions D/ST" "-0.40-8.56" 28.18 1.66 0.58 0.66 0.02 0.1 "#4" 8.56 -0.4 4.48 20.0704 6 -1 376.536 5 -1 2.78
"6" "Buccaneers D/ST" "-0.82-8.68" 29.88 1.72 0.64 0.58 0 0.1 "#8" 8.68 -0.82 4.75 22.5625 6 -1 385.376 5 -1 2.76
"17" "Buccaneers D/ST" "-0.82-8.68" 29.88 1.72 0.64 0.58 0 0.1 "#8" 8.68 -0.82 4.75 22.5625 6 -1 385.376 5 -1 2.76
"6" "Browns D/ST" "-0.38-8.50" 27.67 2.08 0.54 0.42 0 0.12 "#3" 8.5 -0.38 4.44 19.7136 6 -1 373.884 5 -1 2.72
"10" "Colts D/ST" "-0.83-7.95" 30.9 1.62 0.54 0.64 0 0.12 "#11" 7.95 -0.83 4.39 19.2721 6 -1 390.68 5 -1 2.7
"13" "Colts D/ST" "-0.83-7.95" 30.9 1.62 0.54 0.64 0 0.12 "#11" 7.95 -0.83 4.39 19.2721 6 -1 390.68 5 -1 2.7
"1" "Buccaneers D/ST" "-1.98-8.48" 31.37 1.42 0.62 0.54 0.02 0.14 "#7" 8.48 -1.98 5.23 27.3529 6 -1 393.124 5 -1 2.62
"14" "Raiders D/ST" "-1.60-8.32" 30.37 1.6 0.66 0.64 0.02 0.06 "#9" 8.32 -1.6 4.96 24.6016 6 -1 387.924 5 -1 2.6
"9" "Browns D/ST" "-1.18-8.36" 28.35 1.98 0.46 0.54 0 0.1 "#1" 8.36 -1.18 4.77 22.7529 6 -1 377.42 5 -1 2.58
"13" "Patriots D/ST" "-1.49-7.89" 30.9 1.5 0.58 0.6 0 0.12 "#6" 7.89 -1.49 4.69 21.9961 6 -1 390.68 5 -1 2.58
"16" "Buccaneers D/ST" "-0.91-8.67" 27.14 1.8 0.76 0.48 0.02 0.04 "#23" 8.67 -0.91 4.79 22.9441 6 -1 371.128 5 -1 2.56
"15" "Colts D/ST" "-0.82-7.78" 28.57 1.9 0.64 0.44 0.02 0.06 "#23" 7.78 -0.82 4.3 18.49 6 -1 378.564 5 -1 2.46
"7" "Jets D/ST" "-0.23-7.83" 28.05 1.38 0.68 0.6 0.08 0.06 "#6" 7.83 -0.23 4.03 16.2409 6 -1 375.86 5 -1 2.46
"5" "Raiders D/ST" "-1.75-7.59" 31.7 1.54 0.62 0.64 0.02 0.06 "#3" 7.59 -1.75 4.67 21.8089 6 -1 394.84 5 -1 2.46
"10" "Raiders D/ST" "-1.75-7.59" 31.7 1.54 0.62 0.64 0.02 0.06 "#3" 7.59 -1.75 4.67 21.8089 6 -1 394.84 5 -1 2.46
"5" "Colts D/ST" "-1.01-7.41" 30.51 1.52 0.62 0.62 0.02 0.06 "#16" 7.41 -1.01 4.21 17.7241 6 -1 388.652 5 -1 2.4
"10" "Titans D/ST" "-1.49-8.59" 28.41 1.91 0.4 0.46 0 0.12 "#16" 8.59 -1.49 5.04 25.4016 6 -1 377.732 5 -1 2.35
"15" "Panthers D/ST" "-0.85-7.09" 28.3 1.84 0.64 0.48 0 0.02 "#7" 7.09 -0.85 3.97 15.7609 6 -1 377.16 5 -1 2.2
"17" "Panthers D/ST" "-0.85-7.09" 28.3 1.84 0.64 0.48 0 0.02 "#7" 7.09 -0.85 3.97 15.7609 6 -1 377.16 5 -1 2.2
"1" "Browns D/ST" "-1.42-7.00" 32.24 1.4 0.48 0.56 0 0.1 "#9" 7 -1.42 4.21 17.7241 6 -1 397.648 5 -1 2.08
"1" "Raiders D/ST" "-0.79-7.99" 28.09 1.52 0.52 0.4 0 0.12 "#4" 7.99 -0.79 4.39 19.2721 6 -1 376.068 5 -1 2.08
"5" "Seahawks D/ST" "-2.25-7.57" 30.31 1.58 0.52 0.38 0.04 0.08 "#4" 7.57 -2.25 4.91 24.1081 6 -1 387.612 5 -1 1.94
"10" "Seahawks D/ST" "-2.25-7.57" 30.31 1.58 0.52 0.38 0.04 0.08 "#4" 7.57 -2.25 4.91 24.1081 6 -1 387.612 5 -1 1.94
"14" "Buccaneers D/ST" "-1.58-6.92" 32 1.38 0.46 0.5 0 0.1 "#7" 6.92 -1.58 4.25 18.0625 6 -1 396.4 5 -1 1.9
"16" "Seahawks D/ST" "-1.96-7.02" 29.91 1.62 0.58 0.38 0 0.04 "#1" 7.02 -1.96 4.49 20.1601 6 -1 385.532 5 -1 1.78
"13" "Raiders D/ST" "-2.21-6.47" 33.65 1.4 0.56 0.44 0.02 0.08 "#1" 6.47 -2.21 4.34 18.8356 6 -1 404.98 6 -3 -0.0800000000000001
"17" "Raiders D/ST" "-2.21-6.47" 33.65 1.4 0.56 0.44 0.02 0.08 "#1" 6.47 -2.21 4.34 18.8356 6 -1 404.98 6 -3 -0.0800000000000001
"2" "Browns D/ST" "-2.64-6.62" 34.48 1.34 0.48 0.54 0 0.08 "#7" 6.62 -2.64 4.63 21.4369 6 -1 409.296 6 -3 -0.14
