"Week" "Player" "range" "pts_all" "sacks" "INT" "fum" "SAF" "TD" "rnk" "max" "min" "std" "Var" "pts_all_grp" "pts_all_score" "yrds_est" "yrds_all_grp" "yrds_all_score" "Full_Proj"
"17" "Ravens D/ST" "5.22-21.22" 12.83 3.36 1.3 0.88 0.06 0.38 "#30" 21.22 5.22 8 64 3 3 296.716 3 2 15.12
"3" "Vikings D/ST" "4.71-16.87" 12.51 2.32 0.89 0.71 0.05 0.32 "#32" 16.87 4.71 6.08 36.9664 3 3 295.052 3 2 12.54
"2" "Rams D/ST" "6.96-19.84" 15.35 3.54 1.5 0.92 0.04 0.42 "#31" 19.84 6.96 6.44 41.4736 4 1 309.82 4 0 11.98
"16" "Rams D/ST" "6.30-19.64" 15.19 3.34 1.39 0.8 0.08 0.4 "#31" 19.64 6.3 6.67 44.4889 4 1 308.988 4 0 11.28
"17" "Seahawks D/ST" "5.03-20.25" 14.09 3.18 1.24 0.94 0.06 0.38 "#31" 20.25 5.03 7.61 57.9121 4 1 303.268 4 0 10.94
"1" "Ravens D/ST" "6.47-17.25" 16.72 3.11 1.56 0.66 0.1 0.35 "#32" 17.25 6.47 5.39 29.0521 4 1 316.944 4 0 10.85
"9" "Bears D/ST" "4.21-18.85" 16.26 3.09 1.12 1.1 0 0.38 "#32" 18.85 4.21 7.32 53.5824 4 1 314.552 4 0 10.81
"10" "Jets D/ST" "5.64-18.60" 14.74 3.13 1.4 0.76 0.02 0.34 "#32" 18.6 5.64 6.48 41.9904 4 1 306.648 4 0 10.53
"14" "Jets D/ST" "5.64-18.60" 14.74 3.13 1.4 0.76 0.02 0.34 "#32" 18.6 5.64 6.48 41.9904 4 1 306.648 4 0 10.53
"1" "Jaguars D/ST" "5.18-19.26" 14.21 3.18 1.24 0.76 0.08 0.34 "#23" 19.26 5.18 7.04 49.5616 4 1 303.892 4 0 10.38
"5" "Ravens D/ST" "4.18-12.00" 13.34 1.66 0.7 0.45 0.04 0.2 "#30" 12 4.18 3.91 15.2881 3 3 299.368 3 2 10.24
"11" "Steelers D/ST" "5.41-16.81" 15.61 3.12 1.48 0.66 0.04 0.28 "#29" 16.81 5.41 5.7 32.49 4 1 311.172 4 0 10.16
"14" "Steelers D/ST" "5.93-16.29" 16.41 3 1.38 0.84 0 0.28 "#22" 16.29 5.93 5.18 26.8324 4 1 315.332 4 0 10.12
"12" "Eagles D/ST" "4.37-17.39" 20.12 3.32 1.48 0.94 0.02 0.28 "#23" 17.39 4.37 6.51 42.3801 5 0 334.624 4 0 9.88
"12" "Jaguars D/ST" "4.88-18.72" 13.57 3.22 1.02 0.93 0.04 0.28 "#32" 18.72 4.88 6.92 47.8864 4 1 300.564 4 0 9.88
"12" "Bills D/ST" "4.13-16.71" 17.46 2.6 1.44 0.76 0.04 0.28 "#29" 16.71 4.13 6.29 39.5641 4 1 320.792 4 0 9.76
"1" "Vikings D/ST" "4.09-18.43" 15.49 2.9 1.18 0.72 0.04 0.3 "#27" 18.43 4.09 7.17 51.4089 4 1 310.548 4 0 9.58
"13" "Seahawks D/ST" "3.08-17.74" 17.32 2.76 1.08 0.84 0.02 0.32 "#27" 17.74 3.08 7.33 53.7289 4 1 320.064 4 0 9.56
"15" "Seahawks D/ST" "3.08-17.74" 17.32 2.76 1.08 0.84 0.02 0.32 "#27" 17.74 3.08 7.33 53.7289 4 1 320.064 4 0 9.56
"12" "Browns D/ST" "2.55-17.77" 20.88 2.47 1.48 0.76 0 0.42 "#11" 17.77 2.55 7.61 57.9121 5 0 338.576 4 0 9.47
"16" "Browns D/ST" "2.55-17.77" 20.88 2.47 1.48 0.76 0 0.42 "#11" 17.77 2.55 7.61 57.9121 5 0 338.576 4 0 9.47
"15" "Broncos D/ST" "3.87-17.03" 15.88 2.93 1.5 0.54 0.06 0.22 "#30" 17.03 3.87 6.58 43.2964 4 1 312.576 4 0 9.45
"10" "Chiefs D/ST" "4.67-17.09" 18.92 2.77 1.22 0.9 0.06 0.38 "#31" 17.09 4.67 6.21 38.5641 5 0 328.384 4 0 9.41
"10" "Jaguars D/ST" "5.19-16.49" 18.11 2.92 1.46 0.78 0.04 0.32 "#14" 16.49 5.19 5.65 31.9225 5 0 324.172 4 0 9.4
"13" "Jaguars D/ST" "5.19-16.49" 18.11 2.92 1.46 0.78 0.04 0.32 "#14" 16.49 5.19 5.65 31.9225 5 0 324.172 4 0 9.4
"13" "Broncos D/ST" "3.68-17.14" 20.23 2.9 1.22 0.9 0.04 0.36 "#11" 17.14 3.68 6.73 45.2929 5 0 335.196 4 0 9.38
"1" "Seahawks D/ST" "4.13-16.29" 16.34 3.02 1.16 0.72 0.02 0.26 "#7" 16.29 4.13 6.08 36.9664 4 1 314.968 4 0 9.38
"13" "Packers D/ST" "3.68-17.76" 18.56 2.53 1.46 1 0.02 0.3 "#31" 17.76 3.68 7.04 49.5616 5 0 326.512 4 0 9.29
"14" "Broncos D/ST" "4.07-15.99" 16.28 2.44 1.5 0.58 0.1 0.24 "#27" 15.99 4.07 5.96 35.5216 4 1 314.656 4 0 9.24
"17" "Cowboys D/ST" "3.02-18.50" 18.25 3.36 1.16 0.72 0.04 0.34 "#23" 18.5 3.02 7.74 59.9076 5 0 324.9 4 0 9.24
"12" "Bengals D/ST" "3.66-16.94" 17.3 2.38 1.22 0.7 0.02 0.32 "#30" 16.94 3.66 6.64 44.0896 4 1 319.96 4 0 9.18
"16" "Bengals D/ST" "3.66-16.94" 17.3 2.38 1.22 0.7 0.02 0.32 "#30" 16.94 3.66 6.64 44.0896 4 1 319.96 4 0 9.18
"13" "Browns D/ST" "2.88-17.90" 16.63 2.44 1.5 0.58 0 0.26 "#19" 17.9 2.88 7.51 56.4001 4 1 316.476 4 0 9.16
"12" "Broncos D/ST" "3.39-16.63" 20.79 2.62 1.22 0.72 0.06 0.42 "#13" 16.63 3.39 6.62 43.8244 5 0 338.108 4 0 9.14
"1" "Redskins D/ST" "4.97-16.75" 17.6 2.79 1.46 0.53 0.02 0.37 "#31" 16.75 4.97 5.89 34.6921 5 0 321.52 4 0 9.03
"2" "Seahawks D/ST" "3.37-15.73" 16.85 3.1 1.16 0.8 0.02 0.14 "#10" 15.73 3.37 6.18 38.1924 4 1 317.62 4 0 8.9
"6" "Texans D/ST" "2.09-16.65" 22.94 3.4 0.95 1.05 0.02 0.24 "#32" 16.65 2.09 7.28 52.9984 5 0 349.288 4 0 8.88
"2" "Texans D/ST" "2.99-16.23" 22.84 3.42 1.22 1.08 0.04 0.12 "#26" 16.23 2.99 6.62 43.8244 5 0 348.768 4 0 8.82
"12" "Ravens D/ST" "2.96-18.08" 17.69 2.68 1.2 0.82 0.06 0.32 "#22" 18.08 2.96 7.56 57.1536 5 0 321.988 4 0 8.76
"2" "Broncos D/ST" "2.66-15.96" 21.88 2.86 1.08 0.66 0.06 0.38 "#22" 15.96 2.66 6.65 44.2225 5 0 343.776 4 0 8.74
"13" "Bears D/ST" "3.32-16.52" 19.32 3.09 1.22 0.74 0.06 0.26 "#23" 16.52 3.32 6.6 43.56 5 0 330.464 4 0 8.69
"2" "Chargers D/ST" "1.37-17.85" 19.46 2.77 1.42 0.88 0.09 0.19 "#32" 17.85 1.37 8.24 67.8976 5 0 331.192 4 0 8.69
"16" "Bears D/ST" "2.91-17.03" 18.22 2.8 1.1 0.9 0.02 0.3 "#27" 17.03 2.91 7.06 49.8436 5 0 324.744 4 0 8.64
"2" "Saints D/ST" "3.61-15.35" 17.02 2.27 1.17 0.68 0.02 0.27 "#30" 15.35 3.61 5.87 34.4569 4 1 318.504 4 0 8.63
"9" "Steelers D/ST" "4.47-15.77" 19.21 2.46 1.2 0.9 0.02 0.32 "#9" 15.77 4.47 5.65 31.9225 5 0 329.892 4 0 8.62
"10" "49ers D/ST" "3.58-14.36" 22.9 2.62 1.34 0.76 0.04 0.28 "#23" 14.36 3.58 5.39 29.0521 5 0 349.08 4 0 8.58
"16" "Broncos D/ST" "4.48-15.54" 18.9 2.74 1.32 0.82 0.06 0.24 "#22" 15.54 4.48 5.53 30.5809 5 0 328.28 4 0 8.58
"3" "Jaguars D/ST" "5.28-14.44" 15.14 2.57 1.17 0.49 0.03 0.27 "#26" 14.44 5.28 4.58 20.9764 4 1 308.728 4 0 8.57
"2" "Lions D/ST" "2.72-15.64" 21.36 2.12 1.4 0.68 0.04 0.36 "#27" 15.64 2.72 6.46 41.7316 5 0 341.072 4 0 8.52
"15" "Redskins D/ST" "3.85-16.03" 18.84 2.44 1.26 0.74 0.02 0.34 "#29" 16.03 3.85 6.09 37.0881 5 0 327.968 4 0 8.52
"14" "Patriots D/ST" "3.17-15.07" 21.32 2.3 1.12 0.88 0.02 0.36 "#25" 15.07 3.17 5.95 35.4025 5 0 340.864 4 0 8.5
"12" "Chargers D/ST" "2.75-16.75" 19.22 2.6 1.13 0.7 0.06 0.34 "#31" 16.75 2.75 7 49 5 0 329.944 4 0 8.42
"17" "Steelers D/ST" "3.56-15.10" 20.66 2.79 1.16 0.8 0 0.28 "#11" 15.1 3.56 5.77 33.2929 5 0 337.432 4 0 8.39
"4" "Packers D/ST" "1.43-15.97" 22.29 2.78 1.07 0.87 0.07 0.26 "#32" 15.97 1.43 7.27 52.8529 5 0 345.908 4 0 8.36
"14" "Panthers D/ST" "3.10-15.42" 17.06 2.16 1.08 0.76 0.04 0.24 "#30" 15.42 3.1 6.16 37.9456 4 1 318.712 4 0 8.36
"17" "Browns D/ST" "2.13-16.33" 20.09 2.58 1.36 0.84 0.02 0.22 "#9" 16.33 2.13 7.1 50.41 5 0 334.468 4 0 8.34
"2" "Jets D/ST" "4.33-14.41" 15.78 2.58 1.1 0.72 0.02 0.18 "#25" 14.41 4.33 5.04 25.4016 4 1 312.056 4 0 8.34
"8" "Patriots D/ST" "3.06-16.50" 18.51 2.86 1.29 0.66 0.02 0.25 "#32" 16.5 3.06 6.72 45.1584 5 0 326.252 4 0 8.3
"2" "Redskins D/ST" "2.66-14.82" 21.72 2.12 1.36 0.7 0.04 0.32 "#14" 14.82 2.66 6.08 36.9664 5 0 342.944 4 0 8.24
"3" "Bears D/ST" "3.72-14.46" 16.01 2.44 1.09 0.49 0.02 0.26 "#31" 14.46 3.72 5.37 28.8369 4 1 313.252 4 0 8.2
"9" "Ravens D/ST" "1.19-16.93" 21.58 2.72 1.19 0.64 0 0.3 "#13" 16.93 1.19 7.87 61.9369 5 0 342.216 4 0 8.18
"7" "Colts D/ST" "1.91-15.61" 20.87 2.51 1.13 0.76 0.04 0.3 "#32" 15.61 1.91 6.85 46.9225 5 0 338.524 4 0 8.17
"2" "Vikings D/ST" "2.99-16.13" 18.67 2.35 1.34 0.8 0.04 0.24 "#17" 16.13 2.99 6.57 43.1649 5 0 327.084 4 0 8.15
"4" "Jaguars D/ST" "4.01-14.65" 15.29 2.5 1.06 0.61 0.02 0.21 "#28" 14.65 4.01 5.32 28.3024 4 1 309.508 4 0 8.14
"1" "Steelers D/ST" "3.28-16.28" 18.21 2.46 1.16 0.82 0.02 0.28 "#30" 16.28 3.28 6.5 42.25 5 0 324.692 4 0 8.14
"10" "Cowboys D/ST" "2.10-15.86" 20.13 2.59 1.16 0.64 0 0.32 "#20" 15.86 2.1 6.88 47.3344 5 0 334.676 4 0 8.11
"14" "Cowboys D/ST" "2.10-15.86" 20.13 2.59 1.16 0.64 0 0.32 "#20" 15.86 2.1 6.88 47.3344 5 0 334.676 4 0 8.11
"16" "Colts D/ST" "3.26-14.46" 21.02 2 1.3 0.82 0.02 0.3 "#23" 14.46 3.26 5.6 31.36 5 0 339.304 4 0 8.08
"15" "Cowboys D/ST" "0.95-16.19" 22 2.76 0.98 0.72 0 0.32 "#14" 16.19 0.95 7.62 58.0644 5 0 344.4 4 0 8.08
"1" "Rams D/ST" "3.44-15.00" 20.04 2.72 1.18 0.8 0.04 0.22 "#22" 15 3.44 5.78 33.4084 5 0 334.208 4 0 8.08
"7" "Rams D/ST" "3.25-13.31" 22.79 2.2 1.34 0.74 0.07 0.26 "#27" 13.31 3.25 5.03 25.3009 5 0 348.508 4 0 8.06
"3" "Texans D/ST" "2.57-14.63" 22.06 2.56 0.95 0.79 0.04 0.32 "#23" 14.63 2.57 6.03 36.3609 5 0 344.712 4 0 8.04
"15" "Browns D/ST" "2.55-16.33" 19.81 2.63 1.1 0.86 0.02 0.24 "#7" 16.33 2.55 6.89 47.4721 5 0 333.012 4 0 8.03
"6" "Vikings D/ST" "3.70-14.88" 18.58 2.78 1.18 0.86 0.04 0.18 "#31" 14.88 3.7 5.59 31.2481 5 0 326.616 4 0 8.02
"1" "Jets D/ST" "0.99-16.83" 21.84 2.3 1.09 0.8 0 0.32 "#12" 16.83 0.99 7.92 62.7264 5 0 343.568 4 0 8
"1" "Saints D/ST" "2.89-14.39" 22.48 2.3 1.02 0.94 0.04 0.28 "#8" 14.39 2.89 5.75 33.0625 5 0 346.896 4 0 7.98
"6" "Bears D/ST" "3.67-14.19" 16.98 2.3 0.75 0.79 0.01 0.26 "#25" 14.19 3.67 5.26 27.6676 4 1 318.296 4 0 7.96
"4" "Seahawks D/ST" "4.29-13.39" 15.66 2.24 0.94 0.67 0.02 0.23 "#31" 13.39 4.29 4.55 20.7025 4 1 311.432 4 0 7.88
"2" "Bears D/ST" "1.92-16.08" 19.47 2.38 1 0.78 0.06 0.3 "#18" 16.08 1.92 7.08 50.1264 5 0 331.244 4 0 7.86
"15" "Vikings D/ST" "2.55-15.33" 19.79 2.38 1.08 0.72 0.04 0.3 "#25" 15.33 2.55 6.39 40.8321 5 0 332.908 4 0 7.86
"15" "Falcons D/ST" "3.98-15.02" 17.97 2.45 1.28 0.64 0.06 0.24 "#31" 15.02 3.98 5.52 30.4704 5 0 323.444 4 0 7.85
"8" "Texans D/ST" "2.00-15.32" 21.19 3.07 0.92 0.74 0 0.24 "#25" 15.32 2 6.66 44.3556 5 0 340.188 4 0 7.83
"12" "Vikings D/ST" "2.29-14.33" 21.46 3.07 1.16 0.62 0 0.2 "#17" 14.33 2.29 6.02 36.2404 5 0 341.592 4 0 7.83
"16" "Jaguars D/ST" "2.99-15.31" 19.2 2.86 0.98 0.82 0.08 0.2 "#25" 15.31 2.99 6.16 37.9456 5 0 329.84 4 0 7.82
"4" "Rams D/ST" "1.28-15.34" 22.92 2.5 1.2 0.63 0.02 0.27 "#15" 15.34 1.28 7.03 49.4209 5 0 349.184 4 0 7.82
"17" "Rams D/ST" "3.17-13.79" 21.5 2.52 1.46 0.48 0.04 0.22 "#27" 13.79 3.17 5.31 28.1961 5 0 341.8 4 0 7.8
"8" "Steelers D/ST" "3.17-14.07" 16.43 2.37 1.11 0.45 0.02 0.21 "#30" 14.07 3.17 5.45 29.7025 4 1 315.436 4 0 7.79
"10" "Bills D/ST" "2.50-15.12" 19.75 2.6 1.12 0.74 0.06 0.22 "#28" 15.12 2.5 6.31 39.8161 5 0 332.7 4 0 7.76
"13" "Bills D/ST" "2.22-16.04" 18.34 2.44 1 0.68 0.08 0.3 "#25" 16.04 2.22 6.91 47.7481 5 0 325.368 4 0 7.76
"14" "Bills D/ST" "2.50-15.12" 19.75 2.6 1.12 0.74 0.06 0.22 "#28" 15.12 2.5 6.31 39.8161 5 0 332.7 4 0 7.76
"17" "Bills D/ST" "2.22-16.04" 18.34 2.44 1 0.68 0.08 0.3 "#25" 16.04 2.22 6.91 47.7481 5 0 325.368 4 0 7.76
"7" "Chargers D/ST" "1.86-15.06" 21.68 2.46 1.02 0.78 0.06 0.26 "#26" 15.06 1.86 6.6 43.56 5 0 342.736 4 0 7.74
"10" "Falcons D/ST" "3.39-14.07" 20.21 2.7 1.14 0.72 0.06 0.2 "#30" 14.07 3.39 5.34 28.5156 5 0 335.092 4 0 7.74
"11" "Raiders D/ST" "3.66-14.30" 20.43 2.26 1.02 0.68 0.08 0.32 "#31" 14.3 3.66 5.32 28.3024 5 0 336.236 4 0 7.74
"9" "Chiefs D/ST" "2.99-14.91" 19.51 2.65 1.02 0.64 0.04 0.28 "#30" 14.91 2.99 5.96 35.5216 5 0 331.452 4 0 7.73
"5" "Panthers D/ST" "3.73-13.83" 19.18 2.1 1.3 0.56 0.05 0.3 "#23" 13.83 3.73 5.05 25.5025 5 0 329.736 4 0 7.72
"16" "Eagles D/ST" "2.33-14.11" 22.73 2.28 0.98 0.92 0.1 0.24 "#19" 14.11 2.33 5.89 34.6921 5 0 348.196 4 0 7.72
"8" "Bears D/ST" "2.32-15.82" 17.71 2.65 0.77 0.87 0.02 0.29 "#28" 15.82 2.32 6.75 45.5625 5 0 322.092 4 0 7.71
"11" "Bears D/ST" "2.76-13.68" 21.44 2.5 1.08 0.84 0.02 0.22 "#15" 13.68 2.76 5.46 29.8116 5 0 341.488 4 0 7.7
"17" "Bears D/ST" "2.76-13.68" 21.44 2.5 1.08 0.84 0.02 0.22 "#15" 13.68 2.76 5.46 29.8116 5 0 341.488 4 0 7.7
"5" "49ers D/ST" "3.00-13.78" 21.45 2.58 0.92 0.77 0.02 0.28 "#31" 13.78 3 5.39 29.0521 5 0 341.54 4 0 7.68
"16" "Patriots D/ST" "2.95-15.19" 18.51 2.61 1.18 0.6 0.02 0.24 "#32" 15.19 2.95 6.12 37.4544 5 0 326.252 4 0 7.65
"10" "Browns D/ST" "0.23-15.65" 22.03 2.27 1.06 0.66 0 0.32 "#6" 15.65 0.23 7.71 59.4441 5 0 344.556 4 0 7.63
"11" "Seahawks D/ST" "2.67-14.67" 20.29 2.85 1.1 0.7 0.04 0.18 "#17" 14.67 2.67 6 36 5 0 335.508 4 0 7.61
"2" "Bengals D/ST" "2.91-14.19" 19.99 2.4 1.14 0.66 0.02 0.26 "#9" 14.19 2.91 5.64 31.8096 5 0 333.948 4 0 7.6
"8" "Eagles D/ST" "3.78-12.64" 17.11 2.32 0.98 0.5 0.05 0.2 "#29" 12.64 3.78 4.43 19.6249 4 1 318.972 4 0 7.58
"14" "Seahawks D/ST" "3.27-13.31" 22.51 2.58 0.94 0.82 0.02 0.24 "#15" 13.31 3.27 5.02 25.2004 5 0 347.052 4 0 7.58
"15" "Colts D/ST" "2.30-13.74" 22.52 2.25 1.08 0.68 0 0.3 "#24" 13.74 2.3 5.72 32.7184 5 0 347.104 4 0 7.57
"1" "Titans D/ST" "3.59-14.83" 17.91 2.76 0.86 0.78 0.04 0.24 "#25" 14.83 3.59 5.62 31.5844 5 0 323.132 4 0 7.56
"6" "Packers D/ST" "1.53-16.15" 23.83 2.56 1.52 0.9 0.03 0.18 "#27" 16.15 1.53 7.31 53.4361 5 0 353.916 5 -1 7.54
"1" "Patriots D/ST" "2.39-13.99" 21.84 2.42 1.12 0.7 0.02 0.24 "#19" 13.99 2.39 5.8 33.64 5 0 343.568 4 0 7.54
"17" "Jaguars D/ST" "3.09-15.03" 18.53 2.18 1.02 0.94 0.06 0.22 "#19" 15.03 3.09 5.97 35.6409 5 0 326.356 4 0 7.54
"12" "Patriots D/ST" "2.48-13.64" 21.89 2.34 0.98 0.7 0.02 0.3 "#28" 13.64 2.48 5.58 31.1364 5 0 343.828 4 0 7.54
"17" "Patriots D/ST" "2.48-13.64" 21.89 2.34 0.98 0.7 0.02 0.3 "#28" 13.64 2.48 5.58 31.1364 5 0 343.828 4 0 7.54
"14" "Redskins D/ST" "2.65-13.69" 21.81 2.84 0.98 0.74 0.02 0.2 "#23" 13.69 2.65 5.52 30.4704 5 0 343.412 4 0 7.52
"3" "Chiefs D/ST" "1.66-13.94" 22.72 2.41 1.07 0.66 0.04 0.26 "#27" 13.94 1.66 6.14 37.6996 5 0 348.144 4 0 7.51
"5" "Rams D/ST" "2.54-13.94" 20.34 2.14 1.26 0.71 0.04 0.22 "#18" 13.94 2.54 5.7 32.49 5 0 335.768 4 0 7.48
"4" "Chargers D/ST" "0.96-16.42" 24.07 3.22 1.34 0.55 0.03 0.23 "#27" 16.42 0.96 7.73 59.7529 5 0 355.164 5 -1 7.44
"6" "Rams D/ST" "2.86-13.60" 21.09 2.1 1.3 0.61 0.1 0.22 "#7" 13.6 2.86 5.37 28.8369 5 0 339.668 4 0 7.44
"13" "Patriots D/ST" "1.72-13.42" 22.88 2.23 1.04 0.92 0.04 0.2 "#15" 13.42 1.72 5.85 34.2225 5 0 348.976 4 0 7.43
"10" "Colts D/ST" "2.19-14.85" 19.83 1.84 1.28 0.68 0.04 0.26 "#29" 14.85 2.19 6.33 40.0689 5 0 333.116 4 0 7.4
"13" "Colts D/ST" "2.19-14.85" 19.83 1.84 1.28 0.68 0.04 0.26 "#29" 14.85 2.19 6.33 40.0689 5 0 333.116 4 0 7.4
"11" "Cardinals D/ST" "2.36-16.04" 17.76 2.34 0.94 0.7 0.1 0.26 "#22" 16.04 2.36 6.84 46.7856 5 0 322.352 4 0 7.38
"6" "Panthers D/ST" "1.69-13.67" 22.14 2.31 1.01 0.6 0.02 0.3 "#21" 13.67 1.69 5.99 35.8801 5 0 345.128 4 0 7.37
"15" "Bears D/ST" "1.65-13.33" 22.67 2.61 1.14 0.58 0 0.22 "#17" 13.33 1.65 5.84 34.1056 5 0 347.884 4 0 7.37
"5" "Patriots D/ST" "1.59-15.93" 23.08 2.8 1.45 0.88 0.02 0.14 "#14" 15.93 1.59 7.17 51.4089 5 0 350.016 5 -1 7.34
"11" "Ravens D/ST" "1.46-15.98" 19.35 2.39 1.12 0.74 0.06 0.18 "#11" 15.98 1.46 7.26 52.7076 5 0 330.62 4 0 7.31
"3" "Panthers D/ST" "2.08-14.36" 20.15 2.03 1 0.72 0.05 0.29 "#11" 14.36 2.08 6.14 37.6996 5 0 334.78 4 0 7.31
"9" "Cowboys D/ST" "2.66-14.10" 18.59 2.74 0.92 0.8 0.02 0.18 "#26" 14.1 2.66 5.72 32.7184 5 0 326.668 4 0 7.3
"7" "Eagles D/ST" "2.12-14.40" 21.05 2.56 1.08 0.54 0.06 0.23 "#16" 14.4 2.12 6.14 37.6996 5 0 339.46 4 0 7.3
"2" "Raiders D/ST" "1.81-13.99" 20.89 2.5 0.86 0.7 0 0.28 "#7" 13.99 1.81 6.09 37.0881 5 0 338.628 4 0 7.3
"16" "Jets D/ST" "3.16-13.18" 20.49 2.78 1.18 0.68 0.04 0.12 "#17" 13.18 3.16 5.01 25.1001 5 0 336.548 4 0 7.3
"8" "Rams D/ST" "3.06-12.56" 22.42 2.71 1.1 0.51 0.02 0.22 "#17" 12.56 3.06 4.75 22.5625 5 0 346.584 4 0 7.29
"7" "Cowboys D/ST" "1.60-14.26" 21.94 3.05 0.73 0.92 0.04 0.14 "#21" 14.26 1.6 6.33 40.0689 5 0 344.088 4 0 7.27
"13" "Texans D/ST" "3.21-13.89" 19.25 2.71 0.94 0.76 0.04 0.18 "#30" 13.89 3.21 5.34 28.5156 5 0 330.1 4 0 7.27
"14" "Lions D/ST" "2.94-14.52" 19.22 2.59 1.16 0.64 0.06 0.16 "#31" 14.52 2.94 5.79 33.5241 5 0 329.944 4 0 7.27
"5" "Titans D/ST" "2.59-15.03" 19.65 2.61 0.73 0.86 0.07 0.22 "#32" 15.03 2.59 6.22 38.6884 5 0 332.18 4 0 7.25
"13" "Jets D/ST" "1.83-16.17" 17.61 2.4 1.12 0.8 0.02 0.16 "#26" 16.17 1.83 7.17 51.4089 5 0 321.572 4 0 7.24
"5" "Bengals D/ST" "3.70-13.00" 19.21 2.21 1.08 0.97 0.04 0.14 "#25" 13 3.7 4.65 21.6225 5 0 329.892 4 0 7.23
"3" "Browns D/ST" "2.86-13.58" 20.76 2.78 0.77 0.73 0.02 0.23 "#28" 13.58 2.86 5.36 28.7296 5 0 337.952 4 0 7.2
"9" "Jets D/ST" "1.46-15.26" 18.9 2.44 1 0.68 0.04 0.22 "#25" 15.26 1.46 6.9 47.61 5 0 328.28 4 0 7.2
"8" "Redskins D/ST" "2.57-13.01" 21.81 2.69 0.93 0.7 0.02 0.2 "#23" 13.01 2.57 5.22 27.2484 5 0 343.412 4 0 7.19
"8" "Colts D/ST" "1.60-13.62" 22.76 2.18 0.92 0.84 0.02 0.24 "#22" 13.62 1.6 6.01 36.1201 5 0 348.352 4 0 7.18
"15" "Jaguars D/ST" "2.33-14.87" 20.22 2.46 0.98 0.7 0.08 0.2 "#21" 14.87 2.33 6.27 39.3129 5 0 335.144 4 0 7.18
"10" "Patriots D/ST" "1.93-13.17" 22.29 2.12 0.96 0.6 0 0.32 "#26" 13.17 1.93 5.62 31.5844 5 0 345.908 4 0 7.16
"2" "Cowboys D/ST" "1.69-14.73" 20.48 2.27 1.34 0.72 0.02 0.12 "#23" 14.73 1.69 6.52 42.5104 5 0 336.496 4 0 7.15
"2" "Eagles D/ST" "1.88-15.58" 18.59 2.42 1 0.78 0.04 0.18 "#8" 15.58 1.88 6.85 46.9225 5 0 326.668 4 0 7.14
"9" "Broncos D/ST" "2.91-12.25" 22.03 2.42 1.16 0.74 0.04 0.14 "#19" 12.25 2.91 4.67 21.8089 5 0 344.556 4 0 7.14
"15" "Lions D/ST" "1.93-14.51" 21.35 2.49 1.24 0.66 0.06 0.12 "#32" 14.51 1.93 6.29 39.5641 5 0 341.02 4 0 7.13
"13" "Dolphins D/ST" "2.32-13.60" 20.41 2.65 0.82 0.79 0.02 0.2 "#32" 13.6 2.32 5.64 31.8096 5 0 336.132 4 0 7.11
"17" "Dolphins D/ST" "2.32-13.60" 20.41 2.65 0.82 0.79 0.02 0.2 "#32" 13.6 2.32 5.64 31.8096 5 0 336.132 4 0 7.11
"7" "Broncos D/ST" "4.04-11.70" 16.19 1.99 0.87 0.51 0.03 0.21 "#31" 11.7 4.04 3.83 14.6689 4 1 314.188 4 0 7.07
"15" "Bengals D/ST" "2.92-14.52" 23.01 2.53 1.32 0.74 0.04 0.22 "#22" 14.52 2.92 5.8 33.64 5 0 349.652 5 -1 7.05
"3" "Ravens D/ST" "4.17-13.25" 13.94 1.93 0.96 0.39 0.04 0.22 "#7" 13.25 4.17 4.54 20.6116 4 1 302.488 4 0 7.03
"14" "Jaguars D/ST" "2.15-15.45" 18.64 2.54 0.98 0.74 0.04 0.16 "#26" 15.45 2.15 6.65 44.2225 5 0 326.928 4 0 7.02
"17" "Texans D/ST" "2.20-13.92" 20.53 2.74 0.9 0.82 0 0.14 "#29" 13.92 2.2 5.86 34.3396 5 0 336.756 4 0 7.02
"4" "Lions D/ST" "1.94-12.68" 22.93 2.41 1.07 0.63 0 0.2 "#24" 12.68 1.94 5.37 28.8369 5 0 349.236 4 0 7.01
"2" "Cardinals D/ST" "1.86-13.04" 22.9 2.2 1.12 0.66 0.02 0.2 "#2" 13.04 1.86 5.59 31.2481 5 0 349.08 4 0 7
"2" "Ravens D/ST" "2.66-14.68" 18.21 2.36 1.04 0.68 0.06 0.18 "#11" 14.68 2.66 6.01 36.1201 5 0 324.692 4 0 7
"12" "Colts D/ST" "1.92-13.32" 21.34 1.94 1.06 0.84 0.02 0.2 "#25" 13.32 1.92 5.7 32.49 5 0 340.968 4 0 6.98
"1" "Lions D/ST" "2.34-14.12" 20.43 2.3 1.16 0.74 0.02 0.14 "#28" 14.12 2.34 5.89 34.6921 5 0 336.236 4 0 6.98
"2" "Titans D/ST" "2.19-12.69" 22.53 2.68 0.88 0.7 0.02 0.18 "#19" 12.69 2.19 5.25 27.5625 5 0 347.156 4 0 6.96
"3" "Rams D/ST" "-0.99-16.57" 25.75 2.44 1.4 0.7 0 0.22 "#4" 16.57 -0.99 8.78 77.0884 5 0 363.9 5 -1 6.96
"4" "Texans D/ST" "2.11-12.63" 22.54 2.45 0.81 0.85 0.02 0.19 "#14" 12.63 2.11 5.26 27.6676 5 0 347.208 4 0 6.95
"3" "Patriots D/ST" "2.01-13.89" 19.75 2.08 1.07 0.54 0.04 0.26 "#12" 13.89 2.01 5.94 35.2836 5 0 332.7 4 0 6.94
"3" "Jets D/ST" "3.81-12.03" 16.64 1.83 0.8 0.63 0.05 0.19 "#30" 12.03 3.81 4.11 16.8921 4 1 316.528 4 0 6.93
"14" "Browns D/ST" "2.04-13.90" 20.11 2.2 1.16 0.52 0.02 0.22 "#16" 13.9 2.04 5.93 35.1649 5 0 334.572 4 0 6.92
"14" "Titans D/ST" "1.24-13.60" 22.31 2.24 1.02 0.84 0 0.16 "#29" 13.6 1.24 6.18 38.1924 5 0 346.012 4 0 6.92
"2" "Dolphins D/ST" "2.62-12.70" 20.86 2.22 0.94 0.7 0.04 0.22 "#28" 12.7 2.62 5.04 25.4016 5 0 338.472 4 0 6.9
"4" "Chiefs D/ST" "2.57-12.01" 22.06 2.69 0.93 0.64 0.02 0.17 "#7" 12.01 2.57 4.72 22.2784 5 0 344.712 4 0 6.89
"7" "Cardinals D/ST" "2.93-12.21" 20.64 2.06 1.26 0.54 0.04 0.19 "#7" 12.21 2.93 4.64 21.5296 5 0 337.328 4 0 6.88
"15" "Rams D/ST" "2.70-12.28" 22.25 2.8 1.06 0.7 0.04 0.08 "#20" 12.28 2.7 4.79 22.9441 5 0 345.7 4 0 6.88
"6" "Ravens D/ST" "2.57-13.57" 15.53 2.01 0.84 0.53 0.08 0.16 "#26" 13.57 2.57 5.5 30.25 4 1 310.756 4 0 6.87
"7" "Lions D/ST" "1.58-14.12" 24.33 2.6 1.19 0.84 0 0.2 "#25" 14.12 1.58 6.27 39.3129 5 0 356.516 5 -1 6.86
"5" "Eagles D/ST" "2.73-13.07" 21.28 2.01 0.91 0.89 0.02 0.2 "#15" 13.07 2.73 5.17 26.7289 5 0 340.656 4 0 6.85
"3" "Eagles D/ST" "2.66-14.66" 17.87 2.29 0.96 0.82 0.02 0.16 "#14" 14.66 2.66 6 36 5 0 322.924 4 0 6.85
"5" "Jets D/ST" "1.59-13.61" 20.71 2.33 1.01 0.72 0.04 0.16 "#7" 13.61 1.59 6.01 36.1201 5 0 337.692 4 0 6.83
"11" "Colts D/ST" "1.50-13.60" 21.07 1.86 1.02 0.6 0.02 0.28 "#26" 13.6 1.5 6.05 36.6025 5 0 339.564 4 0 6.82
"17" "Colts D/ST" "1.50-13.60" 21.07 1.86 1.02 0.6 0.02 0.28 "#26" 13.6 1.5 6.05 36.6025 5 0 339.564 4 0 6.82
"4" "Raiders D/ST" "1.60-13.56" 25.62 3.24 0.98 0.69 0.11 0.17 "#30" 13.56 1.6 5.98 35.7604 5 0 363.224 5 -1 6.82
"7" "Jaguars D/ST" "2.92-13.74" 18.6 2.27 0.75 0.8 0 0.24 "#19" 13.74 2.92 5.41 29.2681 5 0 326.72 4 0 6.81
"15" "Texans D/ST" "2.01-13.15" 21.8 2.61 0.72 0.92 0.04 0.14 "#28" 13.15 2.01 5.57 31.0249 5 0 343.36 4 0 6.81
"5" "Saints D/ST" "1.23-14.53" 25.09 3.2 0.82 0.82 0.03 0.21 "#21" 14.53 1.23 6.65 44.2225 5 0 360.468 5 -1 6.8
"15" "Giants D/ST" "2.10-12.74" 22.59 2.28 0.8 0.72 0.08 0.22 "#26" 12.74 2.1 5.32 28.3024 5 0 347.468 4 0 6.8
"11" "Jaguars D/ST" "2.23-13.25" 20.65 2.39 1.02 0.66 0.04 0.16 "#13" 13.25 2.23 5.51 30.3601 5 0 337.38 4 0 6.79
"3" "Cowboys D/ST" "2.21-13.19" 21.76 2.27 0.93 0.66 0 0.22 "#18" 13.19 2.21 5.49 30.1401 5 0 343.152 4 0 6.77
"16" "Dolphins D/ST" "1.51-12.75" 22.35 2.33 0.84 0.84 0 0.18 "#29" 12.75 1.51 5.62 31.5844 5 0 346.22 4 0 6.77
"7" "Chiefs D/ST" "1.05-14.25" 28.63 2.58 1.36 0.98 0.03 0.24 "#11" 14.25 1.05 6.6 43.56 6 -1 378.876 5 -1 6.76
"10" "Giants D/ST" "1.57-13.41" 22.42 2.4 0.82 0.82 0.06 0.16 "#27" 13.41 1.57 5.92 35.0464 5 0 346.584 4 0 6.76
"4" "Patriots D/ST" "1.90-14.32" 23.11 2.4 1.25 0.72 0.04 0.22 "#25" 14.32 1.9 6.21 38.5641 5 0 350.172 5 -1 6.74
"13" "Titans D/ST" "1.70-12.92" 22.83 2.18 0.88 0.66 0.08 0.22 "#28" 12.92 1.7 5.61 31.4721 5 0 348.716 4 0 6.74
"10" "Panthers D/ST" "1.37-14.37" 24.88 2.12 1.14 0.8 0.02 0.28 "#13" 14.37 1.37 6.5 42.25 5 0 359.376 5 -1 6.72
"11" "Saints D/ST" "2.00-14.16" 23.64 2.44 1.16 0.7 0 0.26 "#20" 14.16 2 6.08 36.9664 5 0 352.928 5 -1 6.72
"8" "49ers D/ST" "2.81-13.57" 18.21 2.11 0.81 0.68 0.03 0.26 "#31" 13.57 2.81 5.38 28.9444 5 0 324.692 4 0 6.71
"3" "Seahawks D/ST" "0.61-14.99" 24.05 2.87 0.95 0.64 0.02 0.27 "#24" 14.99 0.61 7.19 51.6961 5 0 355.06 5 -1 6.71
"4" "Browns D/ST" "1.50-12.98" 21.34 2.02 0.9 0.77 0.04 0.21 "#22" 12.98 1.5 5.74 32.9476 5 0 340.968 4 0 6.7
"9" "Patriots D/ST" "2.70-14.04" 27.19 2.41 1.34 0.64 0.02 0.38 "#17" 14.04 2.7 5.67 32.1489 6 -1 371.388 5 -1 6.69
"4" "Cowboys D/ST" "0.94-14.94" 23.07 2.05 1.41 0.78 0 0.21 "#12" 14.94 0.94 7 49 5 0 349.964 5 -1 6.69
"11" "Buccaneers D/ST" "2.26-12.84" 25.46 2.16 1.06 0.72 0.02 0.32 "#23" 12.84 2.26 5.29 27.9841 5 0 362.392 5 -1 6.68
"5" "Chiefs D/ST" "0.73-14.59" 29.09 3.58 0.92 0.99 0 0.21 "#29" 14.59 0.73 6.93 48.0249 6 -1 381.268 5 -1 6.66
"13" "Chiefs D/ST" "1.82-13.52" 23.98 2.82 0.96 0.86 0.06 0.18 "#22" 13.52 1.82 5.85 34.2225 5 0 354.696 5 -1 6.66
"17" "Chiefs D/ST" "1.82-13.52" 23.98 2.82 0.96 0.86 0.06 0.18 "#22" 13.52 1.82 5.85 34.2225 5 0 354.696 5 -1 6.66
"7" "Vikings D/ST" "2.75-13.35" 18.25 2.3 0.85 0.65 0.02 0.22 "#28" 13.35 2.75 5.3 28.09 5 0 324.9 4 0 6.66
"5" "Bills D/ST" "2.42-12.00" 21.78 1.93 0.89 0.63 0 0.28 "#26" 12 2.42 4.79 22.9441 5 0 343.256 4 0 6.65
"6" "Giants D/ST" "2.35-12.25" 21.59 1.8 0.79 0.55 0.05 0.34 "#20" 12.25 2.35 4.95 24.5025 5 0 342.268 4 0 6.62
"6" "Chargers D/ST" "2.25-12.45" 21.23 1.75 1.03 0.48 0.02 0.3 "#30" 12.45 2.25 5.1 26.01 5 0 340.396 4 0 6.61
"3" "Dolphins D/ST" "2.89-13.31" 17.87 2.02 1.02 0.67 0.09 0.17 "#22" 13.31 2.89 5.21 27.1441 5 0 322.924 4 0 6.6
"7" "Falcons D/ST" "1.79-13.57" 23.2 3.05 0.91 0.77 0.02 0.19 "#23" 13.57 1.79 5.89 34.6921 5 0 350.64 5 -1 6.59
"6" "Seahawks D/ST" "3.15-12.37" 20.34 2.07 0.99 0.72 0.04 0.17 "#22" 12.37 3.15 4.61 21.2521 5 0 335.768 4 0 6.59
"4" "Eagles D/ST" "1.37-15.47" 17.6 2.18 0.93 0.73 0 0.18 "#26" 15.47 1.37 7.05 49.7025 5 0 321.52 4 0 6.58
"2" "Falcons D/ST" "0.90-13.12" 22.43 2.1 0.98 0.66 0 0.2 "#16" 13.12 0.9 6.11 37.3321 5 0 346.636 4 0 6.58
"8" "Ravens D/ST" "2.39-13.41" 19.52 2.36 0.96 0.67 0.06 0.14 "#16" 13.41 2.39 5.51 30.3601 5 0 331.504 4 0 6.58
"13" "Eagles D/ST" "1.53-13.85" 23.18 2.54 0.86 0.84 0.08 0.24 "#21" 13.85 1.53 6.16 37.9456 5 0 350.536 5 -1 6.54
"17" "Eagles D/ST" "1.53-13.85" 23.18 2.54 0.86 0.84 0.08 0.24 "#21" 13.85 1.53 6.16 37.9456 5 0 350.536 5 -1 6.54
"9" "Texans D/ST" "0.92-13.78" 25.58 2.42 0.96 0.72 0.04 0.28 "#7" 13.78 0.92 6.43 41.3449 5 0 363.016 5 -1 6.54
"5" "Chargers D/ST" "2.89-12.73" 24.29 2.02 1.02 0.82 0.02 0.3 "#22" 12.73 2.89 4.92 24.2064 5 0 356.308 5 -1 6.54
"6" "Jaguars D/ST" "2.76-14.24" 17.73 2.71 0.95 0.56 0.07 0.11 "#24" 14.24 2.76 5.74 32.9476 5 0 322.196 4 0 6.53
"1" "Bills D/ST" "2.70-11.86" 21 2.16 1.18 0.44 0.08 0.16 "#9" 11.86 2.7 4.58 20.9764 5 0 339.2 4 0 6.52
"5" "Cardinals D/ST" "2.13-12.67" 19.3 2.06 1.09 0.6 0.05 0.16 "#27" 12.67 2.13 5.27 27.7729 5 0 330.36 4 0 6.5
"6" "Colts D/ST" "1.88-11.92" 22.51 2.28 0.72 0.57 0.07 0.25 "#28" 11.92 1.88 5.02 25.2004 5 0 347.052 4 0 6.5
"6" "Bengals D/ST" "0.48-14.06" 25.55 2.8 1.04 0.7 0 0.2 "#13" 14.06 0.48 6.79 46.1041 5 0 362.86 5 -1 6.48
"1" "Cardinals D/ST" "1.46-13.52" 20.98 2.06 1 0.59 0.02 0.2 "#21" 13.52 1.46 6.03 36.3609 5 0 339.096 4 0 6.48
"6" "Jets D/ST" "2.59-12.87" 19.13 1.99 0.9 0.52 0.04 0.26 "#14" 12.87 2.59 5.14 26.4196 5 0 329.476 4 0 6.47
"7" "Dolphins D/ST" "1.41-12.49" 22.35 1.87 0.94 0.8 0.02 0.18 "#12" 12.49 1.41 5.54 30.6916 5 0 346.22 4 0 6.47
"5" "Texans D/ST" "-1.35-17.15" 28.9 3.44 0.88 0.73 0.03 0.29 "#24" 17.15 -1.35 9.25 85.5625 6 -1 380.28 5 -1 6.46
"8" "Bengals D/ST" "1.29-13.41" 24.84 2.48 0.97 0.87 0.04 0.2 "#8" 13.41 1.29 6.06 36.7236 5 0 359.168 5 -1 6.44
"3" "Packers D/ST" "1.00-14.22" 24.25 2.9 0.81 0.71 0.03 0.24 "#21" 14.22 1 6.61 43.6921 5 0 356.1 5 -1 6.44
"12" "Steelers D/ST" "0.76-13.46" 22.63 2.08 1.18 0.44 0.02 0.18 "#7" 13.46 0.76 6.35 40.3225 5 0 347.676 4 0 6.44
"5" "Broncos D/ST" "3.00-12.70" 18.57 2 0.91 0.57 0.07 0.22 "#28" 12.7 3 4.85 23.5225 5 0 326.564 4 0 6.42
"8" "Cardinals D/ST" "2.57-12.53" 19.18 2.18 0.73 0.62 0.07 0.23 "#27" 12.53 2.57 4.98 24.8004 5 0 329.736 4 0 6.4
"9" "Panthers D/ST" "1.09-14.31" 24.84 2.04 1.04 0.84 0.02 0.26 "#8" 14.31 1.09 6.61 43.6921 5 0 359.168 5 -1 6.4
"13" "Panthers D/ST" "1.09-14.31" 24.84 2.04 1.04 0.84 0.02 0.26 "#8" 14.31 1.09 6.61 43.6921 5 0 359.168 5 -1 6.4
"7" "Patriots D/ST" "0.42-14.42" 24.84 2.88 0.83 0.75 0.05 0.21 "#10" 14.42 0.42 7 49 5 0 359.168 5 -1 6.4
"4" "Cardinals D/ST" "1.60-13.06" 20.75 1.99 0.99 0.75 0.04 0.14 "#18" 13.06 1.6 5.73 32.8329 5 0 337.9 4 0 6.39
"15" "Jets D/ST" "0.99-13.41" 20.78 2.02 0.96 0.72 0.08 0.14 "#19" 13.41 0.99 6.21 38.5641 5 0 338.056 4 0 6.38
"13" "Ravens D/ST" "1.21-13.07" 21.6 2.06 0.86 0.82 0 0.16 "#6" 13.07 1.21 5.93 35.1649 5 0 342.32 4 0 6.38
"8" "Chiefs D/ST" "1.10-15.28" 26.51 2.33 1.21 0.79 0 0.34 "#7" 15.28 1.1 7.09 50.2681 6 -1 367.852 5 -1 6.37
"8" "Lions D/ST" "-1.28-16.52" 29.04 2.95 1.18 1.11 0.03 0.13 "#18" 16.52 -1.28 8.9 79.21 6 -1 381.008 5 -1 6.37
"4" "Bears D/ST" "2.44-13.34" 24.42 2.4 0.81 0.89 0.06 0.24 "#8" 13.34 2.44 5.45 29.7025 5 0 356.984 5 -1 6.36
"7" "Buccaneers D/ST" "1.85-13.07" 24.94 2.64 1.14 0.64 0.07 0.17 "#30" 13.07 1.85 5.61 31.4721 5 0 359.688 5 -1 6.36
"7" "Jets D/ST" "1.67-12.17" 22.97 2.11 0.97 0.65 0.02 0.16 "#15" 12.17 1.67 5.25 27.5625 5 0 349.444 4 0 6.35
"4" "Falcons D/ST" "1.63-13.55" 24.48 2.11 1.11 0.56 0.04 0.3 "#11" 13.55 1.63 5.96 35.5216 5 0 357.296 5 -1 6.33
"6" "Steelers D/ST" "2.35-11.67" 22.14 1.79 0.77 0.65 0.01 0.28 "#11" 11.67 2.35 4.66 21.7156 5 0 345.128 4 0 6.33
"4" "Ravens D/ST" "0.41-12.57" 22.93 2.03 0.85 0.82 0.02 0.15 "#13" 12.57 0.41 6.08 36.9664 5 0 349.236 4 0 6.31
"6" "Redskins D/ST" "1.73-13.17" 23.47 2.34 0.79 0.73 0.06 0.3 "#16" 13.17 1.73 5.72 32.7184 5 0 352.044 5 -1 6.3
"3" "Raiders D/ST" "2.56-11.80" 20.47 2.01 0.76 0.69 0 0.23 "#25" 11.8 2.56 4.62 21.3444 5 0 336.444 4 0 6.29
"12" "Cowboys D/ST" "1.38-12.10" 21.52 2.56 0.76 0.66 0.02 0.14 "#21" 12.1 1.38 5.36 28.7296 5 0 341.904 4 0 6.28
"7" "Bears D/ST" "1.13-12.83" 26.02 3.06 0.83 0.83 0.03 0.14 "#5" 12.83 1.13 5.85 34.2225 5 0 365.304 5 -1 6.28
"1" "Packers D/ST" "1.67-11.45" 22.16 2.36 0.6 0.8 0.02 0.18 "#10" 11.45 1.67 4.89 23.9121 5 0 345.232 4 0 6.28
"6" "Eagles D/ST" "3.79-11.91" 17.82 2.06 0.8 0.55 0.06 0.23 "#23" 11.91 3.79 4.06 16.4836 5 0 322.664 4 0 6.26
"8" "Giants D/ST" "0.63-14.19" 24.34 2.88 0.85 0.7 0.07 0.19 "#21" 14.19 0.63 6.78 45.9684 5 0 356.568 5 -1 6.26
"7" "Panthers D/ST" "2.56-11.00" 21.91 1.6 0.85 0.58 0 0.3 "#20" 11 2.56 4.22 17.8084 5 0 343.932 4 0 6.26
"16" "Panthers D/ST" "0.94-14.02" 25.14 1.95 0.96 0.88 0.02 0.26 "#6" 14.02 0.94 6.54 42.7716 5 0 360.728 5 -1 6.23
"1" "Bengals D/ST" "1.31-11.83" 22.96 2.14 0.74 0.64 0 0.22 "#14" 11.83 1.31 5.26 27.6676 5 0 349.392 4 0 6.22
"12" "Redskins D/ST" "-0.16-15.22" 24.54 2.22 1.04 0.48 0.02 0.32 "#24" 15.22 -0.16 7.69 59.1361 5 0 357.608 5 -1 6.22
"4" "Saints D/ST" "1.31-13.79" 23.05 2.19 1.14 0.59 0 0.26 "#23" 13.79 1.31 6.24 38.9376 5 0 349.86 5 -1 6.21
"6" "Cowboys D/ST" "1.36-13.68" 23.65 2.84 0.77 0.91 0.08 0.14 "#29" 13.68 1.36 6.16 37.9456 5 0 352.98 5 -1 6.2
"7" "Texans D/ST" "2.42-11.78" 24.48 2.38 0.98 0.87 0.02 0.18 "#29" 11.78 2.42 4.68 21.9024 5 0 357.296 5 -1 6.2
"8" "Seahawks D/ST" "1.52-11.98" 21.94 1.97 1.09 0.58 0.02 0.14 "#12" 11.98 1.52 5.23 27.3529 5 0 344.088 4 0 6.19
"17" "Bengals D/ST" "1.93-12.39" 24.51 2.47 0.96 0.82 0.04 0.18 "#13" 12.39 1.93 5.23 27.3529 5 0 357.452 5 -1 6.19
"16" "Packers D/ST" "1.70-12.72" 23.65 1.9 1 0.8 0 0.28 "#28" 12.72 1.7 5.51 30.3601 5 0 352.98 5 -1 6.18
"12" "Seahawks D/ST" "1.52-12.64" 20.55 2.1 0.86 0.7 0 0.16 "#16" 12.64 1.52 5.56 30.9136 5 0 336.86 4 0 6.18
"6" "Falcons D/ST" "-2.03-15.99" 30.31 2.74 1.37 0.91 0.04 0.13 "#8" 15.99 -2.03 9.01 81.1801 6 -1 387.612 5 -1 6.16
"6" "Titans D/ST" "1.35-13.13" 25.36 3.07 0.81 0.75 0.05 0.14 "#9" 13.13 1.35 5.89 34.6921 5 0 361.872 5 -1 6.13
"3" "Giants D/ST" "1.18-12.42" 21.06 1.93 0.81 0.64 0.02 0.21 "#19" 12.42 1.18 5.62 31.5844 5 0 339.512 4 0 6.13
"4" "Titans D/ST" "-0.10-14.28" 25.42 2.68 1.01 0.72 0.07 0.14 "#20" 14.28 -0.1 7.19 51.6961 5 0 362.184 5 -1 6.12
"17" "Cardinals D/ST" "-0.67-14.61" 24.15 2 1.06 0.54 0.04 0.3 "#18" 14.61 -0.67 7.64 58.3696 5 0 355.58 5 -1 6.08
"6" "Patriots D/ST" "-0.42-14.10" 31.09 3 1.13 0.9 0.06 0.15 "#1" 14.1 -0.42 7.26 52.7076 6 -1 391.668 5 -1 6.08
"1" "Cowboys D/ST" "0.93-12.81" 22.2 1.7 0.84 0.64 0.04 0.22 "#16" 12.81 0.93 5.94 35.2836 5 0 345.44 4 0 6.06
"9" "49ers D/ST" "1.32-12.84" 23.84 2.08 1.04 0.78 0 0.22 "#22" 12.84 1.32 5.76 33.1776 5 0 353.968 5 -1 6.04
"3" "Broncos D/ST" "3.09-11.35" 16.2 1.68 0.72 0.52 0.02 0.14 "#9" 11.35 3.09 4.13 17.0569 4 1 314.24 4 0 6.04
"11" "Chargers D/ST" "1.64-12.50" 24.21 2.54 0.88 0.62 0.02 0.24 "#7" 12.5 1.64 5.43 29.4849 5 0 355.892 5 -1 6.02
"17" "Chargers D/ST" "1.64-12.50" 24.21 2.54 0.88 0.62 0.02 0.24 "#7" 12.5 1.64 5.43 29.4849 5 0 355.892 5 -1 6.02
"7" "Redskins D/ST" "0.57-14.77" 26.86 2.56 1.26 0.66 0.03 0.26 "#24" 14.77 0.57 7.1 50.41 6 -1 369.672 5 -1 6.02
"3" "Redskins D/ST" "2.91-11.63" 18.65 2.22 0.9 0.51 0.03 0.15 "#17" 11.63 2.91 4.36 19.0096 5 0 326.98 4 0 6
"8" "Saints D/ST" "-0.09-14.39" 28.84 2.62 1.08 0.79 0 0.27 "#15" 14.39 -0.09 7.24 52.4176 6 -1 379.968 5 -1 5.98
"7" "Ravens D/ST" "0.32-14.70" 27.31 2.41 0.98 0.82 0.05 0.31 "#3" 14.7 0.32 7.19 51.6961 6 -1 372.012 5 -1 5.97
"4" "Bills D/ST" "2.59-10.81" 22.2 1.86 0.91 0.45 0.03 0.22 "#17" 10.81 2.59 4.11 16.8921 5 0 345.44 4 0 5.96
"4" "Steelers D/ST" "0.83-13.79" 23.92 2.91 1.04 0.67 0 0.1 "#9" 13.79 0.83 6.48 41.9904 5 0 354.384 5 -1 5.93
"5" "Lions D/ST" "0.36-14.28" 27.23 2.29 1.33 0.73 0.07 0.23 "#17" 14.28 0.36 6.96 48.4416 6 -1 371.596 5 -1 5.93
"6" "Dolphins D/ST" "1.49-11.83" 21.43 2.6 0.68 0.68 0.04 0.08 "#10" 11.83 1.49 5.17 26.7289 5 0 341.436 4 0 5.88
"5" "Browns D/ST" "1.38-12.70" 19.44 1.89 0.93 0.69 0.04 0.11 "#9" 12.7 1.38 5.66 32.0356 5 0 331.088 4 0 5.87
"3" "Cardinals D/ST" "3.10-11.84" 18.22 1.99 0.82 0.82 0.06 0.08 "#10" 11.84 3.1 4.37 19.0969 5 0 324.744 4 0 5.87
"16" "Texans D/ST" "0.55-12.53" 25.43 2.35 0.96 0.56 0.02 0.24 "#20" 12.53 0.55 5.99 35.8801 5 0 362.236 5 -1 5.87
"5" "Steelers D/ST" "0.79-13.45" 27.16 2.68 0.99 0.94 0.08 0.19 "#6" 13.45 0.79 6.33 40.0689 6 -1 371.232 5 -1 5.84
"1" "Bears D/ST" "1.62-11.88" 25.53 2.39 1.02 0.6 0.06 0.18 "#17" 11.88 1.62 5.13 26.3169 5 0 362.756 5 -1 5.83
"8" "Panthers D/ST" "0.73-13.71" 24.58 2.17 0.88 0.59 0.02 0.28 "#9" 13.71 0.73 6.49 42.1201 5 0 357.816 5 -1 5.83
"10" "Chargers D/ST" "1.09-12.93" 23.84 1.98 1.24 0.62 0.02 0.18 "#22" 12.93 1.09 5.92 35.0464 5 0 353.968 5 -1 5.82
"6" "Browns D/ST" "-0.39-15.25" 27.36 2.75 0.95 0.88 0.13 0.19 "#4" 15.25 -0.39 7.82 61.1524 6 -1 372.272 5 -1 5.81
"4" "Colts D/ST" "0.75-13.45" 24.63 2.79 0.68 0.7 0.02 0.2 "#19" 13.45 0.75 6.35 40.3225 5 0 358.076 5 -1 5.79
"8" "Browns D/ST" "0.73-11.15" 22.58 1.78 0.87 0.41 0 0.24 "#13" 11.15 0.73 5.21 27.1441 5 0 347.416 4 0 5.78
"13" "Cardinals D/ST" "1.85-12.65" 23.22 2.9 1.12 0.56 0.02 0.08 "#17" 12.65 1.85 5.4 29.16 5 0 350.744 5 -1 5.78
"15" "Cardinals D/ST" "1.54-11.46" 22.79 2.34 0.86 0.6 0.02 0.08 "#6" 11.46 1.54 4.96 24.6016 5 0 348.508 4 0 5.78
"9" "Vikings D/ST" "1.25-12.17" 24.34 2.32 0.98 0.74 0.02 0.16 "#12" 12.17 1.25 5.46 29.8116 5 0 356.568 5 -1 5.76
"16" "Vikings D/ST" "1.25-12.17" 24.34 2.32 0.98 0.74 0.02 0.16 "#12" 12.17 1.25 5.46 29.8116 5 0 356.568 5 -1 5.76
"7" "Browns D/ST" "1.34-11.50" 21.76 1.97 0.86 0.49 0 0.18 "#8" 11.5 1.34 5.08 25.8064 5 0 343.152 4 0 5.75
"4" "Jets D/ST" "1.23-11.77" 25.26 2.53 1.04 0.56 0.03 0.16 "#29" 11.77 1.23 5.27 27.7729 5 0 361.352 5 -1 5.75
"15" "Patriots D/ST" "2.00-11.10" 25.08 1.9 0.88 0.68 0.02 0.28 "#13" 11.1 2 4.55 20.7025 5 0 360.416 5 -1 5.74
"10" "Bears D/ST" "1.48-11.56" 24.56 2.28 0.88 0.72 0.02 0.2 "#12" 11.56 1.48 5.04 25.4016 5 0 357.712 5 -1 5.72
"12" "Bears D/ST" "1.48-11.56" 24.56 2.28 0.88 0.72 0.02 0.2 "#12" 11.56 1.48 5.04 25.4016 5 0 357.712 5 -1 5.72
"14" "Chiefs D/ST" "1.25-12.29" 24.15 2.24 0.96 0.84 0.02 0.14 "#9" 12.29 1.25 5.52 30.4704 5 0 355.58 5 -1 5.72
"5" "Vikings D/ST" "2.22-11.28" 20.72 1.9 1.05 0.54 0.02 0.1 "#20" 11.28 2.22 4.53 20.5209 5 0 337.744 4 0 5.72
"16" "Redskins D/ST" "1.19-11.63" 22.66 1.96 0.92 0.58 0.02 0.12 "#26" 11.63 1.19 5.22 27.2484 5 0 347.832 4 0 5.72
"12" "Texans D/ST" "1.61-12.73" 23 2.38 0.8 0.84 0.04 0.16 "#26" 12.73 1.61 5.56 30.9136 5 0 349.6 5 -1 5.7
"3" "Steelers D/ST" "1.21-12.19" 23.72 2.17 0.81 0.75 0.04 0.22 "#8" 12.19 1.21 5.49 30.1401 5 0 353.344 5 -1 5.69
"3" "Bengals D/ST" "1.44-12.68" 23.24 2.41 0.94 0.62 0 0.19 "#16" 12.68 1.44 5.62 31.5844 5 0 350.848 5 -1 5.67
"14" "49ers D/ST" "2.50-10.22" 25.12 2.13 1 0.56 0.04 0.22 "#7" 10.22 2.5 3.86 14.8996 5 0 360.624 5 -1 5.65
"4" "Buccaneers D/ST" "1.06-12.76" 23.2 2.27 1.03 0.59 0.02 0.18 "#10" 12.76 1.06 5.85 34.2225 5 0 350.64 5 -1 5.63
"15" "Titans D/ST" "1.28-12.40" 23.23 2.38 1.06 0.64 0 0.14 "#23" 12.4 1.28 5.56 30.9136 5 0 350.796 5 -1 5.62
"8" "Jaguars D/ST" "2.52-11.54" 17.91 1.56 0.96 0.44 0.02 0.2 "#20" 11.54 2.52 4.51 20.3401 5 0 323.132 4 0 5.6
"5" "Packers D/ST" "0.84-13.22" 27.08 2.12 1.22 0.74 0 0.26 "#12" 13.22 0.84 6.19 38.3161 6 -1 370.816 5 -1 5.6
"3" "Saints D/ST" "0.82-12.06" 26.4 2.25 0.9 0.78 0.07 0.14 "#6" 12.06 0.82 5.62 31.5844 5 0 367.28 5 -1 5.59
"5" "Jaguars D/ST" "0.10-13.34" 28.01 2.28 1.31 0.8 0.05 0.16 "#1" 13.34 0.1 6.62 43.8244 6 -1 375.652 5 -1 5.56
"6" "Bills D/ST" "2.49-10.11" 20.8 1.72 0.59 0.71 0.02 0.2 "#19" 10.11 2.49 3.81 14.5161 5 0 338.16 4 0 5.56
"1" "Chargers D/ST" "0.26-12.24" 25.31 2.22 1 0.54 0.02 0.2 "#1" 12.24 0.26 5.99 35.8801 5 0 361.612 5 -1 5.54
"5" "Cowboys D/ST" "0.09-13.67" 24.46 2.84 0.7 0.72 0.04 0.13 "#19" 13.67 0.09 6.79 46.1041 5 0 357.192 5 -1 5.54
"11" "Panthers D/ST" "0.84-12.02" 26.37 1.98 0.98 0.42 0.04 0.28 "#12" 12.02 0.84 5.59 31.2481 5 0 367.124 5 -1 5.54
"9" "Dolphins D/ST" "1.43-12.13" 23.38 2.64 0.62 0.68 0.04 0.2 "#28" 12.13 1.43 5.35 28.6225 5 0 351.576 5 -1 5.52
"14" "Giants D/ST" "0.65-12.63" 24.34 2.54 0.76 0.62 0.06 0.18 "#21" 12.63 0.65 5.99 35.8801 5 0 356.568 5 -1 5.5
"16" "Titans D/ST" "0.66-12.62" 24.34 2.54 0.76 0.62 0.06 0.18 "#21" 12.62 0.66 5.98 35.7604 5 0 356.568 5 -1 5.5
"2" "Patriots D/ST" "0.58-13.82" 26.82 2.71 0.99 0.65 0.08 0.22 "#29" 13.82 0.58 6.62 43.8244 6 -1 369.464 5 -1 5.47
"10" "Packers D/ST" "1.07-11.39" 25.3 2.03 0.88 0.6 0.02 0.24 "#25" 11.39 1.07 5.16 26.6256 5 0 361.56 5 -1 5.47
"6" "Raiders D/ST" "0.63-13.11" 28 2.56 0.76 1.09 0.06 0.18 "#18" 13.11 0.63 6.24 38.9376 6 -1 375.6 5 -1 5.46
"5" "Dolphins D/ST" "1.13-11.47" 25 1.94 0.98 0.65 0 0.21 "#11" 11.47 1.13 5.17 26.7289 5 0 360 5 -1 5.46
"15" "Ravens D/ST" "0.78-12.78" 23.04 2.26 0.84 0.54 0 0.24 "#8" 12.78 0.78 6 36 5 0 349.808 5 -1 5.46
"8" "Jets D/ST" "0.14-12.68" 20.24 1.83 0.8 0.55 0.04 0.14 "#10" 12.68 0.14 6.27 39.3129 5 0 335.248 4 0 5.45
"1" "Falcons D/ST" "1.16-11.08" 26.37 2.22 0.78 0.7 0.08 0.18 "#20" 11.08 1.16 4.96 24.6016 5 0 367.124 5 -1 5.42
"14" "Texans D/ST" "0.75-11.39" 25.77 2.3 0.9 0.46 0.04 0.22 "#14" 11.39 0.75 5.32 28.3024 5 0 364.004 5 -1 5.42
"4" "Bengals D/ST" "1.68-11.06" 25.87 2.44 0.71 0.71 0.08 0.16 "#6" 11.06 1.68 4.69 21.9961 5 0 364.524 5 -1 5.4
"11" "Bengals D/ST" "0.70-12.18" 25.11 2.2 1 0.54 0.02 0.18 "#9" 12.18 0.7 5.74 32.9476 5 0 360.572 5 -1 5.4
"12" "Giants D/ST" "1.07-12.67" 23.17 2.08 0.84 0.78 0 0.18 "#20" 12.67 1.07 5.8 33.64 5 0 350.484 5 -1 5.4
"17" "Giants D/ST" "1.35-11.55" 24.95 2.4 0.86 0.62 0.04 0.16 "#24" 11.55 1.35 5.1 26.01 5 0 359.74 5 -1 5.4
"12" "Packers D/ST" "-0.43-12.83" 25.41 1.98 1 0.7 0.02 0.16 "#15" 12.83 -0.43 6.63 43.9569 5 0 362.132 5 -1 5.38
"8" "Raiders D/ST" "0.41-12.55" 27.93 1.97 1.27 0.73 0.02 0.22 "#14" 12.55 0.41 6.07 36.8449 6 -1 375.236 5 -1 5.33
"13" "Bengals D/ST" "0.82-11.32" 26.49 2.24 0.86 0.38 0.02 0.26 "#7" 11.32 0.82 5.25 27.5625 5 0 367.748 5 -1 5.32
"9" "Redskins D/ST" "-0.17-11.71" 26.2 1.84 0.88 0.72 0.04 0.2 "#6" 11.71 -0.17 5.94 35.2836 5 0 366.24 5 -1 5.32
"7" "Bills D/ST" "3.03-10.21" 17.84 1.59 0.74 0.49 0.03 0.2 "#14" 10.21 3.03 3.59 12.8881 5 0 322.768 4 0 5.31
"1" "Broncos D/ST" "0.45-12.99" 23.43 1.95 0.9 0.66 0.02 0.2 "#18" 12.99 0.45 6.27 39.3129 5 0 351.836 5 -1 5.31
"3" "Falcons D/ST" "-0.66-14.26" 28.17 2.32 1.07 0.79 0 0.21 "#3" 14.26 -0.66 7.46 55.6516 6 -1 376.484 5 -1 5.3
"3" "Titans D/ST" "0.74-11.98" 23.94 2.22 0.67 0.63 0.02 0.24 "#29" 11.98 0.74 5.62 31.5844 5 0 354.488 5 -1 5.3
"3" "Buccaneers D/ST" "-0.51-13.33" 30.28 2.72 0.82 0.95 0 0.17 "#13" 13.33 -0.51 6.92 47.8864 6 -1 387.456 5 -1 5.28
"13" "Rams D/ST" "1.16-11.38" 24.92 2.16 1.16 0.48 0.06 0.12 "#12" 11.38 1.16 5.11 26.1121 5 0 359.584 5 -1 5.28
"9" "Titans D/ST" "1.19-11.47" 24.88 2.36 0.84 0.6 0.04 0.16 "#24" 11.47 1.19 5.14 26.4196 5 0 359.376 5 -1 5.28
"5" "Giants D/ST" "-1.21-14.13" 27.99 1.92 1.03 0.7 0.04 0.3 "#16" 14.13 -1.21 7.67 58.8289 6 -1 375.548 5 -1 5.26
"12" "Buccaneers D/ST" "0.39-11.71" 25.67 2.24 0.84 0.52 0.04 0.2 "#27" 11.71 0.39 5.66 32.0356 5 0 363.484 5 -1 5.24
"5" "Redskins D/ST" "0.64-11.54" 30.29 2.19 1.11 0.63 0 0.26 "#3" 11.54 0.64 5.45 29.7025 6 -1 387.508 5 -1 5.23
"15" "Buccaneers D/ST" "-0.17-11.93" 26.08 1.88 0.82 0.66 0.02 0.22 "#9" 11.93 -0.17 6.05 36.6025 5 0 365.616 5 -1 5.2
"1" "Dolphins D/ST" "1.97-10.99" 23.48 2.2 0.8 0.72 0.06 0.14 "#26" 10.99 1.97 4.51 20.3401 5 0 352.096 5 -1 5.2
"11" "Texans D/ST" "0.86-11.92" 24.13 2 0.82 0.66 0.02 0.2 "#21" 11.92 0.86 5.53 30.5809 5 0 355.476 5 -1 5.2
"6" "Broncos D/ST" "-0.50-12.46" 31.72 2.7 1.07 0.74 0.03 0.13 "#2" 12.46 -0.5 6.48 41.9904 6 -1 394.944 5 -1 5.16
"13" "Saints D/ST" "-0.57-12.17" 26.18 2.06 0.86 0.66 0.04 0.16 "#24" 12.17 -0.57 6.37 40.5769 5 0 366.136 5 -1 5.14
"7" "Giants D/ST" "-0.64-13.08" 28.32 2.25 0.98 0.56 0.03 0.29 "#6" 13.08 -0.64 6.86 47.0596 6 -1 377.264 5 -1 5.13
"10" "Eagles D/ST" "-0.09-12.31" 23.67 2.24 0.8 0.56 0.04 0.18 "#24" 12.31 -0.09 6.2 38.44 5 0 353.084 5 -1 5.12
"14" "Eagles D/ST" "-0.09-12.31" 23.67 2.24 0.8 0.56 0.04 0.18 "#24" 12.31 -0.09 6.2 38.44 5 0 353.084 5 -1 5.12
"11" "Redskins D/ST" "1.88-10.74" 23.67 2.4 0.84 0.68 0.04 0.1 "#19" 10.74 1.88 4.43 19.6249 5 0 353.084 5 -1 5.12
"12" "Titans D/ST" "-0.10-12.36" 24.89 2.26 0.7 0.62 0 0.2 "#19" 12.36 -0.1 6.23 38.8129 5 0 359.428 5 -1 5.1
"8" "Dolphins D/ST" "0.78-11.94" 23.86 2.25 0.66 0.63 0.06 0.19 "#19" 11.94 0.78 5.58 31.1364 5 0 354.072 5 -1 5.09
"8" "Buccaneers D/ST" "0.06-12.32" 28.86 2.17 0.93 0.86 0.03 0.21 "#11" 12.32 0.06 6.13 37.5769 6 -1 380.072 5 -1 5.07
"2" "Steelers D/ST" "1.26-10.46" 26.26 2.06 0.92 0.48 0 0.2 "#1" 10.46 1.26 4.6 21.16 5 0 366.552 5 -1 5.06
"3" "Chargers D/ST" "-0.70-12.16" 29.72 2.46 1.07 0.59 0.03 0.2 "#2" 12.16 -0.7 6.43 41.3449 6 -1 384.544 5 -1 5.04
"14" "Colts D/ST" "1.01-11.69" 23.22 1.84 0.82 0.68 0 0.2 "#19" 11.69 1.01 5.34 28.5156 5 0 350.744 5 -1 5.04
"7" "Saints D/ST" "-0.23-13.77" 27.33 2.32 0.93 0.8 0 0.21 "#9" 13.77 -0.23 7 49 6 -1 372.116 5 -1 5.04
"5" "Falcons D/ST" "0.62-11.54" 24.86 1.6 1.16 0.46 0.02 0.19 "#13" 11.54 0.62 5.46 29.8116 5 0 359.272 5 -1 5.02
"5" "Raiders D/ST" "-0.51-12.81" 29.31 2.27 1.07 0.88 0.03 0.13 "#4" 12.81 -0.51 6.66 44.3556 6 -1 382.412 5 -1 5.01
"1" "Chiefs D/ST" "0.07-10.91" 25.49 1.76 0.84 0.7 0.04 0.18 "#4" 10.91 0.07 5.42 29.3764 5 0 362.548 5 -1 5
"5" "Seahawks D/ST" "-0.88-12.54" 29.77 2.34 0.81 0.88 0.02 0.2 "#2" 12.54 -0.88 6.71 45.0241 6 -1 384.804 5 -1 4.96
"10" "Steelers D/ST" "1.16-11.56" 23.25 2 0.98 0.52 0 0.16 "#16" 11.56 1.16 5.2 27.04 5 0 350.9 5 -1 4.96
"6" "Buccaneers D/ST" "0.47-11.67" 29.52 2.53 0.78 1.05 0.05 0.11 "#6" 11.67 0.47 5.6 31.36 6 -1 383.504 5 -1 4.95
"4" "Giants D/ST" "-0.22-12.40" 29.9 2.28 1.03 0.79 0.03 0.16 "#3" 12.4 -0.22 6.31 39.8161 6 -1 385.48 5 -1 4.94
"8" "Vikings D/ST" "-1.11-14.09" 28.4 2.15 1 0.85 0 0.18 "#3" 14.09 -1.11 7.6 57.76 6 -1 377.68 5 -1 4.93
"6" "Cardinals D/ST" "1.65-10.55" 25.37 2.02 0.69 0.62 0.07 0.19 "#15" 10.55 1.65 4.45 19.8025 5 0 361.924 5 -1 4.92
"12" "49ers D/ST" "0.04-11.14" 25.64 1.62 0.96 0.62 0.02 0.18 "#8" 11.14 0.04 5.55 30.8025 5 0 363.328 5 -1 4.9
"15" "Dolphins D/ST" "0.64-11.90" 27.63 1.86 0.84 0.62 0.04 0.34 "#15" 11.9 0.64 5.63 31.6969 6 -1 373.676 5 -1 4.9
"14" "Chargers D/ST" "-0.07-10.99" 26.45 1.54 1.02 0.46 0.02 0.22 "#11" 10.99 -0.07 5.53 30.5809 5 0 367.54 5 -1 4.86
"1" "Giants D/ST" "-0.32-12.30" 24.41 1.98 0.82 0.52 0 0.2 "#29" 12.3 -0.32 6.31 39.8161 5 0 356.932 5 -1 4.86
"13" "Redskins D/ST" "0.21-11.85" 24.35 2.28 0.86 0.56 0 0.12 "#20" 11.85 0.21 5.82 33.8724 5 0 356.62 5 -1 4.84
"17" "Redskins D/ST" "0.21-11.85" 24.35 2.28 0.86 0.56 0 0.12 "#20" 11.85 0.21 5.82 33.8724 5 0 356.62 5 -1 4.84
"4" "49ers D/ST" "-0.87-11.75" 31.69 2.2 0.7 0.98 0.03 0.2 "#4" 11.75 -0.87 6.31 39.8161 6 -1 394.788 5 -1 4.82
"6" "49ers D/ST" "0.23-11.75" 28.16 2.08 1 0.59 0.09 0.23 "#17" 11.75 0.23 5.76 33.1776 6 -1 376.432 5 -1 4.82
"3" "Colts D/ST" "-0.33-12.61" 29.87 2.54 0.79 0.87 0.03 0.15 "#20" 12.61 -0.33 6.47 41.8609 6 -1 385.324 5 -1 4.82
"16" "Giants D/ST" "0.49-10.67" 24.98 2.02 1.02 0.52 0 0.12 "#14" 10.67 0.49 5.09 25.9081 5 0 359.896 5 -1 4.82
"9" "Raiders D/ST" "0.76-10.50" 25.63 2.14 0.72 0.66 0.04 0.14 "#27" 10.5 0.76 4.87 23.7169 5 0 363.276 5 -1 4.82
"4" "Dolphins D/ST" "0.85-10.97" 23.81 1.67 0.9 0.63 0.02 0.17 "#5" 10.97 0.85 5.06 25.6036 5 0 353.812 5 -1 4.79
"5" "Colts D/ST" "-0.27-11.21" 30.06 3.17 0.76 0.64 0.03 0.12 "#5" 11.21 -0.27 5.74 32.9476 6 -1 386.312 5 -1 4.75
"14" "Ravens D/ST" "-0.23-11.73" 29.09 1.93 0.91 0.66 0.06 0.26 "#1" 11.73 -0.23 5.98 35.7604 6 -1 381.268 5 -1 4.75
"9" "Bills D/ST" "0.30-11.54" 23.79 2.24 0.84 0.32 0.04 0.18 "#10" 11.54 0.3 5.62 31.5844 5 0 353.708 5 -1 4.72
"14" "Cardinals D/ST" "1.37-10.33" 23.56 2.32 1.04 0.52 0.02 0.04 "#12" 10.33 1.37 4.48 20.0704 5 0 352.512 5 -1 4.72
"7" "Bengals D/ST" "-1.32-12.56" 31.6 2.17 1.18 0.67 0 0.14 "#1" 12.56 -1.32 6.94 48.1636 6 -1 394.32 5 -1 4.71
"1" "Eagles D/ST" "0.95-10.81" 23.21 1.66 0.76 0.82 0.02 0.14 "#6" 10.81 0.95 4.93 24.3049 5 0 350.692 5 -1 4.7
"16" "49ers D/ST" "0.96-9.98" 24.93 2.1 0.84 0.44 0.04 0.16 "#10" 9.98 0.96 4.51 20.3401 5 0 359.636 5 -1 4.7
"1" "Panthers D/ST" "-0.19-12.55" 23.37 1.9 0.86 0.58 0.04 0.14 "#24" 12.55 -0.19 6.37 40.5769 5 0 351.524 5 -1 4.7
"8" "Broncos D/ST" "-0.25-11.27" 31.09 1.87 0.92 0.5 0 0.33 "#1" 11.27 -0.25 5.76 33.1776 6 -1 391.668 5 -1 4.69
"4" "Broncos D/ST" "-0.17-12.25" 27.92 2.34 0.83 0.71 0 0.21 "#1" 12.25 -0.17 6.21 38.5641 6 -1 375.184 5 -1 4.68
"2" "Panthers D/ST" "0.57-10.59" 25.48 2 0.7 0.74 0.04 0.12 "#6" 10.59 0.57 5.01 25.1001 5 0 362.496 5 -1 4.68
"4" "Vikings D/ST" "0.26-11.76" 27.16 2.3 0.95 0.83 0.05 0.12 "#2" 11.76 0.26 5.75 33.0625 6 -1 371.232 5 -1 4.68
"3" "49ers D/ST" "-0.92-12.08" 31.2 2.65 0.82 0.92 0 0.09 "#1" 12.08 -0.92 6.5 42.25 6 -1 392.24 5 -1 4.67
"11" "Titans D/ST" "0.36-10.44" 25.09 1.98 1 0.48 0 0.12 "#14" 10.44 0.36 5.04 25.4016 5 0 360.468 5 -1 4.66
"17" "Titans D/ST" "0.36-10.44" 25.09 1.98 1 0.48 0 0.12 "#14" 10.44 0.36 5.04 25.4016 5 0 360.468 5 -1 4.66
"8" "Bills D/ST" "-1.18-11.84" 30.37 2.69 0.82 0.69 0.08 0.13 "#5" 11.84 -1.18 6.51 42.3801 6 -1 387.924 5 -1 4.65
"11" "Cowboys D/ST" "0.73-11.17" 28.37 1.94 0.9 0.72 0.06 0.22 "#6" 11.17 0.73 5.22 27.2484 6 -1 377.524 5 -1 4.62
"12" "Dolphins D/ST" "0.20-10.88" 24.97 1.96 0.82 0.56 0.02 0.14 "#14" 10.88 0.2 5.34 28.5156 5 0 359.844 5 -1 4.6
"15" "Bills D/ST" "0.88-10.82" 23.57 2.38 0.94 0.32 0.04 0.1 "#12" 10.82 0.88 4.97 24.7009 5 0 352.564 5 -1 4.58
"2" "Jaguars D/ST" "0.15-11.33" 27.61 2.02 1 0.7 0.04 0.18 "#5" 11.33 0.15 5.59 31.2481 6 -1 373.572 5 -1 4.58
"14" "Falcons D/ST" "0.16-11.34" 28.75 2.26 1.03 0.44 0 0.22 "#17" 11.34 0.16 5.59 31.2481 6 -1 379.5 5 -1 4.52
"10" "Saints D/ST" "-0.57-11.83" 28.44 2.14 0.78 0.72 0 0.22 "#11" 11.83 -0.57 6.2 38.44 6 -1 377.888 5 -1 4.46
"10" "Redskins D/ST" "-0.11-11.99" 26.58 1.9 0.84 0.64 0.02 0.26 "#8" 11.99 -0.11 6.05 36.6025 6 -1 368.216 5 -1 4.46
"16" "Cowboys D/ST" "0.24-11.48" 27.49 2.02 0.86 0.66 0.08 0.2 "#8" 11.48 0.24 5.62 31.5844 6 -1 372.948 5 -1 4.42
"15" "Raiders D/ST" "0.57-10.27" 28.84 1.56 0.96 0.72 0 0.24 "#11" 10.27 0.57 4.85 23.5225 6 -1 379.968 5 -1 4.36
"12" "Panthers D/ST" "-0.18-10.52" 26.06 1.9 0.74 0.44 0 0.18 "#18" 10.52 -0.18 5.35 28.6225 5 0 365.512 5 -1 4.34
"14" "Vikings D/ST" "0.54-10.08" 24.13 1.96 0.56 0.62 0 0.16 "#18" 10.08 0.54 4.77 22.7529 5 0 355.476 5 -1 4.28
"16" "Ravens D/ST" "-0.43-10.55" 30.5 1.66 0.88 0.7 0.04 0.22 "#4" 10.55 -0.43 5.49 30.1401 6 -1 388.6 5 -1 4.22
"16" "Chargers D/ST" "0.49-10.33" 23.87 1.88 0.76 0.5 0.04 0.12 "#9" 10.33 0.49 4.92 24.2064 5 0 354.124 5 -1 4.2
"13" "49ers D/ST" "0.32-9.94" 25.04 2.26 0.78 0.42 0.02 0.08 "#18" 9.94 0.32 4.81 23.1361 5 0 360.208 5 -1 4.18
"15" "49ers D/ST" "0.32-9.94" 25.04 2.26 0.78 0.42 0.02 0.08 "#18" 9.94 0.32 4.81 23.1361 5 0 360.208 5 -1 4.18
"2" "Giants D/ST" "0.36-9.62" 25.4 2.1 0.78 0.4 0 0.12 "#24" 9.62 0.36 4.63 21.4369 5 0 362.08 5 -1 4.18
"11" "Lions D/ST" "0.33-10.49" 29.34 1.98 0.68 0.72 0.02 0.22 "#16" 10.49 0.33 5.08 25.8064 6 -1 382.568 5 -1 4.14
"2" "49ers D/ST" "0.12-8.82" 26.26 1.75 0.78 0.6 0 0.1 "#12" 8.82 0.12 4.35 18.9225 5 0 366.552 5 -1 4.11
"16" "Saints D/ST" "-1.04-10.76" 29.74 1.91 0.8 0.66 0.02 0.2 "#13" 10.76 -1.04 5.9 34.81 6 -1 384.648 5 -1 4.07
"13" "Chargers D/ST" "0.01-10.75" 27.75 1.54 1 0.58 0.02 0.22 "#13" 10.75 0.01 5.37 28.8369 6 -1 374.3 5 -1 4.06
"14" "Rams D/ST" "0.30-11.18" 27.1 2.16 0.98 0.4 0.02 0.18 "#10" 11.18 0.3 5.44 29.5936 6 -1 370.92 5 -1 4.04
"1" "Colts D/ST" "-0.42-9.68" 26.32 1.78 0.86 0.42 0.04 0.1 "#11" 9.68 -0.42 5.05 25.5025 5 0 366.864 5 -1 4.02
"3" "Lions D/ST" "-0.68-11.68" 27.95 1.78 0.93 0.77 0.03 0.13 "#5" 11.68 -0.68 6.18 38.1924 6 -1 375.34 5 -1 4.02
"9" "Browns D/ST" "0.50-9.98" 27.9 1.94 1.02 0.56 0.02 0.14 "#1" 9.98 0.5 4.74 22.4676 6 -1 375.08 5 -1 3.98
"2" "Packers D/ST" "0.43-10.53" 27.56 1.8 0.72 0.7 0.06 0.2 "#15" 10.53 0.43 5.05 25.5025 6 -1 373.312 5 -1 3.96
"10" "Lions D/ST" "-0.38-10.18" 30.22 1.9 0.72 0.68 0.02 0.2 "#10" 10.18 -0.38 5.28 27.8784 6 -1 387.144 5 -1 3.94
"12" "Lions D/ST" "-0.38-10.18" 30.22 1.9 0.72 0.68 0.02 0.2 "#10" 10.18 -0.38 5.28 27.8784 6 -1 387.144 5 -1 3.94
"10" "Rams D/ST" "0.00-9.78" 25.48 1.86 0.74 0.46 0.02 0.1 "#18" 9.78 0 4.89 23.9121 5 0 362.496 5 -1 3.9
"10" "Dolphins D/ST" "-0.77-11.59" 27.27 2.17 0.8 0.68 0.02 0.12 "#17" 11.59 -0.77 6.18 38.1924 6 -1 371.804 5 -1 3.89
"2" "Bills D/ST" "0.65-9.45" 27.63 1.88 0.88 0.54 0.04 0.18 "#4" 9.45 0.65 4.4 19.36 6 -1 373.676 5 -1 3.88
"16" "Falcons D/ST" "0.34-10.16" 28.13 2.16 0.64 0.7 0.02 0.16 "#16" 10.16 0.34 4.91 24.1081 6 -1 376.276 5 -1 3.84
"14" "Saints D/ST" "-1.53-10.51" 30.73 1.69 0.8 0.7 0.02 0.18 "#8" 10.51 -1.53 6.02 36.2404 6 -1 389.796 5 -1 3.81
"14" "Raiders D/ST" "0.41-9.63" 28.23 1.74 0.84 0.76 0 0.14 "#13" 9.63 0.41 4.61 21.2521 6 -1 376.796 5 -1 3.78
"13" "Vikings D/ST" "-0.63-11.63" 26.7 1.78 0.8 0.76 0.02 0.14 "#5" 11.63 -0.63 6.13 37.5769 6 -1 368.84 5 -1 3.78
"6" "Chiefs D/ST" "-1.40-13.02" 34.44 2.25 0.96 0.8 0 0.33 "#5" 13.02 -1.4 7.21 51.9841 6 -1 409.088 6 -3 3.75
"2" "Buccaneers D/ST" "-0.10-10.24" 27.35 1.98 0.72 0.64 0.04 0.16 "#20" 10.24 -0.1 5.17 26.7289 6 -1 372.22 5 -1 3.74
"17" "Falcons D/ST" "-0.75-10.17" 29.38 1.91 0.72 0.68 0.02 0.16 "#8" 10.17 -0.75 5.46 29.8116 6 -1 382.776 5 -1 3.71
"3" "Bills D/ST" "-0.91-11.17" 27.26 1.98 0.72 0.79 0.04 0.1 "#15" 11.17 -0.91 6.04 36.4816 6 -1 371.752 5 -1 3.68
"14" "Packers D/ST" "-0.92-10.96" 27.93 1.72 0.86 0.56 0.02 0.18 "#6" 10.96 -0.92 5.94 35.2836 6 -1 375.236 5 -1 3.68
"11" "Giants D/ST" "-0.49-10.27" 27.03 1.46 0.9 0.4 0 0.26 "#8" 10.27 -0.49 5.38 28.9444 6 -1 370.556 5 -1 3.62
"9" "Lions D/ST" "0.11-9.49" 27.91 2.02 0.8 0.64 0 0.12 "#15" 9.49 0.11 4.69 21.9961 6 -1 375.132 5 -1 3.62
"16" "Lions D/ST" "0.11-9.49" 27.91 2.02 0.8 0.64 0 0.12 "#15" 9.49 0.11 4.69 21.9961 6 -1 375.132 5 -1 3.62
"13" "Giants D/ST" "-0.74-10.52" 27.49 2.16 0.58 0.58 0 0.18 "#10" 10.52 -0.74 5.63 31.6969 6 -1 372.948 5 -1 3.56
"11" "Packers D/ST" "-0.62-9.22" 29.11 2.04 0.66 0.72 0.02 0.12 "#18" 9.22 -0.62 4.92 24.2064 6 -1 381.372 5 -1 3.56
"11" "Vikings D/ST" "0.56-10.14" 26.61 2.32 0.68 0.64 0 0.1 "#10" 10.14 0.56 4.79 22.9441 6 -1 368.372 5 -1 3.56
"17" "Vikings D/ST" "0.56-10.14" 26.61 2.32 0.68 0.64 0 0.1 "#10" 10.14 0.56 4.79 22.9441 6 -1 368.372 5 -1 3.56
"16" "Raiders D/ST" "0.16-9.50" 28.99 2.14 0.56 0.52 0.02 0.2 "#7" 9.5 0.16 4.67 21.8089 6 -1 380.748 5 -1 3.54
"17" "Packers D/ST" "-0.72-9.94" 28.87 1.9 0.66 0.66 0.02 0.16 "#12" 9.94 -0.72 5.33 28.4089 6 -1 380.124 5 -1 3.54
"15" "Saints D/ST" "-0.56-10.68" 27.07 1.86 0.76 0.56 0.02 0.16 "#16" 10.68 -0.56 5.62 31.5844 6 -1 370.764 5 -1 3.5
"17" "Saints D/ST" "-0.56-10.68" 27.07 1.86 0.76 0.56 0.02 0.16 "#16" 10.68 -0.56 5.62 31.5844 6 -1 370.764 5 -1 3.5
"9" "Falcons D/ST" "-0.59-10.11" 27.92 1.78 0.66 0.66 0.02 0.16 "#21" 10.11 -0.59 5.35 28.6225 6 -1 375.184 5 -1 3.42
"11" "Falcons D/ST" "-0.85-9.69" 28.83 2.06 0.66 0.54 0.02 0.14 "#24" 9.69 -0.85 5.27 27.7729 6 -1 379.916 5 -1 3.34
"12" "Saints D/ST" "-0.47-8.81" 29.98 1.54 0.74 0.54 0.02 0.2 "#6" 8.81 -0.47 4.64 21.5296 6 -1 385.896 5 -1 3.34
"10" "Buccaneers D/ST" "0.15-9.49" 26.97 1.78 0.78 0.46 0.04 0.16 "#21" 9.49 0.15 4.67 21.8089 6 -1 370.244 5 -1 3.3
"1" "Texans D/ST" "-1.11-9.47" 29.36 2.11 0.62 0.59 0.07 0.1 "#5" 9.47 -1.11 5.29 27.9841 6 -1 382.672 5 -1 3.27
"16" "Buccaneers D/ST" "-0.44-10.14" 27.41 1.94 0.66 0.44 0.02 0.18 "#24" 10.14 -0.44 5.29 27.9841 6 -1 372.532 5 -1 3.26
"9" "Buccaneers D/ST" "-0.08-8.60" 28.54 1.82 0.48 0.54 0.02 0.22 "#16" 8.6 -0.08 4.34 18.8356 6 -1 378.408 5 -1 3.22
"13" "Buccaneers D/ST" "-0.08-8.60" 28.54 1.82 0.48 0.54 0.02 0.22 "#16" 8.6 -0.08 4.34 18.8356 6 -1 378.408 5 -1 3.22
"17" "Lions D/ST" "-0.53-8.47" 29.68 1.76 0.9 0.34 0 0.14 "#17" 8.47 -0.53 4.5 20.25 6 -1 384.336 5 -1 3.08
"15" "Chargers D/ST" "-1.60-8.32" 31.66 1.74 0.78 0.5 0.02 0.12 "#1" 8.32 -1.6 4.96 24.6016 6 -1 394.632 5 -1 3.06
"2" "Colts D/ST" "-0.31-8.83" 27.83 1.56 0.82 0.62 0 0.1 "#21" 8.83 -0.31 4.57 20.8849 6 -1 374.716 5 -1 3.04
"15" "Packers D/ST" "-0.61-8.61" 28.94 2.02 0.66 0.5 0.04 0.1 "#10" 8.61 -0.61 4.61 21.2521 6 -1 380.488 5 -1 3.02
"9" "Rams D/ST" "-0.14-8.14" 29.12 1.9 0.68 0.42 0.02 0.14 "#3" 8.14 -0.14 4.14 17.1396 6 -1 381.424 5 -1 2.98
"11" "Rams D/ST" "-0.27-8.13" 29.29 1.88 0.71 0.4 0.02 0.14 "#1" 8.13 -0.27 4.2 17.64 6 -1 382.308 5 -1 2.98
"2" "Chiefs D/ST" "-1.05-8.65" 29.79 1.4 0.82 0.62 0.04 0.1 "#13" 8.65 -1.05 4.85 23.5225 6 -1 384.908 5 -1 2.96
"13" "Falcons D/ST" "-0.87-8.51" 31.44 1.9 0.48 0.64 0.04 0.12 "#9" 8.51 -0.87 4.69 21.9961 6 -1 393.488 5 -1 2.94
"16" "Cardinals D/ST" "-1.95-8.77" 31.39 2.08 0.62 0.52 0.04 0.08 "#2" 8.77 -1.95 5.36 28.7296 6 -1 393.228 5 -1 2.92
"15" "Steelers D/ST" "-1.14-8.12" 30.55 1.76 0.78 0.42 0.02 0.12 "#5" 8.12 -1.14 4.63 21.4369 6 -1 388.86 5 -1 2.92
"10" "Bengals D/ST" "-1.54-8.84" 31.93 1.71 0.82 0.46 0.02 0.1 "#3" 8.84 -1.54 5.19 26.9361 6 -1 396.036 5 -1 2.91
"11" "Broncos D/ST" "-0.92-8.04" 29.63 1.58 0.87 0.36 0 0.14 "#4" 8.04 -0.92 4.48 20.0704 6 -1 384.076 5 -1 2.88
"17" "Broncos D/ST" "-0.92-8.04" 29.63 1.58 0.87 0.36 0 0.14 "#4" 8.04 -0.92 4.48 20.0704 6 -1 384.076 5 -1 2.88
"10" "Seahawks D/ST" "-0.36-8.66" 28.07 1.98 0.68 0.5 0.02 0.08 "#2" 8.66 -0.36 4.51 20.3401 6 -1 375.964 5 -1 2.86
"15" "Panthers D/ST" "-1.38-9.22" 29.74 1.64 0.78 0.52 0 0.1 "#3" 9.22 -1.38 5.3 28.09 6 -1 384.648 5 -1 2.84
"17" "Panthers D/ST" "-1.38-9.22" 29.74 1.64 0.78 0.52 0 0.1 "#3" 9.22 -1.38 5.3 28.09 6 -1 384.648 5 -1 2.84
"1" "49ers D/ST" "-0.12-8.04" 28.39 1.66 0.64 0.68 0.02 0.08 "#15" 8.04 -0.12 4.08 16.6464 6 -1 377.628 5 -1 2.82
"17" "Buccaneers D/ST" "-0.17-8.35" 28.15 1.6 0.56 0.76 0.04 0.08 "#6" 8.35 -0.17 4.26 18.1476 6 -1 376.38 5 -1 2.8
"12" "Jets D/ST" "-0.11-8.35" 27.2 1.88 0.56 0.56 0.02 0.1 "#5" 8.35 -0.11 4.23 17.8929 6 -1 371.44 5 -1 2.76
"17" "Jets D/ST" "-0.11-8.35" 27.2 1.88 0.56 0.56 0.02 0.1 "#5" 8.35 -0.11 4.23 17.8929 6 -1 371.44 5 -1 2.76
"16" "Bills D/ST" "-1.24-7.90" 30.37 1.89 0.58 0.48 0.06 0.1 "#5" 7.9 -1.24 4.57 20.8849 6 -1 387.924 5 -1 2.73
"9" "Chargers D/ST" "0.61-7.75" 26.62 1.92 0.5 0.58 0.02 0.1 "#18" 7.75 0.61 3.57 12.7449 6 -1 368.424 5 -1 2.72
"10" "Cardinals D/ST" "-1.08-7.68" 31.04 2.1 0.54 0.56 0.02 0.06 "#1" 7.68 -1.08 4.38 19.1844 6 -1 391.408 5 -1 2.7
"10" "Titans D/ST" "-1.18-7.46" 31.7 1.5 0.54 0.58 0.04 0.14 "#5" 7.46 -1.18 4.32 18.6624 6 -1 394.84 5 -1 2.66
"17" "49ers D/ST" "-1.16-7.70" 31.19 1.49 0.58 0.5 0.02 0.16 "#2" 7.7 -1.16 4.43 19.6249 6 -1 392.188 5 -1 2.65
"1" "Buccaneers D/ST" "-1.98-8.48" 31.37 1.42 0.62 0.54 0.02 0.14 "#3" 8.48 -1.98 5.23 27.3529 6 -1 393.124 5 -1 2.62
"13" "Cowboys D/ST" "-1.24-9.18" 29.15 1.8 0.66 0.5 0 0.08 "#3" 9.18 -1.24 5.21 27.1441 6 -1 381.58 5 -1 2.6
"9" "Seahawks D/ST" "-1.06-8.74" 28.44 1.96 0.64 0.5 0 0.06 "#4" 8.74 -1.06 4.9 24.01 6 -1 377.888 5 -1 2.6
"14" "Bengals D/ST" "-1.52-7.96" 32.1 1.52 0.74 0.58 0.02 0.06 "#4" 7.96 -1.52 4.74 22.4676 6 -1 396.92 5 -1 2.56
"7" "Titans D/ST" "-1.79-14.51" 35.26 3.01 0.91 0.98 0.07 0.27 "#4" 14.51 -1.79 8.15 66.4225 7 -3 413.352 6 -3 2.55
"16" "Seahawks D/ST" "-0.61-7.95" 28.9 2.02 0.62 0.46 0 0.06 "#1" 7.95 -0.61 4.28 18.3184 6 -1 380.28 5 -1 2.54
"16" "Chiefs D/ST" "-1.01-9.19" 26.88 1.68 0.62 0.52 0.04 0.08 "#18" 9.19 -1.01 5.1 26.01 6 -1 369.776 5 -1 2.52
"14" "Bears D/ST" "-1.54-8.30" 30.96 1.69 0.62 0.48 0 0.1 "#2" 8.3 -1.54 4.92 24.2064 6 -1 390.992 5 -1 2.49
"12" "Raiders D/ST" "-0.73-8.43" 28.3 1.7 0.5 0.52 0.04 0.1 "#9" 8.43 -0.73 4.58 20.9764 6 -1 377.16 5 -1 2.42
"12" "Cardinals D/ST" "-0.87-6.71" 31.44 1.8 0.52 0.56 0.02 0.06 "#4" 6.71 -0.87 3.79 14.3641 6 -1 393.488 5 -1 2.36
"13" "Steelers D/ST" "-1.41-6.37" 31.97 1.46 0.74 0.44 0.04 0.06 "#4" 6.37 -1.41 3.89 15.1321 6 -1 396.244 5 -1 2.26
"15" "Eagles D/ST" "-1.63-7.17" 30.96 1.74 0.52 0.32 0.06 0.1 "#2" 7.17 -1.63 4.4 19.36 6 -1 390.992 5 -1 2.14
"14" "Dolphins D/ST" "-1.59-6.67" 32.01 1.86 0.44 0.42 0.02 0.08 "#5" 6.67 -1.59 4.13 17.0569 6 -1 396.452 5 -1 2.1
"1" "Browns D/ST" "-1.42-7.00" 32.24 1.4 0.48 0.56 0 0.1 "#13" 7 -1.42 4.21 17.7241 6 -1 397.648 5 -1 2.08
"1" "Raiders D/ST" "-0.79-7.99" 28.09 1.52 0.52 0.4 0 0.12 "#2" 7.99 -0.79 4.39 19.2721 6 -1 376.068 5 -1 2.08
"11" "Eagles D/ST" "-2.01-6.51" 32.52 1.48 0.64 0.34 0.04 0.08 "#3" 6.51 -2.01 4.26 18.1476 6 -1 399.104 5 -1 2
"7" "49ers D/ST" "-2.90-14.08" 34.55 3.49 1.16 0.73 0.03 0.06 "#2" 14.08 -2.9 8.49 72.0801 7 -3 409.66 6 -3 1.69
"9" "Packers D/ST" "-2.08-9.28" 33.84 1.82 0.6 0.54 0.02 0.24 "#5" 9.28 -2.08 5.68 32.2624 6 -1 405.968 6 -3 1.58
"8" "Packers D/ST" "-2.30-13.02" 35.35 3.01 0.92 0.79 0.03 0.17 "#2" 13.02 -2.3 7.66 58.6756 7 -3 413.82 6 -3 1.51
"16" "Steelers D/ST" "-1.24-6.40" 33.55 1.48 0.7 0.48 0.04 0.1 "#3" 6.4 -1.24 3.82 14.5924 6 -1 404.46 6 -3 0.52
"2" "Browns D/ST" "-2.64-6.62" 34.48 1.34 0.48 0.54 0 0.08 "#3" 6.62 -2.64 4.63 21.4369 6 -1 409.296 6 -3 -0.14
"11" "Chiefs D/ST" "-1.99-8.53" 36.83 1.38 0.72 0.54 0 0.28 "#2" 8.53 -1.99 5.26 27.6676 7 -3 421.516 6 -3 -0.42
"15" "Chiefs D/ST" "-2.29-7.13" 37.17 1.44 0.68 0.36 0.02 0.22 "#4" 7.13 -2.29 4.71 22.1841 7 -3 423.284 6 -3 -1.12
"13" "Lions D/ST" "-2.09-6.89" 34.58 1.24 0.56 0.52 0.02 0.14 "#2" 6.89 -2.09 4.49 20.1601 7 -3 409.816 6 -3 -1.72
"12" "Falcons D/ST" "-3.11-6.43" 38.51 1.42 0.56 0.46 0.04 0.12 "#3" 6.43 -3.11 4.77 22.7529 7 -3 430.252 6 -3 -1.74
"10" "Raiders D/ST" "-2.63-5.89" 34.56 1.24 0.54 0.5 0.02 0.08 "#4" 5.89 -2.63 4.26 18.1476 7 -3 409.712 6 -3 -2.16
"9" "Saints D/ST" "-3.32-6.36" 34.54 1.36 0.58 0.44 0 0.06 "#2" 6.36 -3.32 4.84 23.4256 7 -3 409.608 6 -3 -2.24
"13" "Raiders D/ST" "-3.31-5.87" 35.16 1.26 0.52 0.38 0.04 0.08 "#1" 5.87 -3.31 4.59 21.0681 7 -3 412.832 6 -3 -2.38
"17" "Raiders D/ST" "-3.31-5.87" 35.16 1.26 0.52 0.38 0.04 0.08 "#1" 5.87 -3.31 4.59 21.0681 7 -3 412.832 6 -3 -2.38
"14" "Buccaneers D/ST" "-3.44-4.92" 35.88 1.18 0.44 0.44 0.02 0.02 "#3" 4.92 -3.44 4.18 17.4724 7 -3 416.576 6 -3 -2.9
