"Week" "Player" "range" "pts_all" "sacks" "INT" "fum" "SAF" "TD" "rnk" "max" "min" "std" "Var" "pts_all_grp" "pts_all_score" "yrds_est" "yrds_all_grp" "yrds_all_score" "Full_Proj"
"14" "Jets D/ST" "6.89-20.13" 12.83 3.51 1.38 0.82 0.02 0.38 "#32" 20.13 6.89 6.62 43.8244 3 3 296.716 3 2 15.23
"14" "Bills D/ST" "4.52-20.04" 11.75 3.35 1.08 0.9 0.02 0.26 "#29" 20.04 4.52 7.76 60.2176 3 3 291.1 3 2 13.91
"17" "Ravens D/ST" "5.04-20.08" 13.37 3.31 1.18 0.96 0.02 0.32 "#30" 20.08 5.04 7.52 56.5504 3 3 299.524 4 0 12.55
"3" "Vikings D/ST" "4.71-16.87" 12.51 2.32 0.89 0.71 0.05 0.32 "#32" 16.87 4.71 6.08 36.9664 3 3 295.052 3 2 12.54
"2" "Rams D/ST" "6.96-19.84" 15.35 3.54 1.5 0.92 0.04 0.42 "#31" 19.84 6.96 6.44 41.4736 4 1 309.82 4 0 11.98
"12" "Bills D/ST" "5.04-19.72" 16.37 3.42 1.24 1.06 0.04 0.36 "#28" 19.72 5.04 7.34 53.8756 4 1 315.124 4 0 11.26
"1" "Ravens D/ST" "6.47-17.25" 16.72 3.11 1.56 0.66 0.1 0.35 "#32" 17.25 6.47 5.39 29.0521 4 1 316.944 4 0 10.85
"12" "Jaguars D/ST" "6.05-18.27" 14.22 3.01 1.38 0.86 0.02 0.32 "#32" 18.27 6.05 6.11 37.3321 4 1 303.944 4 0 10.45
"13" "Bears D/ST" "5.21-17.23" 17.43 2.93 1.4 0.86 0.08 0.3 "#25" 17.23 5.21 6.01 36.1201 4 1 320.636 4 0 10.41
"1" "Jaguars D/ST" "5.18-19.26" 14.21 3.18 1.24 0.76 0.08 0.34 "#25" 19.26 5.18 7.04 49.5616 4 1 303.892 4 0 10.38
"5" "Ravens D/ST" "4.18-12.00" 13.34 1.66 0.7 0.45 0.04 0.2 "#30" 12 4.18 3.91 15.2881 3 3 299.368 3 2 10.24
"15" "Redskins D/ST" "5.34-16.72" 16.67 3.04 1.16 0.84 0.04 0.32 "#28" 16.72 5.34 5.69 32.3761 4 1 316.684 4 0 10.04
"12" "Eagles D/ST" "4.97-17.77" 17.69 3.09 1.48 0.9 0.04 0.34 "#25" 17.77 4.97 6.4 40.96 5 0 321.988 4 0 9.97
"16" "Patriots D/ST" "3.98-17.44" 16.55 2.97 1.1 0.9 0 0.3 "#32" 17.44 3.98 6.73 45.2929 4 1 316.06 4 0 9.77
"16" "Rams D/ST" "5.06-17.46" 15.17 2.77 1.26 0.98 0.08 0.22 "#31" 17.46 5.06 6.2 38.44 4 1 308.884 4 0 9.73
"15" "Broncos D/ST" "5.07-16.97" 14.78 3.34 1.2 0.78 0.02 0.22 "#30" 16.97 5.07 5.95 35.4025 4 1 306.856 4 0 9.66
"11" "Steelers D/ST" "5.34-14.96" 17.35 2.76 1.44 0.7 0.02 0.26 "#28" 14.96 5.34 4.81 23.1361 4 1 320.22 4 0 9.64
"17" "Seahawks D/ST" "3.03-18.47" 15.48 2.97 1.03 0.8 0.02 0.32 "#31" 18.47 3.03 7.72 59.5984 4 1 310.496 4 0 9.59
"1" "Vikings D/ST" "4.09-18.43" 15.49 2.9 1.18 0.72 0.04 0.3 "#27" 18.43 4.09 7.17 51.4089 4 1 310.548 4 0 9.58
"13" "Packers D/ST" "3.51-17.71" 20.42 2.77 1.44 0.78 0.02 0.38 "#31" 17.71 3.51 7.1 50.41 5 0 336.184 4 0 9.53
"12" "Chargers D/ST" "5.12-17.14" 14.22 2.99 1.2 0.8 0.02 0.24 "#31" 17.14 5.12 6.01 36.1201 4 1 303.944 4 0 9.47
"17" "Cowboys D/ST" "3.17-17.85" 19.67 2.72 1.39 0.78 0.04 0.38 "#25" 17.85 3.17 7.34 53.8756 5 0 332.284 4 0 9.42
"14" "Panthers D/ST" "4.78-17.24" 15.53 2.58 1.26 0.74 0.06 0.28 "#30" 17.24 4.78 6.23 38.8129 4 1 310.756 4 0 9.38
"1" "Seahawks D/ST" "4.13-16.29" 16.34 3.02 1.16 0.72 0.02 0.26 "#17" 16.29 4.13 6.08 36.9664 4 1 314.968 4 0 9.38
"13" "Seahawks D/ST" "4.66-17.08" 15.3 3.02 1.14 0.88 0.06 0.2 "#27" 17.08 4.66 6.21 38.5641 4 1 309.56 4 0 9.38
"15" "Seahawks D/ST" "4.66-17.08" 15.3 3.02 1.14 0.88 0.06 0.2 "#27" 17.08 4.66 6.21 38.5641 4 1 309.56 4 0 9.38
"10" "Chiefs D/ST" "2.03-17.59" 22.94 3.1 1.32 1.08 0.05 0.22 "#31" 17.59 2.03 7.78 60.5284 5 0 349.288 4 0 9.32
"12" "Browns D/ST" "2.68-17.56" 21.05 2.7 1.4 0.76 0 0.38 "#16" 17.56 2.68 7.44 55.3536 5 0 339.46 4 0 9.3
"16" "Browns D/ST" "2.68-17.56" 21.05 2.7 1.4 0.76 0 0.38 "#16" 17.56 2.68 7.44 55.3536 5 0 339.46 4 0 9.3
"1" "Redskins D/ST" "4.97-16.75" 17.6 2.79 1.46 0.53 0.02 0.37 "#31" 16.75 4.97 5.89 34.6921 5 0 321.52 4 0 9.03
"14" "Broncos D/ST" "4.35-14.83" 16.93 2.42 1.44 0.7 0.06 0.2 "#27" 14.83 4.35 5.24 27.4576 4 1 318.036 4 0 9.02
"15" "Colts D/ST" "3.45-15.39" 22.27 2.2 1.26 0.84 0.02 0.42 "#26" 15.39 3.45 5.97 35.6409 5 0 345.804 4 0 8.96
"13" "Broncos D/ST" "3.71-16.39" 19.94 2.98 1.18 0.86 0.04 0.3 "#16" 16.39 3.71 6.34 40.1956 5 0 333.688 4 0 8.94
"16" "Jaguars D/ST" "1.75-17.89" 20.56 2.82 1.12 0.84 0.06 0.34 "#22" 17.89 1.75 8.07 65.1249 5 0 336.912 4 0 8.9
"2" "Seahawks D/ST" "3.37-15.73" 16.85 3.1 1.16 0.8 0.02 0.14 "#8" 15.73 3.37 6.18 38.1924 4 1 317.62 4 0 8.9
"6" "Texans D/ST" "2.09-16.65" 22.94 3.4 0.95 1.05 0.02 0.24 "#32" 16.65 2.09 7.28 52.9984 5 0 349.288 4 0 8.88
"2" "Texans D/ST" "2.99-16.23" 22.84 3.42 1.22 1.08 0.04 0.12 "#24" 16.23 2.99 6.62 43.8244 5 0 348.768 4 0 8.82
"2" "Broncos D/ST" "2.66-15.96" 21.88 2.86 1.08 0.66 0.06 0.38 "#23" 15.96 2.66 6.65 44.2225 5 0 343.776 4 0 8.74
"12" "Ravens D/ST" "3.29-16.05" 20.5 2.94 1.08 0.8 0.04 0.32 "#23" 16.05 3.29 6.38 40.7044 5 0 336.6 4 0 8.7
"2" "Chargers D/ST" "1.37-17.85" 19.46 2.77 1.42 0.88 0.09 0.19 "#32" 17.85 1.37 8.24 67.8976 5 0 331.192 4 0 8.69
"2" "Saints D/ST" "3.61-15.35" 17.02 2.27 1.17 0.68 0.02 0.27 "#30" 15.35 3.61 5.87 34.4569 4 1 318.504 4 0 8.63
"3" "Jaguars D/ST" "5.28-14.44" 15.14 2.57 1.17 0.49 0.03 0.27 "#24" 14.44 5.28 4.58 20.9764 4 1 308.728 4 0 8.57
"2" "Lions D/ST" "2.72-15.64" 21.36 2.12 1.4 0.68 0.04 0.36 "#27" 15.64 2.72 6.46 41.7316 5 0 341.072 4 0 8.52
"12" "Patriots D/ST" "3.67-14.75" 17.25 2.78 0.88 0.84 0.04 0.2 "#29" 14.75 3.67 5.54 30.6916 4 1 319.7 4 0 8.5
"17" "Patriots D/ST" "3.67-14.75" 17.25 2.78 0.88 0.84 0.04 0.2 "#29" 14.75 3.67 5.54 30.6916 4 1 319.7 4 0 8.5
"11" "Bears D/ST" "3.84-15.38" 19.71 2.27 1.06 0.92 0.04 0.36 "#20" 15.38 3.84 5.77 33.2929 5 0 332.492 4 0 8.47
"17" "Bears D/ST" "3.84-15.38" 19.71 2.27 1.06 0.92 0.04 0.36 "#20" 15.38 3.84 5.77 33.2929 5 0 332.492 4 0 8.47
"16" "Colts D/ST" "2.48-15.34" 22.27 2.3 1.44 0.66 0.02 0.32 "#25" 15.34 2.48 6.43 41.3449 5 0 345.804 4 0 8.46
"13" "Texans D/ST" "3.87-14.77" 17.29 2.77 1.02 0.82 0.02 0.16 "#30" 14.77 3.87 5.45 29.7025 4 1 319.908 4 0 8.45
"16" "Broncos D/ST" "4.42-15.90" 17.59 2.76 1.3 0.9 0.02 0.2 "#23" 15.9 4.42 5.74 32.9476 5 0 321.468 4 0 8.4
"9" "Bears D/ST" "4.86-14.56" 14.54 2.28 0.9 0.72 0.05 0.29 "#32" 14.56 4.86 4.85 23.5225 4 1 305.608 4 0 8.36
"4" "Packers D/ST" "1.43-15.97" 22.29 2.78 1.07 0.87 0.07 0.26 "#32" 15.97 1.43 7.27 52.8529 5 0 345.908 4 0 8.36
"2" "Jets D/ST" "4.33-14.41" 15.78 2.58 1.1 0.72 0.02 0.18 "#22" 14.41 4.33 5.04 25.4016 4 1 312.056 4 0 8.34
"10" "Jets D/ST" "1.10-17.48" 20.27 2.53 1.35 0.9 0.05 0.19 "#32" 17.48 1.1 8.19 67.0761 5 0 335.404 4 0 8.27
"2" "Redskins D/ST" "2.66-14.82" 21.72 2.12 1.36 0.7 0.04 0.32 "#13" 14.82 2.66 6.08 36.9664 5 0 342.944 4 0 8.24
"3" "Bears D/ST" "3.72-14.46" 16.01 2.44 1.09 0.49 0.02 0.26 "#31" 14.46 3.72 5.37 28.8369 4 1 313.252 4 0 8.2
"14" "Seahawks D/ST" "3.45-14.45" 21.44 2.68 0.94 0.92 0 0.3 "#20" 14.45 3.45 5.5 30.25 5 0 341.488 4 0 8.2
"12" "Broncos D/ST" "1.91-15.49" 21.87 2.38 1.18 0.74 0.02 0.32 "#9" 15.49 1.91 6.79 46.1041 5 0 343.724 4 0 8.18
"7" "Colts D/ST" "1.91-15.61" 20.87 2.51 1.13 0.76 0.04 0.3 "#32" 15.61 1.91 6.85 46.9225 5 0 338.524 4 0 8.17
"13" "Bills D/ST" "2.69-16.23" 19.15 2.64 1.12 0.66 0.02 0.32 "#22" 16.23 2.69 6.77 45.8329 5 0 329.58 4 0 8.16
"17" "Bills D/ST" "2.69-16.23" 19.15 2.64 1.12 0.66 0.02 0.32 "#22" 16.23 2.69 6.77 45.8329 5 0 329.58 4 0 8.16
"17" "Browns D/ST" "3.58-15.28" 19.81 3 1.16 0.74 0.02 0.22 "#11" 15.28 3.58 5.85 34.2225 5 0 333.012 4 0 8.16
"14" "Steelers D/ST" "3.95-15.51" 17.68 2.8 1.14 0.72 0.04 0.26 "#23" 15.51 3.95 5.78 33.4084 5 0 321.936 4 0 8.16
"15" "Texans D/ST" "3.61-15.81" 18.39 2.88 1.04 1 0.06 0.18 "#29" 15.81 3.61 6.1 37.21 5 0 325.628 4 0 8.16
"2" "Vikings D/ST" "2.99-16.13" 18.67 2.35 1.34 0.8 0.04 0.24 "#10" 16.13 2.99 6.57 43.1649 5 0 327.084 4 0 8.15
"4" "Jaguars D/ST" "4.01-14.65" 15.29 2.5 1.06 0.61 0.02 0.21 "#29" 14.65 4.01 5.32 28.3024 4 1 309.508 4 0 8.14
"1" "Steelers D/ST" "3.28-16.28" 18.21 2.46 1.16 0.82 0.02 0.28 "#30" 16.28 3.28 6.5 42.25 5 0 324.692 4 0 8.14
"8" "Patriots D/ST" "3.08-16.16" 18.51 2.79 1.26 0.64 0.02 0.25 "#32" 16.16 3.08 6.54 42.7716 5 0 326.252 4 0 8.13
"1" "Rams D/ST" "3.44-15.00" 20.04 2.72 1.18 0.8 0.04 0.22 "#23" 15 3.44 5.78 33.4084 5 0 334.208 4 0 8.08
"11" "Seahawks D/ST" "3.52-14.72" 20.12 3.14 1.17 0.74 0.02 0.18 "#10" 14.72 3.52 5.6 31.36 5 0 334.624 4 0 8.08
"7" "Rams D/ST" "3.25-13.31" 22.79 2.2 1.34 0.74 0.07 0.26 "#27" 13.31 3.25 5.03 25.3009 5 0 348.508 4 0 8.06
"3" "Texans D/ST" "2.57-14.63" 22.06 2.56 0.95 0.79 0.04 0.32 "#25" 14.63 2.57 6.03 36.3609 5 0 344.712 4 0 8.04
"6" "Vikings D/ST" "3.70-14.88" 18.58 2.78 1.18 0.86 0.04 0.18 "#31" 14.88 3.7 5.59 31.2481 5 0 326.616 4 0 8.02
"1" "Jets D/ST" "0.99-16.83" 21.84 2.3 1.09 0.8 0 0.32 "#15" 16.83 0.99 7.92 62.7264 5 0 343.568 4 0 8
"17" "Texans D/ST" "3.02-15.54" 18.38 2.63 1.3 0.74 0.04 0.2 "#28" 15.54 3.02 6.26 39.1876 5 0 325.576 4 0 7.99
"10" "Patriots D/ST" "0.37-16.55" 22.61 2.26 1.11 0.71 0.02 0.34 "#24" 16.55 0.37 8.09 65.4481 5 0 347.572 4 0 7.98
"1" "Saints D/ST" "2.89-14.39" 22.48 2.3 1.02 0.94 0.04 0.28 "#12" 14.39 2.89 5.75 33.0625 5 0 346.896 4 0 7.98
"6" "Bears D/ST" "3.67-14.19" 16.98 2.3 0.75 0.79 0.01 0.26 "#22" 14.19 3.67 5.26 27.6676 4 1 318.296 4 0 7.96
"12" "Bengals D/ST" "3.82-16.06" 18.2 2.96 1.26 0.6 0.04 0.2 "#30" 16.06 3.82 6.12 37.4544 5 0 324.64 4 0 7.96
"16" "Bengals D/ST" "3.82-16.06" 18.2 2.96 1.26 0.6 0.04 0.2 "#30" 16.06 3.82 6.12 37.4544 5 0 324.64 4 0 7.96
"8" "Eagles D/ST" "3.87-13.25" 17.11 2.46 1.04 0.53 0.05 0.21 "#28" 13.25 3.87 4.69 21.9961 4 1 318.972 4 0 7.96
"8" "Steelers D/ST" "3.14-14.30" 16.43 2.43 1.14 0.47 0.02 0.21 "#30" 14.3 3.14 5.58 31.1364 4 1 315.436 4 0 7.95
"17" "Steelers D/ST" "2.78-15.32" 20.08 2.86 1.02 0.68 0.06 0.26 "#16" 15.32 2.78 6.27 39.3129 5 0 334.416 4 0 7.94
"14" "Redskins D/ST" "3.09-15.23" 20.25 2.77 1.16 0.8 0.02 0.2 "#25" 15.23 3.09 6.07 36.8449 5 0 335.3 4 0 7.93
"8" "Bears D/ST" "2.32-16.04" 17.71 2.7 0.79 0.89 0.02 0.3 "#29" 16.04 2.32 6.86 47.0596 5 0 322.092 4 0 7.9
"11" "Cardinals D/ST" "2.50-15.30" 19.69 2.48 1.1 0.64 0.06 0.3 "#23" 15.3 2.5 6.4 40.96 5 0 332.388 4 0 7.88
"4" "Seahawks D/ST" "4.29-13.39" 15.66 2.24 0.94 0.67 0.02 0.23 "#31" 13.39 4.29 4.55 20.7025 4 1 311.432 4 0 7.88
"2" "Bears D/ST" "1.92-16.08" 19.47 2.38 1 0.78 0.06 0.3 "#18" 16.08 1.92 7.08 50.1264 5 0 331.244 4 0 7.86
"4" "Rams D/ST" "1.28-15.34" 22.92 2.5 1.2 0.63 0.02 0.27 "#20" 15.34 1.28 7.03 49.4209 5 0 349.184 4 0 7.82
"16" "Packers D/ST" "2.56-14.54" 21.64 2.55 1.08 0.8 0.06 0.22 "#29" 14.54 2.56 5.99 35.8801 5 0 342.528 4 0 7.75
"7" "Chargers D/ST" "1.86-15.06" 21.68 2.46 1.02 0.78 0.06 0.26 "#24" 15.06 1.86 6.6 43.56 5 0 342.736 4 0 7.74
"5" "Panthers D/ST" "3.73-13.83" 19.18 2.1 1.3 0.56 0.05 0.3 "#25" 13.83 3.73 5.05 25.5025 5 0 329.736 4 0 7.72
"13" "Chiefs D/ST" "2.45-14.07" 22.73 2.78 1.1 0.68 0.02 0.22 "#23" 14.07 2.45 5.81 33.7561 5 0 348.196 4 0 7.7
"17" "Chiefs D/ST" "2.45-14.07" 22.73 2.78 1.1 0.68 0.02 0.22 "#23" 14.07 2.45 5.81 33.7561 5 0 348.196 4 0 7.7
"5" "49ers D/ST" "3.00-13.78" 21.45 2.58 0.92 0.77 0.02 0.28 "#31" 13.78 3 5.39 29.0521 5 0 341.54 4 0 7.68
"15" "Jaguars D/ST" "1.72-14.74" 22.23 2.82 0.96 0.64 0.02 0.26 "#21" 14.74 1.72 6.51 42.3801 5 0 345.596 4 0 7.62
"10" "Eagles D/ST" "3.18-13.92" 20.73 2.51 1.1 0.77 0.02 0.22 "#26" 13.92 3.18 5.37 28.8369 5 0 337.796 4 0 7.61
"2" "Bengals D/ST" "2.91-14.19" 19.99 2.4 1.14 0.66 0.02 0.26 "#11" 14.19 2.91 5.64 31.8096 5 0 333.948 4 0 7.6
"8" "Texans D/ST" "2.05-14.87" 21.19 2.95 0.89 0.71 0 0.24 "#22" 14.87 2.05 6.41 41.0881 5 0 340.188 4 0 7.59
"11" "Bengals D/ST" "3.30-13.70" 20.93 2.68 1.1 0.68 0.06 0.2 "#11" 13.7 3.3 5.2 27.04 5 0 338.836 4 0 7.56
"1" "Titans D/ST" "3.59-14.83" 17.91 2.76 0.86 0.78 0.04 0.24 "#22" 14.83 3.59 5.62 31.5844 5 0 323.132 4 0 7.56
"6" "Packers D/ST" "1.53-16.15" 23.83 2.56 1.52 0.9 0.03 0.18 "#27" 16.15 1.53 7.31 53.4361 5 0 353.916 5 -1 7.54
"1" "Patriots D/ST" "2.39-13.99" 21.84 2.42 1.12 0.7 0.02 0.24 "#14" 13.99 2.39 5.8 33.64 5 0 343.568 4 0 7.54
"3" "Chiefs D/ST" "1.66-13.94" 22.72 2.41 1.07 0.66 0.04 0.26 "#27" 13.94 1.66 6.14 37.6996 5 0 348.144 4 0 7.51
"10" "Packers D/ST" "1.75-16.01" 23.46 2.55 1.1 0.87 0.05 0.32 "#22" 16.01 1.75 7.13 50.8369 5 0 351.992 5 -1 7.51
"9" "Cowboys D/ST" "2.36-14.88" 19.03 2.36 0.87 0.81 0.02 0.29 "#24" 14.88 2.36 6.26 39.1876 5 0 328.956 4 0 7.5
"14" "Titans D/ST" "1.99-14.61" 20 2.34 1.06 0.8 0 0.24 "#28" 14.61 1.99 6.31 39.8161 5 0 334 4 0 7.5
"13" "Patriots D/ST" "2.59-14.91" 18.55 2.61 0.84 0.86 0.02 0.24 "#20" 14.91 2.59 6.16 37.9456 5 0 326.46 4 0 7.49
"5" "Rams D/ST" "2.54-13.94" 20.34 2.14 1.26 0.71 0.04 0.22 "#18" 13.94 2.54 5.7 32.49 5 0 335.768 4 0 7.48
"4" "Chargers D/ST" "0.96-16.42" 24.07 3.22 1.34 0.55 0.03 0.23 "#27" 16.42 0.96 7.73 59.7529 5 0 355.164 5 -1 7.44
"6" "Rams D/ST" "2.86-13.60" 21.09 2.1 1.3 0.61 0.1 0.22 "#17" 13.6 2.86 5.37 28.8369 5 0 339.668 4 0 7.44
"15" "Vikings D/ST" "1.37-15.91" 20.25 2.5 0.94 0.8 0 0.24 "#22" 15.91 1.37 7.27 52.8529 5 0 335.3 4 0 7.42
"16" "Bears D/ST" "2.47-15.13" 18.35 2.62 0.76 0.86 0.04 0.24 "#27" 15.13 2.47 6.33 40.0689 5 0 325.42 4 0 7.38
"6" "Panthers D/ST" "1.69-13.67" 22.14 2.31 1.01 0.6 0.02 0.3 "#21" 13.67 1.69 5.99 35.8801 5 0 345.128 4 0 7.37
"10" "Rams D/ST" "2.63-14.51" 24.12 2.58 1.32 0.74 0.02 0.27 "#18" 14.51 2.63 5.94 35.2836 5 0 355.424 5 -1 7.36
"14" "49ers D/ST" "2.31-13.73" 25.32 2.47 1.16 0.74 0.02 0.34 "#17" 13.73 2.31 5.71 32.6041 5 0 361.664 5 -1 7.35
"5" "Patriots D/ST" "1.59-15.93" 23.08 2.8 1.45 0.88 0.02 0.14 "#13" 15.93 1.59 7.17 51.4089 5 0 350.016 5 -1 7.34
"11" "Ravens D/ST" "2.28-13.88" 21.46 2.32 1.1 0.74 0.06 0.2 "#16" 13.88 2.28 5.8 33.64 5 0 341.592 4 0 7.32
"3" "Panthers D/ST" "2.08-14.36" 20.15 2.03 1 0.72 0.05 0.29 "#16" 14.36 2.08 6.14 37.6996 5 0 334.78 4 0 7.31
"12" "Cowboys D/ST" "2.26-13.94" 20.43 2.74 0.92 0.74 0.02 0.2 "#21" 13.94 2.26 5.84 34.1056 5 0 336.236 4 0 7.3
"7" "Eagles D/ST" "2.12-14.40" 21.05 2.56 1.08 0.54 0.06 0.23 "#7" 14.4 2.12 6.14 37.6996 5 0 339.46 4 0 7.3
"2" "Raiders D/ST" "1.81-13.99" 20.89 2.5 0.86 0.7 0 0.28 "#17" 13.99 1.81 6.09 37.0881 5 0 338.628 4 0 7.3
"8" "Rams D/ST" "3.06-12.56" 22.42 2.71 1.1 0.51 0.02 0.22 "#10" 12.56 3.06 4.75 22.5625 5 0 346.584 4 0 7.29
"7" "Cowboys D/ST" "1.60-14.26" 21.94 3.05 0.73 0.92 0.04 0.14 "#21" 14.26 1.6 6.33 40.0689 5 0 344.088 4 0 7.27
"5" "Titans D/ST" "2.59-15.03" 19.65 2.61 0.73 0.86 0.07 0.22 "#32" 15.03 2.59 6.22 38.6884 5 0 332.18 4 0 7.25
"5" "Bengals D/ST" "3.70-13.00" 19.21 2.21 1.08 0.97 0.04 0.14 "#22" 13 3.7 4.65 21.6225 5 0 329.892 4 0 7.23
"10" "Steelers D/ST" "2.64-12.80" 22.34 1.97 0.84 0.75 0.04 0.33 "#7" 12.8 2.64 5.08 25.8064 5 0 346.168 4 0 7.21
"3" "Browns D/ST" "2.86-13.58" 20.76 2.78 0.77 0.73 0.02 0.23 "#29" 13.58 2.86 5.36 28.7296 5 0 337.952 4 0 7.2
"9" "Dolphins D/ST" "1.23-15.11" 20.99 2.36 1.02 0.71 0 0.23 "#29" 15.11 1.23 6.94 48.1636 5 0 339.148 4 0 7.2
"12" "Redskins D/ST" "0.59-15.05" 22.76 2.11 1.12 0.44 0.02 0.32 "#26" 15.05 0.59 7.23 52.2729 5 0 348.352 4 0 7.19
"14" "Jaguars D/ST" "0.87-14.99" 21.49 2.58 1.06 0.62 0.02 0.2 "#24" 14.99 0.87 7.06 49.8436 5 0 341.748 4 0 7.18
"8" "Colts D/ST" "1.60-13.62" 22.76 2.18 0.92 0.84 0.02 0.24 "#23" 13.62 1.6 6.01 36.1201 5 0 348.352 4 0 7.18
"10" "Chargers D/ST" "-0.82-17.94" 24.8 3.41 1.12 0.75 0.03 0.16 "#23" 17.94 -0.82 9.38 87.9844 5 0 358.96 5 -1 7.17
"10" "Colts D/ST" "1.94-13.86" 21.79 2.01 0.89 0.61 0.06 0.34 "#28" 13.86 1.94 5.96 35.5216 5 0 343.308 4 0 7.17
"15" "Falcons D/ST" "2.18-14.44" 20.22 2.49 1.1 0.66 0.1 0.16 "#31" 14.44 2.18 6.13 37.5769 5 0 335.144 4 0 7.17
"8" "Redskins D/ST" "2.53-13.07" 21.81 2.71 0.93 0.71 0.02 0.19 "#25" 13.07 2.53 5.27 27.7729 5 0 343.412 4 0 7.17
"16" "Dolphins D/ST" "1.56-13.48" 22.58 2.04 1.18 0.76 0.02 0.2 "#28" 13.48 1.56 5.96 35.5216 5 0 347.416 4 0 7.16
"2" "Cowboys D/ST" "1.69-14.73" 20.48 2.27 1.34 0.72 0.02 0.12 "#25" 14.73 1.69 6.52 42.5104 5 0 336.496 4 0 7.15
"9" "Vikings D/ST" "0.90-15.12" 25.45 2.91 1.4 0.89 0.03 0.1 "#15" 15.12 0.9 7.11 50.5521 5 0 362.34 5 -1 7.15
"2" "Eagles D/ST" "1.88-15.58" 18.59 2.42 1 0.78 0.04 0.18 "#12" 15.58 1.88 6.85 46.9225 5 0 326.668 4 0 7.14
"15" "Lions D/ST" "2.03-13.47" 22.57 2.22 1.1 0.82 0.06 0.16 "#32" 13.47 2.03 5.72 32.7184 5 0 347.364 4 0 7.14
"9" "Ravens D/ST" "2.24-13.02" 22.74 1.74 1.22 0.71 0.02 0.24 "#9" 13.02 2.24 5.39 29.0521 5 0 348.248 4 0 7.08
"7" "Broncos D/ST" "4.04-11.70" 16.19 1.99 0.87 0.51 0.03 0.21 "#31" 11.7 4.04 3.83 14.6689 4 1 314.188 4 0 7.07
"10" "49ers D/ST" "1.77-14.47" 23.89 2.54 1.18 0.78 0.02 0.26 "#25" 14.47 1.77 6.35 40.3225 5 0 354.228 5 -1 7.06
"17" "Jaguars D/ST" "0.98-14.40" 21.53 2.32 0.76 0.78 0.04 0.26 "#14" 14.4 0.98 6.71 45.0241 5 0 341.956 4 0 7.04
"15" "Titans D/ST" "1.51-13.59" 21.93 2.48 1.12 0.74 0 0.14 "#25" 13.59 1.51 6.04 36.4816 5 0 344.036 4 0 7.04
"10" "Bears D/ST" "2.16-14.82" 18.73 2.26 0.78 0.87 0.02 0.24 "#15" 14.82 2.16 6.33 40.0689 5 0 327.396 4 0 7.04
"3" "Ravens D/ST" "4.17-13.25" 13.94 1.93 0.96 0.39 0.04 0.22 "#17" 13.25 4.17 4.54 20.6116 4 1 302.488 4 0 7.03
"13" "Colts D/ST" "1.53-14.39" 20.17 2.06 1.16 0.64 0.02 0.22 "#28" 14.39 1.53 6.43 41.3449 5 0 334.884 4 0 7.02
"16" "Chargers D/ST" "2.31-15.03" 23.62 2.33 1.12 0.62 0.02 0.36 "#11" 15.03 2.31 6.36 40.4496 5 0 352.824 5 -1 7.01
"4" "Lions D/ST" "1.94-12.68" 22.93 2.41 1.07 0.63 0 0.2 "#26" 12.68 1.94 5.37 28.8369 5 0 349.236 4 0 7.01
"2" "Cardinals D/ST" "1.86-13.04" 22.9 2.2 1.12 0.66 0.02 0.2 "#2" 13.04 1.86 5.59 31.2481 5 0 349.08 4 0 7
"11" "Colts D/ST" "1.80-14.52" 20.77 1.64 1.04 0.78 0.02 0.28 "#24" 14.52 1.8 6.36 40.4496 5 0 338.004 4 0 7
"17" "Colts D/ST" "1.80-14.52" 20.77 1.64 1.04 0.78 0.02 0.28 "#24" 14.52 1.8 6.36 40.4496 5 0 338.004 4 0 7
"2" "Ravens D/ST" "2.66-14.68" 18.21 2.36 1.04 0.68 0.06 0.18 "#16" 14.68 2.66 6.01 36.1201 5 0 324.692 4 0 7
"15" "Ravens D/ST" "1.72-13.12" 22.79 2.12 1.16 0.7 0.04 0.18 "#12" 13.12 1.72 5.7 32.49 5 0 348.508 4 0 7
"9" "Raiders D/ST" "1.96-13.90" 25.2 3.03 0.95 1.11 0.03 0.13 "#27" 13.9 1.96 5.97 35.6409 5 0 361.04 5 -1 6.99
"13" "Eagles D/ST" "3.08-11.60" 21.89 2.34 1.16 0.72 0.02 0.14 "#21" 11.6 3.08 4.26 18.1476 5 0 343.828 4 0 6.98
"17" "Eagles D/ST" "3.08-11.60" 21.89 2.34 1.16 0.72 0.02 0.14 "#21" 11.6 3.08 4.26 18.1476 5 0 343.828 4 0 6.98
"1" "Lions D/ST" "2.34-14.12" 20.43 2.3 1.16 0.74 0.02 0.14 "#29" 14.12 2.34 5.89 34.6921 5 0 336.236 4 0 6.98
"9" "Redskins D/ST" "0.65-14.41" 25.57 2.5 0.89 1.13 0.03 0.23 "#5" 14.41 0.65 6.88 47.3344 5 0 362.964 5 -1 6.98
"14" "Chargers D/ST" "1.93-14.51" 24.5 2.13 1.14 0.8 0.02 0.32 "#16" 14.51 1.93 6.29 39.5641 5 0 357.4 5 -1 6.97
"2" "Titans D/ST" "2.19-12.69" 22.53 2.68 0.88 0.7 0.02 0.18 "#14" 12.69 2.19 5.25 27.5625 5 0 347.156 4 0 6.96
"3" "Rams D/ST" "-0.99-16.57" 25.75 2.44 1.4 0.7 0 0.22 "#6" 16.57 -0.99 8.78 77.0884 5 0 363.9 5 -1 6.96
"4" "Texans D/ST" "2.11-12.63" 22.54 2.45 0.81 0.85 0.02 0.19 "#13" 12.63 2.11 5.26 27.6676 5 0 347.208 4 0 6.95
"9" "Chiefs D/ST" "2.77-13.65" 19.43 2.43 0.96 0.59 0.08 0.21 "#30" 13.65 2.77 5.44 29.5936 5 0 331.036 4 0 6.95
"3" "Patriots D/ST" "2.01-13.89" 19.75 2.08 1.07 0.54 0.04 0.26 "#15" 13.89 2.01 5.94 35.2836 5 0 332.7 4 0 6.94
"11" "Texans D/ST" "1.84-13.54" 21.7 2.42 1.02 0.68 0.02 0.18 "#21" 13.54 1.84 5.85 34.2225 5 0 342.84 4 0 6.94
"13" "Dolphins D/ST" "1.84-14.24" 19.34 2.5 0.82 0.66 0.02 0.24 "#32" 14.24 1.84 6.2 38.44 5 0 330.568 4 0 6.94
"17" "Dolphins D/ST" "1.84-14.24" 19.34 2.5 0.82 0.66 0.02 0.24 "#32" 14.24 1.84 6.2 38.44 5 0 330.568 4 0 6.94
"8" "49ers D/ST" "2.78-14.04" 18.21 2.21 0.84 0.71 0.03 0.26 "#31" 14.04 2.78 5.63 31.6969 5 0 324.692 4 0 6.93
"3" "Jets D/ST" "3.81-12.03" 16.64 1.83 0.8 0.63 0.05 0.19 "#30" 12.03 3.81 4.11 16.8921 4 1 316.528 4 0 6.93
"2" "Dolphins D/ST" "2.62-12.70" 20.86 2.22 0.94 0.7 0.04 0.22 "#29" 12.7 2.62 5.04 25.4016 5 0 338.472 4 0 6.9
"16" "Vikings D/ST" "1.21-13.79" 21.74 2.18 0.98 0.62 0.04 0.24 "#15" 13.79 1.21 6.29 39.5641 5 0 343.048 4 0 6.9
"4" "Chiefs D/ST" "2.57-12.01" 22.06 2.69 0.93 0.64 0.02 0.17 "#17" 12.01 2.57 4.72 22.2784 5 0 344.712 4 0 6.89
"7" "Cardinals D/ST" "2.93-12.21" 20.64 2.06 1.26 0.54 0.04 0.19 "#17" 12.21 2.93 4.64 21.5296 5 0 337.328 4 0 6.88
"6" "Ravens D/ST" "2.57-13.57" 15.53 2.01 0.84 0.53 0.08 0.16 "#24" 13.57 2.57 5.5 30.25 4 1 310.756 4 0 6.87
"13" "Chargers D/ST" "1.82-13.86" 25.61 2.26 1.26 0.74 0.02 0.26 "#9" 13.86 1.82 6.02 36.2404 5 0 363.172 5 -1 6.86
"16" "Jets D/ST" "2.64-12.22" 22.24 2.78 1.06 0.6 0.02 0.12 "#10" 12.22 2.64 4.79 22.9441 5 0 345.648 4 0 6.86
"7" "Lions D/ST" "1.58-14.12" 24.33 2.6 1.19 0.84 0 0.2 "#22" 14.12 1.58 6.27 39.3129 5 0 356.516 5 -1 6.86
"5" "Eagles D/ST" "2.73-13.07" 21.28 2.01 0.91 0.89 0.02 0.2 "#20" 13.07 2.73 5.17 26.7289 5 0 340.656 4 0 6.85
"3" "Eagles D/ST" "2.66-14.66" 17.87 2.29 0.96 0.82 0.02 0.16 "#13" 14.66 2.66 6 36 5 0 322.924 4 0 6.85
"5" "Jets D/ST" "1.59-13.61" 20.71 2.33 1.01 0.72 0.04 0.16 "#17" 13.61 1.59 6.01 36.1201 5 0 337.692 4 0 6.83
"4" "Raiders D/ST" "1.60-13.56" 25.62 3.24 0.98 0.69 0.11 0.17 "#30" 13.56 1.6 5.98 35.7604 5 0 363.224 5 -1 6.82
"7" "Jaguars D/ST" "2.92-13.74" 18.6 2.27 0.75 0.8 0 0.24 "#14" 13.74 2.92 5.41 29.2681 5 0 326.72 4 0 6.81
"5" "Saints D/ST" "1.23-14.53" 25.09 3.2 0.82 0.82 0.03 0.21 "#21" 14.53 1.23 6.65 44.2225 5 0 360.468 5 -1 6.8
"11" "Chargers D/ST" "1.22-14.16" 25.66 2.28 1.2 0.58 0.08 0.3 "#17" 14.16 1.22 6.47 41.8609 5 0 363.432 5 -1 6.8
"17" "Chargers D/ST" "1.22-14.16" 25.66 2.28 1.2 0.58 0.08 0.3 "#17" 14.16 1.22 6.47 41.8609 5 0 363.432 5 -1 6.8
"9" "Panthers D/ST" "0.45-14.95" 29.49 3.05 1.23 0.86 0.03 0.25 "#12" 14.95 0.45 7.25 52.5625 6 -1 383.348 5 -1 6.79
"3" "Cowboys D/ST" "2.21-13.19" 21.76 2.27 0.93 0.66 0 0.22 "#18" 13.19 2.21 5.49 30.1401 5 0 343.152 4 0 6.77
"7" "Chiefs D/ST" "1.05-14.25" 28.63 2.58 1.36 0.98 0.03 0.24 "#16" 14.25 1.05 6.6 43.56 6 -1 378.876 5 -1 6.76
"4" "Patriots D/ST" "1.90-14.32" 23.11 2.4 1.25 0.72 0.04 0.22 "#22" 14.32 1.9 6.21 38.5641 5 0 350.172 5 -1 6.74
"13" "Browns D/ST" "0.21-15.59" 20.24 2.12 1.04 0.66 0 0.2 "#14" 15.59 0.21 7.69 59.1361 5 0 335.248 4 0 6.72
"14" "Cardinals D/ST" "2.60-11.60" 22.75 2.2 1.28 0.5 0.06 0.14 "#15" 11.6 2.6 4.5 20.25 5 0 348.3 4 0 6.72
"9" "Steelers D/ST" "1.96-12.64" 22.41 2.16 0.92 0.57 0.04 0.25 "#11" 12.64 1.96 5.34 28.5156 5 0 346.532 4 0 6.72
"3" "Seahawks D/ST" "0.61-14.99" 24.05 2.87 0.95 0.64 0.02 0.27 "#26" 14.99 0.61 7.19 51.6961 5 0 355.06 5 -1 6.71
"12" "Steelers D/ST" "1.84-12.72" 22.54 2.5 1.24 0.38 0.06 0.14 "#17" 12.72 1.84 5.44 29.5936 5 0 347.208 4 0 6.7
"4" "Browns D/ST" "1.50-12.98" 21.34 2.02 0.9 0.77 0.04 0.21 "#23" 12.98 1.5 5.74 32.9476 5 0 340.968 4 0 6.7
"4" "Cowboys D/ST" "0.94-14.94" 23.07 2.05 1.41 0.78 0 0.21 "#15" 14.94 0.94 7 49 5 0 349.964 5 -1 6.69
"11" "Jaguars D/ST" "2.19-13.85" 23.52 2.75 1.08 0.66 0.06 0.22 "#9" 13.85 2.19 5.83 33.9889 5 0 352.304 5 -1 6.67
"5" "Chiefs D/ST" "0.73-14.59" 29.09 3.58 0.92 0.99 0 0.21 "#28" 14.59 0.73 6.93 48.0249 6 -1 381.268 5 -1 6.66
"7" "Vikings D/ST" "2.75-13.35" 18.25 2.3 0.85 0.65 0.02 0.22 "#29" 13.35 2.75 5.3 28.09 5 0 324.9 4 0 6.66
"5" "Bills D/ST" "2.42-12.00" 21.78 1.93 0.89 0.63 0 0.28 "#24" 12 2.42 4.79 22.9441 5 0 343.256 4 0 6.65
"14" "Lions D/ST" "1.87-12.31" 22.68 2.24 0.96 0.7 0.06 0.16 "#31" 12.31 1.87 5.22 27.2484 5 0 347.936 4 0 6.64
"8" "Ravens D/ST" "2.35-13.51" 19.52 2.39 0.97 0.67 0.06 0.14 "#7" 13.51 2.35 5.58 31.1364 5 0 331.504 4 0 6.63
"6" "Giants D/ST" "2.35-12.25" 21.59 1.8 0.79 0.55 0.05 0.34 "#19" 12.25 2.35 4.95 24.5025 5 0 342.268 4 0 6.62
"13" "Jets D/ST" "1.20-14.62" 20.09 2.1 1.04 0.7 0.04 0.16 "#24" 14.62 1.2 6.71 45.0241 5 0 334.468 4 0 6.62
"8" "Cardinals D/ST" "2.53-12.99" 19.18 2.29 0.77 0.64 0.06 0.23 "#27" 12.99 2.53 5.23 27.3529 5 0 329.736 4 0 6.61
"15" "Dolphins D/ST" "0.68-14.58" 24.07 1.97 1.04 0.98 0.02 0.26 "#20" 14.58 0.68 6.95 48.3025 5 0 355.164 5 -1 6.61
"6" "Chargers D/ST" "2.25-12.45" 21.23 1.75 1.03 0.48 0.02 0.3 "#30" 12.45 2.25 5.1 26.01 5 0 340.396 4 0 6.61
"12" "Bears D/ST" "0.68-13.30" 22.08 2.24 0.68 0.52 0.02 0.32 "#15" 13.3 0.68 6.31 39.8161 5 0 344.816 4 0 6.6
"3" "Dolphins D/ST" "2.89-13.31" 17.87 2.02 1.02 0.67 0.09 0.17 "#23" 13.31 2.89 5.21 27.1441 5 0 322.924 4 0 6.6
"7" "Falcons D/ST" "1.79-13.57" 23.2 3.05 0.91 0.77 0.02 0.19 "#25" 13.57 1.79 5.89 34.6921 5 0 350.64 5 -1 6.59
"6" "Seahawks D/ST" "3.15-12.37" 20.34 2.07 0.99 0.72 0.04 0.17 "#23" 12.37 3.15 4.61 21.2521 5 0 335.768 4 0 6.59
"9" "Broncos D/ST" "1.46-13.62" 24.1 3.18 1.38 0.73 0 0.03 "#14" 13.62 1.46 6.08 36.9664 5 0 355.32 5 -1 6.58
"4" "Eagles D/ST" "1.37-15.47" 17.6 2.18 0.93 0.73 0 0.18 "#24" 15.47 1.37 7.05 49.7025 5 0 321.52 4 0 6.58
"2" "Falcons D/ST" "0.90-13.12" 22.43 2.1 0.98 0.66 0 0.2 "#7" 13.12 0.9 6.11 37.3321 5 0 346.636 4 0 6.58
"5" "Chargers D/ST" "2.89-12.73" 24.29 2.02 1.02 0.82 0.02 0.3 "#23" 12.73 2.89 4.92 24.2064 5 0 356.308 5 -1 6.54
"6" "Jaguars D/ST" "2.76-14.24" 17.73 2.71 0.95 0.56 0.07 0.11 "#26" 14.24 2.76 5.74 32.9476 5 0 322.196 4 0 6.53
"14" "Patriots D/ST" "1.14-13.34" 21.27 2.25 1.02 0.6 0.04 0.16 "#22" 13.34 1.14 6.1 37.21 5 0 340.604 4 0 6.53
"1" "Bills D/ST" "2.70-11.86" 21 2.16 1.18 0.44 0.08 0.16 "#11" 11.86 2.7 4.58 20.9764 5 0 339.2 4 0 6.52
"13" "Jaguars D/ST" "1.77-11.99" 22.49 2.4 1.24 0.48 0.04 0.1 "#13" 11.99 1.77 5.11 26.1121 5 0 346.948 4 0 6.52
"5" "Cardinals D/ST" "2.13-12.67" 19.3 2.06 1.09 0.6 0.05 0.16 "#27" 12.67 2.13 5.27 27.7729 5 0 330.36 4 0 6.5
"6" "Colts D/ST" "1.88-11.92" 22.51 2.28 0.72 0.57 0.07 0.25 "#29" 11.92 1.88 5.02 25.2004 5 0 347.052 4 0 6.5
"6" "Bengals D/ST" "0.48-14.06" 25.55 2.8 1.04 0.7 0 0.2 "#9" 14.06 0.48 6.79 46.1041 5 0 362.86 5 -1 6.48
"1" "Cardinals D/ST" "1.46-13.52" 20.98 2.06 1 0.59 0.02 0.2 "#21" 13.52 1.46 6.03 36.3609 5 0 339.096 4 0 6.48
"6" "Jets D/ST" "2.59-12.87" 19.13 1.99 0.9 0.52 0.04 0.26 "#13" 12.87 2.59 5.14 26.4196 5 0 329.476 4 0 6.47
"9" "Jets D/ST" "1.16-13.42" 20.08 2.03 0.89 0.65 0.05 0.21 "#22" 13.42 1.16 6.13 37.5769 5 0 334.416 4 0 6.47
"7" "Dolphins D/ST" "1.41-12.49" 22.35 1.87 0.94 0.8 0.02 0.18 "#15" 12.49 1.41 5.54 30.6916 5 0 346.22 4 0 6.47
"5" "Texans D/ST" "-1.35-17.15" 28.9 3.44 0.88 0.73 0.03 0.29 "#26" 17.15 -1.35 9.25 85.5625 6 -1 380.28 5 -1 6.46
"3" "Packers D/ST" "1.00-14.22" 24.25 2.9 0.81 0.71 0.03 0.24 "#21" 14.22 1 6.61 43.6921 5 0 356.1 5 -1 6.44
"5" "Broncos D/ST" "3.00-12.70" 18.57 2 0.91 0.57 0.07 0.22 "#29" 12.7 3 4.85 23.5225 5 0 326.564 4 0 6.42
"15" "Cowboys D/ST" "0.98-13.22" 25.66 2.48 1.06 0.62 0.06 0.24 "#13" 13.22 0.98 6.12 37.4544 5 0 363.432 5 -1 6.4
"9" "Texans D/ST" "1.76-12.82" 25.23 2.26 0.97 0.72 0.04 0.28 "#17" 12.82 1.76 5.53 30.5809 5 0 361.196 5 -1 6.4
"7" "Patriots D/ST" "0.42-14.42" 24.84 2.88 0.83 0.75 0.05 0.21 "#8" 14.42 0.42 7 49 5 0 359.168 5 -1 6.4
"4" "Cardinals D/ST" "1.60-13.06" 20.75 1.99 0.99 0.75 0.04 0.14 "#18" 13.06 1.6 5.73 32.8329 5 0 337.9 4 0 6.39
"9" "49ers D/ST" "0.14-14.46" 24.98 2.24 1.2 0.8 0 0.19 "#23" 14.46 0.14 7.16 51.2656 5 0 359.896 5 -1 6.38
"15" "Browns D/ST" "1.74-13.98" 23.16 2.3 1.2 0.6 0.02 0.24 "#17" 13.98 1.74 6.12 37.4544 5 0 350.432 5 -1 6.38
"8" "Bengals D/ST" "1.32-13.30" 24.84 2.45 0.96 0.86 0.04 0.2 "#12" 13.3 1.32 5.99 35.8801 5 0 359.168 5 -1 6.37
"17" "Cardinals D/ST" "0.47-13.07" 22.63 2.16 0.94 0.38 0.06 0.24 "#18" 13.07 0.47 6.3 39.69 5 0 347.676 4 0 6.36
"4" "Bears D/ST" "2.44-13.34" 24.42 2.4 0.81 0.89 0.06 0.24 "#12" 13.34 2.44 5.45 29.7025 5 0 356.984 5 -1 6.36
"7" "Buccaneers D/ST" "1.85-13.07" 24.94 2.64 1.14 0.64 0.07 0.17 "#30" 13.07 1.85 5.61 31.4721 5 0 359.688 5 -1 6.36
"14" "Eagles D/ST" "1.41-12.13" 21.95 2.48 0.86 0.44 0.04 0.2 "#26" 12.13 1.41 5.36 28.7296 5 0 344.14 4 0 6.36
"7" "Jets D/ST" "1.67-12.17" 22.97 2.11 0.97 0.65 0.02 0.16 "#20" 12.17 1.67 5.25 27.5625 5 0 349.444 4 0 6.35
"4" "Falcons D/ST" "1.63-13.55" 24.48 2.11 1.11 0.56 0.04 0.3 "#16" 13.55 1.63 5.96 35.5216 5 0 357.296 5 -1 6.33
"8" "Seahawks D/ST" "1.59-12.15" 21.94 1.99 1.11 0.59 0.02 0.15 "#15" 12.15 1.59 5.28 27.8784 5 0 344.088 4 0 6.33
"6" "Steelers D/ST" "2.35-11.67" 22.14 1.79 0.77 0.65 0.01 0.28 "#16" 11.67 2.35 4.66 21.7156 5 0 345.128 4 0 6.33
"4" "Ravens D/ST" "0.41-12.57" 22.93 2.03 0.85 0.82 0.02 0.15 "#9" 12.57 0.41 6.08 36.9664 5 0 349.236 4 0 6.31
"13" "Panthers D/ST" "1.94-13.02" 23.79 2.26 1.02 0.86 0.04 0.2 "#12" 13.02 1.94 5.54 30.6916 5 0 353.708 5 -1 6.3
"6" "Redskins D/ST" "1.73-13.17" 23.47 2.34 0.79 0.73 0.06 0.3 "#7" 13.17 1.73 5.72 32.7184 5 0 352.044 5 -1 6.3
"3" "Raiders D/ST" "2.56-11.80" 20.47 2.01 0.76 0.69 0 0.23 "#22" 11.8 2.56 4.62 21.3444 5 0 336.444 4 0 6.29
"7" "Bears D/ST" "1.13-12.83" 26.02 3.06 0.83 0.83 0.03 0.14 "#4" 12.83 1.13 5.85 34.2225 5 0 365.304 5 -1 6.28
"1" "Packers D/ST" "1.67-11.45" 22.16 2.36 0.6 0.8 0.02 0.18 "#8" 11.45 1.67 4.89 23.9121 5 0 345.232 4 0 6.28
"9" "Titans D/ST" "1.64-12.74" 25.01 2.55 0.98 0.81 0.06 0.17 "#26" 12.74 1.64 5.55 30.8025 5 0 360.052 5 -1 6.27
"6" "Eagles D/ST" "3.79-11.91" 17.82 2.06 0.8 0.55 0.06 0.23 "#25" 11.91 3.79 4.06 16.4836 5 0 322.664 4 0 6.26
"7" "Panthers D/ST" "2.56-11.00" 21.91 1.6 0.85 0.58 0 0.3 "#19" 11 2.56 4.22 17.8084 5 0 343.932 4 0 6.26
"9" "Rams D/ST" "-0.78-14.26" 32.38 2.73 1.13 0.79 0.03 0.27 "#3" 14.26 -0.78 7.52 56.5504 6 -1 398.376 5 -1 6.25
"15" "Bengals D/ST" "2.10-12.48" 20.28 2.16 0.94 0.54 0.02 0.18 "#23" 12.48 2.1 5.19 26.9361 5 0 335.456 4 0 6.24
"1" "Bengals D/ST" "1.31-11.83" 22.96 2.14 0.74 0.64 0 0.22 "#13" 11.83 1.31 5.26 27.6676 5 0 349.392 4 0 6.22
"8" "Chiefs D/ST" "1.11-14.87" 26.51 2.27 1.18 0.77 0 0.34 "#17" 14.87 1.11 6.88 47.3344 6 -1 367.852 5 -1 6.21
"12" "Vikings D/ST" "0.96-12.60" 22.52 2.27 1.01 0.62 0.04 0.1 "#10" 12.6 0.96 5.82 33.8724 5 0 347.104 4 0 6.21
"4" "Saints D/ST" "1.31-13.79" 23.05 2.19 1.14 0.59 0 0.26 "#25" 13.79 1.31 6.24 38.9376 5 0 349.86 5 -1 6.21
"6" "Cowboys D/ST" "1.36-13.68" 23.65 2.84 0.77 0.91 0.08 0.14 "#28" 13.68 1.36 6.16 37.9456 5 0 352.98 5 -1 6.2
"7" "Texans D/ST" "2.42-11.78" 24.48 2.38 0.98 0.87 0.02 0.18 "#28" 11.78 2.42 4.68 21.9024 5 0 357.296 5 -1 6.2
"17" "Bengals D/ST" "1.88-12.24" 24.8 2.63 0.96 0.68 0.04 0.2 "#9" 12.24 1.88 5.18 26.8324 5 0 358.96 5 -1 6.19
"8" "Browns D/ST" "0.80-11.88" 22.58 1.9 0.92 0.44 0 0.26 "#9" 11.88 0.8 5.54 30.6916 5 0 347.416 4 0 6.18
"14" "Cowboys D/ST" "0.46-13.96" 23.86 2.34 0.96 0.64 0.04 0.26 "#19" 13.96 0.46 6.75 45.5625 5 0 354.072 5 -1 6.18
"16" "Eagles D/ST" "1.28-13.12" 23.88 2.26 1.04 0.82 0 0.2 "#14" 13.12 1.28 5.92 35.0464 5 0 354.176 5 -1 6.18
"17" "Rams D/ST" "2.93-10.51" 22.13 2.38 0.82 0.86 0.04 0.06 "#27" 10.51 2.93 3.79 14.3641 5 0 345.076 4 0 6.18
"6" "Falcons D/ST" "-2.03-15.99" 30.31 2.74 1.37 0.91 0.04 0.13 "#12" 15.99 -2.03 9.01 81.1801 6 -1 387.612 5 -1 6.16
"6" "Titans D/ST" "1.35-13.13" 25.36 3.07 0.81 0.75 0.05 0.14 "#11" 13.13 1.35 5.89 34.6921 5 0 361.872 5 -1 6.13
"3" "Giants D/ST" "1.18-12.42" 21.06 1.93 0.81 0.64 0.02 0.21 "#14" 12.42 1.18 5.62 31.5844 5 0 339.512 4 0 6.13
"8" "Giants D/ST" "0.72-13.90" 24.34 2.8 0.84 0.68 0.07 0.19 "#21" 13.9 0.72 6.59 43.4281 5 0 356.568 5 -1 6.12
"4" "Titans D/ST" "-0.10-14.28" 25.42 2.68 1.01 0.72 0.07 0.14 "#19" 14.28 -0.1 7.19 51.6961 5 0 362.184 5 -1 6.12
"10" "Falcons D/ST" "0.85-14.47" 27.11 2.49 1 0.98 0.08 0.25 "#30" 14.47 0.85 6.81 46.3761 6 -1 370.972 5 -1 6.11
"13" "Cardinals D/ST" "2.18-12.30" 23.46 2.68 1.2 0.68 0.02 0.1 "#10" 12.3 2.18 5.06 25.6036 5 0 351.992 5 -1 6.08
"12" "Colts D/ST" "1.45-12.75" 20.7 1.72 1 0.66 0.04 0.16 "#22" 12.75 1.45 5.65 31.9225 5 0 337.64 4 0 6.08
"6" "Patriots D/ST" "-0.42-14.10" 31.09 3 1.13 0.9 0.06 0.15 "#1" 14.1 -0.42 7.26 52.7076 6 -1 391.668 5 -1 6.08
"1" "Cowboys D/ST" "0.93-12.81" 22.2 1.7 0.84 0.64 0.04 0.22 "#7" 12.81 0.93 5.94 35.2836 5 0 345.44 4 0 6.06
"10" "Bills D/ST" "2.70-11.50" 20.21 1.77 0.91 0.49 0.02 0.24 "#29" 11.5 2.7 4.4 19.36 5 0 335.092 4 0 6.05
"16" "Titans D/ST" "1.66-12.38" 24.62 2.52 0.76 0.7 0.08 0.24 "#21" 12.38 1.66 5.36 28.7296 5 0 358.024 5 -1 6.04
"3" "Broncos D/ST" "3.09-11.35" 16.2 1.68 0.72 0.52 0.02 0.14 "#11" 11.35 3.09 4.13 17.0569 4 1 314.24 4 0 6.04
"10" "Jaguars D/ST" "1.89-12.03" 20.11 1.7 0.88 0.54 0.05 0.23 "#13" 12.03 1.89 5.07 25.7049 5 0 334.572 4 0 6.02
"7" "Redskins D/ST" "0.57-14.77" 26.86 2.56 1.26 0.66 0.03 0.26 "#26" 14.77 0.57 7.1 50.41 6 -1 369.672 5 -1 6.02
"3" "Redskins D/ST" "2.91-11.63" 18.65 2.22 0.9 0.51 0.03 0.15 "#10" 11.63 2.91 4.36 19.0096 5 0 326.98 4 0 6
"10" "Saints D/ST" "-0.44-15.60" 27.22 2.08 1.08 0.94 0.03 0.3 "#16" 15.6 -0.44 8.02 64.3204 6 -1 371.544 5 -1 5.98
"9" "Falcons D/ST" "-0.73-14.85" 28.83 2.83 1.07 1.2 0.03 0.09 "#21" 14.85 -0.73 7.79 60.6841 6 -1 379.916 5 -1 5.97
"7" "Ravens D/ST" "0.32-14.70" 27.31 2.41 0.98 0.82 0.05 0.31 "#3" 14.7 0.32 7.19 51.6961 6 -1 372.012 5 -1 5.97
"4" "Bills D/ST" "2.59-10.81" 22.2 1.86 0.91 0.45 0.03 0.22 "#10" 10.81 2.59 4.11 16.8921 5 0 345.44 4 0 5.96
"10" "Giants D/ST" "0.39-14.11" 24.26 2.81 0.91 0.75 0.05 0.12 "#27" 14.11 0.39 6.86 47.0596 5 0 356.152 5 -1 5.95
"9" "Patriots D/ST" "1.76-13.16" 24.36 2.67 1.06 0.72 0 0.12 "#10" 13.16 1.76 5.7 32.49 5 0 356.672 5 -1 5.95
"11" "Buccaneers D/ST" "1.09-12.61" 25.09 2.18 0.96 0.6 0.04 0.26 "#25" 12.61 1.09 5.76 33.1776 5 0 360.468 5 -1 5.94
"4" "Steelers D/ST" "0.83-13.79" 23.92 2.91 1.04 0.67 0 0.1 "#11" 13.79 0.83 6.48 41.9904 5 0 354.384 5 -1 5.93
"5" "Lions D/ST" "0.36-14.28" 27.23 2.29 1.33 0.73 0.07 0.23 "#10" 14.28 0.36 6.96 48.4416 6 -1 371.596 5 -1 5.93
"13" "Titans D/ST" "1.17-12.13" 21.67 2.24 0.68 0.62 0.06 0.16 "#29" 12.13 1.17 5.48 30.0304 5 0 342.684 4 0 5.92
"13" "Bengals D/ST" "1.13-11.93" 26.42 2.36 1.08 0.36 0 0.28 "#17" 11.93 1.13 5.4 29.16 5 0 367.384 5 -1 5.92
"8" "Lions D/ST" "-1.09-15.27" 29.04 2.71 1.09 1.02 0.04 0.15 "#18" 15.27 -1.09 8.18 66.9124 6 -1 381.008 5 -1 5.91
"14" "Chiefs D/ST" "1.23-11.59" 26.39 2.2 0.92 0.88 0 0.18 "#11" 11.59 1.23 5.18 26.8324 5 0 367.228 5 -1 5.88
"6" "Dolphins D/ST" "1.49-11.83" 21.43 2.6 0.68 0.68 0.04 0.08 "#8" 11.83 1.49 5.17 26.7289 5 0 341.436 4 0 5.88
"5" "Browns D/ST" "1.38-12.70" 19.44 1.89 0.93 0.69 0.04 0.11 "#11" 12.7 1.38 5.66 32.0356 5 0 331.088 4 0 5.87
"3" "Cardinals D/ST" "3.10-11.84" 18.22 1.99 0.82 0.82 0.06 0.08 "#8" 11.84 3.1 4.37 19.0969 5 0 324.744 4 0 5.87
"8" "Jaguars D/ST" "2.50-12.02" 17.91 1.66 1.01 0.47 0.02 0.2 "#19" 12.02 2.5 4.76 22.6576 5 0 323.132 4 0 5.86
"11" "Panthers D/ST" "1.69-12.03" 24.07 2.24 1.12 0.56 0.02 0.2 "#15" 12.03 1.69 5.17 26.7289 5 0 355.164 5 -1 5.84
"5" "Steelers D/ST" "0.79-13.45" 27.16 2.68 0.99 0.94 0.08 0.19 "#5" 13.45 0.79 6.33 40.0689 6 -1 371.232 5 -1 5.84
"1" "Bears D/ST" "1.62-11.88" 25.53 2.39 1.02 0.6 0.06 0.18 "#10" 11.88 1.62 5.13 26.3169 5 0 362.756 5 -1 5.83
"17" "Giants D/ST" "2.34-12.28" 23.04 2.59 0.92 0.76 0.02 0.14 "#26" 12.28 2.34 4.97 24.7009 5 0 349.808 5 -1 5.83
"16" "Redskins D/ST" "0.90-13.66" 23.11 1.94 1.04 0.66 0.02 0.24 "#24" 13.66 0.9 6.38 40.7044 5 0 350.172 5 -1 5.82
"6" "Browns D/ST" "-0.39-15.25" 27.36 2.75 0.95 0.88 0.13 0.19 "#6" 15.25 -0.39 7.82 61.1524 6 -1 372.272 5 -1 5.81
"13" "Rams D/ST" "1.40-11.20" 25.75 2.16 1.06 0.62 0.04 0.2 "#15" 11.2 1.4 4.9 24.01 5 0 363.9 5 -1 5.8
"4" "Colts D/ST" "0.75-13.45" 24.63 2.79 0.68 0.7 0.02 0.2 "#14" 13.45 0.75 6.35 40.3225 5 0 358.076 5 -1 5.79
"8" "Saints D/ST" "-0.11-13.91" 28.84 2.54 1.05 0.76 0 0.27 "#20" 13.91 -0.11 7.01 49.1401 6 -1 379.968 5 -1 5.78
"9" "Seahawks D/ST" "0.01-14.79" 26.78 2.92 1.21 0.8 0.03 0.13 "#6" 14.79 0.01 7.39 54.6121 6 -1 369.256 5 -1 5.78
"12" "Packers D/ST" "0.16-13.68" 23.83 2.27 1.02 0.71 0.04 0.16 "#20" 13.68 0.16 6.76 45.6976 5 0 353.916 5 -1 5.77
"7" "Browns D/ST" "1.34-11.50" 21.76 1.97 0.86 0.49 0 0.18 "#12" 11.5 1.34 5.08 25.8064 5 0 343.152 4 0 5.75
"4" "Jets D/ST" "1.23-11.77" 25.26 2.53 1.04 0.56 0.03 0.16 "#28" 11.77 1.23 5.27 27.7729 5 0 361.352 5 -1 5.75
"8" "Panthers D/ST" "0.82-13.58" 24.58 2.14 0.85 0.58 0.02 0.28 "#11" 13.58 0.82 6.38 40.7044 5 0 357.816 5 -1 5.72
"5" "Vikings D/ST" "2.22-11.28" 20.72 1.9 1.05 0.54 0.02 0.1 "#19" 11.28 2.22 4.53 20.5209 5 0 337.744 4 0 5.72
"10" "Cowboys D/ST" "1.98-11.76" 20.55 1.67 0.63 0.56 0.02 0.27 "#19" 11.76 1.98 4.89 23.9121 5 0 336.86 4 0 5.71
"3" "Steelers D/ST" "1.21-12.19" 23.72 2.17 0.81 0.75 0.04 0.22 "#12" 12.19 1.21 5.49 30.1401 5 0 353.344 5 -1 5.69
"10" "Buccaneers D/ST" "-0.48-15.10" 26.81 2.37 0.97 0.94 0.03 0.24 "#21" 15.1 -0.48 7.79 60.6841 6 -1 369.412 5 -1 5.69
"9" "Chargers D/ST" "0.66-13.46" 28.4 3.15 1.13 0.6 0.09 0.15 "#18" 13.46 0.66 6.4 40.96 6 -1 377.68 5 -1 5.69
"11" "Saints D/ST" "0.83-12.37" 25.32 1.92 0.98 0.64 0.04 0.24 "#19" 12.37 0.83 5.77 33.2929 5 0 361.664 5 -1 5.68
"3" "Bengals D/ST" "1.44-12.68" 23.24 2.41 0.94 0.62 0 0.19 "#7" 12.68 1.44 5.62 31.5844 5 0 350.848 5 -1 5.67
"4" "Buccaneers D/ST" "1.06-12.76" 23.2 2.27 1.03 0.59 0.02 0.18 "#8" 12.76 1.06 5.85 34.2225 5 0 350.64 5 -1 5.63
"5" "Packers D/ST" "0.84-13.22" 27.08 2.12 1.22 0.74 0 0.26 "#15" 13.22 0.84 6.19 38.3161 6 -1 370.816 5 -1 5.6
"3" "Saints D/ST" "0.82-12.06" 26.4 2.25 0.9 0.78 0.07 0.14 "#5" 12.06 0.82 5.62 31.5844 5 0 367.28 5 -1 5.59
"14" "Vikings D/ST" "0.77-12.19" 25.6 2.14 0.56 0.84 0.04 0.26 "#18" 12.19 0.77 5.71 32.6041 5 0 363.12 5 -1 5.58
"5" "Jaguars D/ST" "0.10-13.34" 28.01 2.28 1.31 0.8 0.05 0.16 "#1" 13.34 0.1 6.62 43.8244 6 -1 375.652 5 -1 5.56
"6" "Bills D/ST" "2.49-10.11" 20.8 1.72 0.59 0.71 0.02 0.2 "#14" 10.11 2.49 3.81 14.5161 5 0 338.16 4 0 5.56
"16" "Cowboys D/ST" "1.79-11.23" 25.59 1.84 0.9 0.74 0 0.24 "#12" 11.23 1.79 4.72 22.2784 5 0 363.068 5 -1 5.56
"1" "Chargers D/ST" "0.26-12.24" 25.31 2.22 1 0.54 0.02 0.2 "#1" 12.24 0.26 5.99 35.8801 5 0 361.612 5 -1 5.54
"5" "Cowboys D/ST" "0.09-13.67" 24.46 2.84 0.7 0.72 0.04 0.13 "#14" 13.67 0.09 6.79 46.1041 5 0 357.192 5 -1 5.54
"10" "Panthers D/ST" "1.14-11.72" 25.31 1.92 1.12 0.52 0.04 0.21 "#9" 11.72 1.14 5.29 27.9841 5 0 361.612 5 -1 5.54
"10" "Browns D/ST" "2.50-10.50" 19.43 1.83 0.91 0.45 0.03 0.15 "#5" 10.5 2.5 4 16 5 0 331.036 4 0 5.51
"2" "Patriots D/ST" "0.58-13.82" 26.82 2.71 0.99 0.65 0.08 0.22 "#28" 13.82 0.58 6.62 43.8244 6 -1 369.464 5 -1 5.47
"15" "Bears D/ST" "0.42-12.82" 23.39 2.44 0.77 0.62 0.02 0.2 "#10" 12.82 0.42 6.2 38.44 5 0 351.628 5 -1 5.46
"6" "Raiders D/ST" "0.63-13.11" 28 2.56 0.76 1.09 0.06 0.18 "#18" 13.11 0.63 6.24 38.9376 6 -1 375.6 5 -1 5.46
"5" "Dolphins D/ST" "1.13-11.47" 25 1.94 0.98 0.65 0 0.21 "#16" 11.47 1.13 5.17 26.7289 5 0 360 5 -1 5.46
"15" "Bills D/ST" "0.77-12.71" 23.39 1.9 1.18 0.58 0.04 0.16 "#15" 12.71 0.77 5.97 35.6409 5 0 351.628 5 -1 5.46
"8" "Jets D/ST" "0.18-12.64" 20.24 1.82 0.8 0.55 0.04 0.14 "#8" 12.64 0.18 6.23 38.8129 5 0 335.248 4 0 5.44
"1" "Falcons D/ST" "1.16-11.08" 26.37 2.22 0.78 0.7 0.08 0.18 "#19" 11.08 1.16 4.96 24.6016 5 0 367.124 5 -1 5.42
"4" "Bengals D/ST" "1.68-11.06" 25.87 2.44 0.71 0.71 0.08 0.16 "#5" 11.06 1.68 4.69 21.9961 5 0 364.524 5 -1 5.4
"10" "Redskins D/ST" "2.11-11.17" 23.28 1.72 0.83 0.64 0 0.29 "#12" 11.17 2.11 4.53 20.5209 5 0 351.056 5 -1 5.4
"16" "Texans D/ST" "-0.20-12.28" 25.8 2.1 0.82 0.58 0.02 0.24 "#19" 12.28 -0.2 6.24 38.9376 5 0 364.16 5 -1 5.38
"15" "Rams D/ST" "1.08-10.96" 25.79 2.12 1.12 0.7 0 0.1 "#19" 10.96 1.08 4.94 24.4036 5 0 364.108 5 -1 5.36
"7" "Bills D/ST" "3.03-10.21" 17.84 1.59 0.74 0.49 0.03 0.2 "#13" 10.21 3.03 3.59 12.8881 5 0 322.768 4 0 5.31
"1" "Broncos D/ST" "0.45-12.99" 23.43 1.95 0.9 0.66 0.02 0.2 "#18" 12.99 0.45 6.27 39.3129 5 0 351.836 5 -1 5.31
"3" "Falcons D/ST" "-0.66-14.26" 28.17 2.32 1.07 0.79 0 0.21 "#3" 14.26 -0.66 7.46 55.6516 6 -1 376.484 5 -1 5.3
"3" "Titans D/ST" "0.74-11.98" 23.94 2.22 0.67 0.63 0.02 0.24 "#28" 11.98 0.74 5.62 31.5844 5 0 354.488 5 -1 5.3
"3" "Buccaneers D/ST" "-0.51-13.33" 30.28 2.72 0.82 0.95 0 0.17 "#9" 13.33 -0.51 6.92 47.8864 6 -1 387.456 5 -1 5.28
"11" "Raiders D/ST" "1.62-11.28" 23.79 2.28 0.84 0.76 0.04 0.12 "#31" 11.28 1.62 4.83 23.3289 5 0 353.708 5 -1 5.28
"13" "Ravens D/ST" "0.99-11.61" 24.85 1.91 1.1 0.64 0.02 0.14 "#5" 11.61 0.99 5.31 28.1961 5 0 359.22 5 -1 5.27
"5" "Giants D/ST" "-1.21-14.13" 27.99 1.92 1.03 0.7 0.04 0.3 "#7" 14.13 -1.21 7.67 58.8289 6 -1 375.548 5 -1 5.26
"9" "Lions D/ST" "0.93-12.25" 27.45 2.5 0.9 0.99 0 0.16 "#20" 12.25 0.93 5.66 32.0356 6 -1 372.74 5 -1 5.24
"12" "Seahawks D/ST" "1.02-11.02" 25.47 2.08 0.88 0.64 0.02 0.18 "#7" 11.02 1.02 5 25 5 0 362.444 5 -1 5.24
"12" "Texans D/ST" "1.01-11.55" 24.71 2.04 0.78 0.78 0.06 0.16 "#24" 11.55 1.01 5.27 27.7729 5 0 358.492 5 -1 5.24
"5" "Redskins D/ST" "0.64-11.54" 30.29 2.19 1.11 0.63 0 0.26 "#3" 11.54 0.64 5.45 29.7025 6 -1 387.508 5 -1 5.23
"1" "Dolphins D/ST" "1.97-10.99" 23.48 2.2 0.8 0.72 0.06 0.14 "#24" 10.99 1.97 4.51 20.3401 5 0 352.096 5 -1 5.2
"11" "Vikings D/ST" "0.19-12.35" 25.14 2.2 0.78 0.72 0.02 0.16 "#8" 12.35 0.19 6.08 36.9664 5 0 360.728 5 -1 5.2
"17" "Vikings D/ST" "0.19-12.35" 25.14 2.2 0.78 0.72 0.02 0.16 "#8" 12.35 0.19 6.08 36.9664 5 0 360.728 5 -1 5.2
"6" "Broncos D/ST" "-0.50-12.46" 31.72 2.7 1.07 0.74 0.03 0.13 "#2" 12.46 -0.5 6.48 41.9904 6 -1 394.944 5 -1 5.16
"8" "Dolphins D/ST" "0.75-12.09" 23.86 2.28 0.67 0.64 0.06 0.19 "#14" 12.09 0.75 5.67 32.1489 5 0 354.072 5 -1 5.16
"10" "Seahawks D/ST" "0.52-10.52" 22.92 1.6 0.79 0.35 0.03 0.2 "#2" 10.52 0.52 5 25 5 0 349.184 4 0 5.14
"7" "Giants D/ST" "-0.64-13.08" 28.32 2.25 0.98 0.56 0.03 0.29 "#5" 13.08 -0.64 6.86 47.0596 6 -1 377.264 5 -1 5.13
"15" "Jets D/ST" "1.20-11.52" 23.5 2.08 0.76 0.68 0.04 0.18 "#14" 11.52 1.2 5.16 26.6256 5 0 352.2 5 -1 5.12
"8" "Raiders D/ST" "0.40-12.14" 27.93 1.91 1.23 0.71 0.02 0.21 "#13" 12.14 0.4 5.87 34.4569 6 -1 375.236 5 -1 5.09
"2" "Steelers D/ST" "1.26-10.46" 26.26 2.06 0.92 0.48 0 0.2 "#1" 10.46 1.26 4.6 21.16 5 0 366.552 5 -1 5.06
"3" "Chargers D/ST" "-0.70-12.16" 29.72 2.46 1.07 0.59 0.03 0.2 "#2" 12.16 -0.7 6.43 41.3449 6 -1 384.544 5 -1 5.04
"7" "Saints D/ST" "-0.23-13.77" 27.33 2.32 0.93 0.8 0 0.21 "#11" 13.77 -0.23 7 49 6 -1 372.116 5 -1 5.04
"5" "Falcons D/ST" "0.62-11.54" 24.86 1.6 1.16 0.46 0.02 0.19 "#9" 11.54 0.62 5.46 29.8116 5 0 359.272 5 -1 5.02
"5" "Raiders D/ST" "-0.51-12.81" 29.31 2.27 1.07 0.88 0.03 0.13 "#6" 12.81 -0.51 6.66 44.3556 6 -1 382.412 5 -1 5.01
"1" "Chiefs D/ST" "0.07-10.91" 25.49 1.76 0.84 0.7 0.04 0.18 "#6" 10.91 0.07 5.42 29.3764 5 0 362.548 5 -1 5
"12" "Giants D/ST" "0.45-11.13" 25.73 2.12 0.86 0.68 0.04 0.12 "#19" 11.13 0.45 5.34 28.5156 5 0 363.796 5 -1 5
"5" "Seahawks D/ST" "-0.88-12.54" 29.77 2.34 0.81 0.88 0.02 0.2 "#2" 12.54 -0.88 6.71 45.0241 6 -1 384.804 5 -1 4.96
"6" "Buccaneers D/ST" "0.47-11.67" 29.52 2.53 0.78 1.05 0.05 0.11 "#5" 11.67 0.47 5.6 31.36 6 -1 383.504 5 -1 4.95
"14" "Browns D/ST" "0.99-10.69" 24.41 1.9 1.16 0.5 0 0.12 "#7" 10.69 0.99 4.85 23.5225 5 0 356.932 5 -1 4.94
"4" "Giants D/ST" "-0.22-12.40" 29.9 2.28 1.03 0.79 0.03 0.16 "#3" 12.4 -0.22 6.31 39.8161 6 -1 385.48 5 -1 4.94
"9" "Bills D/ST" "0.56-12.12" 23.64 2.14 0.83 0.72 0.04 0.1 "#8" 12.12 0.56 5.78 33.4084 5 0 352.928 5 -1 4.92
"6" "Cardinals D/ST" "1.65-10.55" 25.37 2.02 0.69 0.62 0.07 0.19 "#20" 10.55 1.65 4.45 19.8025 5 0 361.924 5 -1 4.92
"8" "Buccaneers D/ST" "0.03-11.95" 28.86 2.11 0.9 0.84 0.03 0.21 "#16" 11.95 0.03 5.96 35.5216 6 -1 380.072 5 -1 4.91
"10" "Lions D/ST" "-0.11-13.01" 27.47 2.51 0.84 0.76 0.03 0.19 "#8" 13.01 -0.11 6.56 43.0336 6 -1 372.844 5 -1 4.91
"15" "Giants D/ST" "1.52-10.08" 25.2 2.14 0.78 0.7 0.04 0.12 "#24" 10.08 1.52 4.28 18.3184 5 0 361.04 5 -1 4.9
"10" "Bengals D/ST" "1.88-10.50" 23.15 1.88 0.88 0.49 0.02 0.2 "#3" 10.5 1.88 4.31 18.5761 5 0 350.38 5 -1 4.86
"1" "Giants D/ST" "-0.32-12.30" 24.41 1.98 0.82 0.52 0 0.2 "#28" 12.3 -0.32 6.31 39.8161 5 0 356.932 5 -1 4.86
"10" "Titans D/ST" "0.55-11.67" 23.67 2.18 0.82 0.66 0 0.12 "#4" 11.67 0.55 5.56 30.9136 5 0 353.084 5 -1 4.86
"10" "Dolphins D/ST" "-0.14-11.72" 25.44 1.91 0.77 0.56 0.04 0.2 "#10" 11.72 -0.14 5.93 35.1649 5 0 362.288 5 -1 4.85
"4" "49ers D/ST" "-0.87-11.75" 31.69 2.2 0.7 0.98 0.03 0.2 "#6" 11.75 -0.87 6.31 39.8161 6 -1 394.788 5 -1 4.82
"6" "49ers D/ST" "0.23-11.75" 28.16 2.08 1 0.59 0.09 0.23 "#10" 11.75 0.23 5.76 33.1776 6 -1 376.432 5 -1 4.82
"3" "Colts D/ST" "-0.33-12.61" 29.87 2.54 0.79 0.87 0.03 0.15 "#19" 12.61 -0.33 6.47 41.8609 6 -1 385.324 5 -1 4.82
"13" "Vikings D/ST" "0.67-10.31" 26.3 1.86 0.84 0.7 0.02 0.14 "#4" 10.31 0.67 4.82 23.2324 5 0 366.76 5 -1 4.82
"4" "Dolphins D/ST" "0.85-10.97" 23.81 1.67 0.9 0.63 0.02 0.17 "#4" 10.97 0.85 5.06 25.6036 5 0 353.812 5 -1 4.79
"5" "Colts D/ST" "-0.27-11.21" 30.06 3.17 0.76 0.64 0.03 0.12 "#4" 11.21 -0.27 5.74 32.9476 6 -1 386.312 5 -1 4.75
"16" "Bills D/ST" "0.69-11.43" 23.66 1.96 0.9 0.66 0.02 0.1 "#4" 11.43 0.69 5.37 28.8369 5 0 353.032 5 -1 4.72
"15" "Cardinals D/ST" "-0.59-11.21" 26.25 2.08 0.88 0.5 0.02 0.14 "#5" 11.21 -0.59 5.9 34.81 5 0 366.5 5 -1 4.72
"7" "Bengals D/ST" "-1.32-12.56" 31.6 2.17 1.18 0.67 0 0.14 "#1" 12.56 -1.32 6.94 48.1636 6 -1 394.32 5 -1 4.71
"1" "Eagles D/ST" "0.95-10.81" 23.21 1.66 0.76 0.82 0.02 0.14 "#5" 10.81 0.95 4.93 24.3049 5 0 350.692 5 -1 4.7
"1" "Panthers D/ST" "-0.19-12.55" 23.37 1.9 0.86 0.58 0.04 0.14 "#26" 12.55 -0.19 6.37 40.5769 5 0 351.524 5 -1 4.7
"8" "Vikings D/ST" "-0.97-13.57" 28.4 2.06 0.96 0.82 0 0.18 "#3" 13.57 -0.97 7.27 52.8529 6 -1 377.68 5 -1 4.7
"8" "Broncos D/ST" "-0.25-11.29" 31.09 1.87 0.92 0.5 0 0.33 "#1" 11.29 -0.25 5.77 33.2929 6 -1 391.668 5 -1 4.69
"4" "Broncos D/ST" "-0.17-12.25" 27.92 2.34 0.83 0.71 0 0.21 "#1" 12.25 -0.17 6.21 38.5641 6 -1 375.184 5 -1 4.68
"2" "Panthers D/ST" "0.57-10.59" 25.48 2 0.7 0.74 0.04 0.12 "#5" 10.59 0.57 5.01 25.1001 5 0 362.496 5 -1 4.68
"4" "Vikings D/ST" "0.26-11.76" 27.16 2.3 0.95 0.83 0.05 0.12 "#2" 11.76 0.26 5.75 33.0625 6 -1 371.232 5 -1 4.68
"3" "49ers D/ST" "-0.92-12.08" 31.2 2.65 0.82 0.92 0 0.09 "#1" 12.08 -0.92 6.5 42.25 6 -1 392.24 5 -1 4.67
"14" "Texans D/ST" "0.22-11.56" 26.95 2.26 0.9 0.58 0.06 0.22 "#13" 11.56 0.22 5.67 32.1489 6 -1 370.14 5 -1 4.66
"15" "Patriots D/ST" "1.06-11.06" 24.47 2.08 0.76 0.66 0.06 0.1 "#9" 11.06 1.06 5 25 5 0 357.244 5 -1 4.64
"16" "Giants D/ST" "0.37-10.85" 24.62 1.88 0.78 0.62 0 0.16 "#13" 10.85 0.37 5.24 27.4576 5 0 358.024 5 -1 4.64
"9" "Packers D/ST" "-0.10-11.70" 27.87 2.57 0.63 0.87 0.03 0.16 "#4" 11.7 -0.1 5.9 34.81 6 -1 374.924 5 -1 4.59
"12" "Buccaneers D/ST" "0.46-10.56" 25.07 1.94 0.78 0.68 0.06 0.1 "#27" 10.56 0.46 5.05 25.5025 5 0 360.364 5 -1 4.58
"14" "Giants D/ST" "0.40-10.38" 25.8 2.22 0.6 0.66 0.06 0.12 "#21" 10.38 0.4 4.99 24.9001 5 0 364.16 5 -1 4.58
"2" "Jaguars D/ST" "0.15-11.33" 27.61 2.02 1 0.7 0.04 0.18 "#4" 11.33 0.15 5.59 31.2481 6 -1 373.572 5 -1 4.58
"13" "Redskins D/ST" "0.56-11.22" 24.09 2.06 0.9 0.5 0 0.12 "#19" 11.22 0.56 5.33 28.4089 5 0 355.268 5 -1 4.58
"17" "Redskins D/ST" "0.56-11.22" 24.09 2.06 0.9 0.5 0 0.12 "#19" 11.22 0.56 5.33 28.4089 5 0 355.268 5 -1 4.58
"12" "Dolphins D/ST" "0.20-10.16" 26.02 1.88 0.78 0.52 0 0.18 "#13" 10.16 0.2 4.98 24.8004 5 0 365.304 5 -1 4.56
"13" "Saints D/ST" "0.09-11.03" 24.79 2.04 0.68 0.5 0.04 0.18 "#26" 11.03 0.09 5.47 29.9209 5 0 358.908 5 -1 4.56
"9" "Browns D/ST" "-0.34-11.92" 28.54 2.27 0.85 0.73 0.05 0.16 "#1" 11.92 -0.34 6.13 37.5769 6 -1 378.408 5 -1 4.49
"11" "Cowboys D/ST" "0.94-11.06" 28.13 2.12 0.86 0.74 0.02 0.18 "#5" 11.06 0.94 5.06 25.6036 6 -1 376.276 5 -1 4.44
"16" "Lions D/ST" "1.36-10.62" 26.53 2.15 0.88 0.76 0 0.16 "#20" 10.62 1.36 4.63 21.4369 6 -1 367.956 5 -1 4.39
"8" "Bills D/ST" "-1.12-11.32" 30.37 2.57 0.79 0.65 0.08 0.13 "#4" 11.32 -1.12 6.22 38.6884 6 -1 387.924 5 -1 4.39
"12" "49ers D/ST" "0.33-11.63" 26.66 1.66 1.14 0.64 0.04 0.18 "#12" 11.63 0.33 5.65 31.9225 6 -1 368.632 5 -1 4.38
"16" "Buccaneers D/ST" "0.86-9.72" 25.84 2.12 0.82 0.38 0.1 0.1 "#26" 9.72 0.86 4.43 19.6249 5 0 364.368 5 -1 4.32
"17" "Packers D/ST" "0.25-10.91" 27.96 2.02 0.78 0.7 0.02 0.2 "#15" 10.91 0.25 5.33 28.4089 6 -1 375.392 5 -1 4.22
"2" "Giants D/ST" "0.36-9.62" 25.4 2.1 0.78 0.4 0 0.12 "#26" 9.62 0.36 4.63 21.4369 5 0 362.08 5 -1 4.18
"11" "Titans D/ST" "-0.54-10.18" 25.37 1.68 0.86 0.4 0 0.16 "#13" 10.18 -0.54 5.36 28.7296 5 0 361.924 5 -1 4.16
"17" "Titans D/ST" "-0.54-10.18" 25.37 1.68 0.86 0.4 0 0.16 "#13" 10.18 -0.54 5.36 28.7296 5 0 361.924 5 -1 4.16
"10" "Cardinals D/ST" "0.56-8.60" 22.12 1.08 0.52 0.43 0.03 0.18 "#1" 8.6 0.56 4.02 16.1604 5 0 345.024 4 0 4.12
"2" "49ers D/ST" "0.12-8.82" 26.26 1.75 0.78 0.6 0 0.1 "#15" 8.82 0.12 4.35 18.9225 5 0 366.552 5 -1 4.11
"15" "Buccaneers D/ST" "0.08-10.34" 27.52 1.54 0.98 0.64 0.02 0.2 "#11" 10.34 0.08 5.13 26.3169 6 -1 373.104 5 -1 4.02
"1" "Colts D/ST" "-0.42-9.68" 26.32 1.78 0.86 0.42 0.04 0.1 "#16" 9.68 -0.42 5.05 25.5025 5 0 366.864 5 -1 4.02
"3" "Lions D/ST" "-0.68-11.68" 27.95 1.78 0.93 0.77 0.03 0.13 "#4" 11.68 -0.68 6.18 38.1924 6 -1 375.34 5 -1 4.02
"2" "Packers D/ST" "0.43-10.53" 27.56 1.8 0.72 0.7 0.06 0.2 "#20" 10.53 0.43 5.05 25.5025 6 -1 373.312 5 -1 3.96
"16" "Panthers D/ST" "0.10-10.22" 26.98 2.12 0.76 0.74 0.04 0.12 "#5" 10.22 0.1 5.06 25.6036 6 -1 370.296 5 -1 3.92
"2" "Bills D/ST" "0.65-9.45" 27.63 1.88 0.88 0.54 0.04 0.18 "#6" 9.45 0.65 4.4 19.36 6 -1 373.676 5 -1 3.88
"12" "Panthers D/ST" "-0.15-9.95" 25.61 1.91 0.64 0.44 0.04 0.12 "#18" 9.95 -0.15 5.05 25.5025 5 0 363.172 5 -1 3.87
"10" "Raiders D/ST" "-0.14-11.02" 26.91 2.09 0.65 0.72 0.02 0.16 "#6" 11.02 -0.14 5.58 31.1364 6 -1 369.932 5 -1 3.83
"13" "Falcons D/ST" "0.23-9.25" 29.5 2.07 0.9 0.46 0.02 0.16 "#11" 9.25 0.23 4.51 20.3401 6 -1 383.4 5 -1 3.79
"6" "Chiefs D/ST" "-1.40-13.02" 34.44 2.25 0.96 0.8 0 0.33 "#4" 13.02 -1.4 7.21 51.9841 6 -1 409.088 6 -3 3.75
"2" "Buccaneers D/ST" "-0.10-10.24" 27.35 1.98 0.72 0.64 0.04 0.16 "#19" 10.24 -0.1 5.17 26.7289 6 -1 372.22 5 -1 3.74
"3" "Bills D/ST" "-0.91-11.17" 27.26 1.98 0.72 0.79 0.04 0.1 "#20" 11.17 -0.91 6.04 36.4816 6 -1 371.752 5 -1 3.68
"11" "Falcons D/ST" "-0.13-9.55" 29.62 2 0.68 0.62 0 0.18 "#26" 9.55 -0.13 4.84 23.4256 6 -1 384.024 5 -1 3.68
"13" "Cowboys D/ST" "-1.13-10.17" 25.69 1.87 0.66 0.52 0 0.06 "#3" 10.17 -1.13 5.65 31.9225 5 0 363.588 5 -1 3.59
"14" "Rams D/ST" "-0.02-9.78" 29.18 2.02 0.66 0.44 0.04 0.2 "#8" 9.78 -0.02 4.9 24.01 6 -1 381.736 5 -1 3.5
"13" "49ers D/ST" "0.22-10.28" 26.77 2.02 0.62 0.42 0.02 0.22 "#18" 10.28 0.22 5.03 25.3009 6 -1 369.204 5 -1 3.46
"15" "49ers D/ST" "0.22-10.28" 26.77 2.02 0.62 0.42 0.02 0.22 "#18" 10.28 0.22 5.03 25.3009 6 -1 369.204 5 -1 3.46
"15" "Raiders D/ST" "0.49-8.73" 28.56 1.84 0.78 0.66 0 0.12 "#16" 8.73 0.49 4.12 16.9744 6 -1 378.512 5 -1 3.44
"14" "Saints D/ST" "-0.96-9.08" 29.81 1.76 0.88 0.44 0.06 0.14 "#12" 9.08 -0.96 5.02 25.2004 6 -1 385.012 5 -1 3.36
"16" "Saints D/ST" "-1.25-8.49" 31.84 1.72 0.82 0.54 0.04 0.14 "#9" 8.49 -1.25 4.87 23.7169 6 -1 395.568 5 -1 3.36
"11" "Rams D/ST" "-1.16-9.62" 31.4 1.55 0.84 0.68 0.02 0.12 "#1" 9.62 -1.16 5.39 29.0521 6 -1 393.28 5 -1 3.35
"14" "Falcons D/ST" "-0.68-8.98" 29.57 1.91 1.02 0.32 0.02 0.12 "#10" 8.98 -0.68 4.83 23.3289 6 -1 383.764 5 -1 3.35
"17" "Falcons D/ST" "0.35-7.95" 29.4 1.54 0.94 0.46 0.02 0.16 "#12" 7.95 0.35 3.8 14.44 6 -1 382.88 5 -1 3.34
"11" "Redskins D/ST" "0.34-9.28" 26.65 1.62 0.76 0.6 0.02 0.16 "#14" 9.28 0.34 4.47 19.9809 6 -1 368.58 5 -1 3.34
"11" "Giants D/ST" "-0.69-10.41" 26.79 1.54 0.72 0.52 0.04 0.2 "#12" 10.41 -0.69 5.55 30.8025 6 -1 369.308 5 -1 3.3
"14" "Bears D/ST" "-0.33-8.79" 29.99 2.18 0.72 0.48 0 0.12 "#2" 8.79 -0.33 4.56 20.7936 6 -1 385.948 5 -1 3.3
"14" "Colts D/ST" "-0.77-10.21" 26.97 1.6 0.7 0.6 0 0.18 "#14" 10.21 -0.77 5.49 30.1401 6 -1 370.244 5 -1 3.28
"1" "Texans D/ST" "-1.11-9.47" 29.36 2.11 0.62 0.59 0.07 0.1 "#4" 9.47 -1.11 5.29 27.9841 6 -1 382.672 5 -1 3.27
"9" "Buccaneers D/ST" "-1.16-12.58" 33.71 2.8 0.66 0.96 0.06 0.18 "#7" 12.58 -1.16 6.87 47.1969 6 -1 405.292 6 -3 3.24
"16" "Raiders D/ST" "-0.27-7.73" 31.53 1.84 0.72 0.46 0.08 0.14 "#17" 7.73 -0.27 4 16 6 -1 393.956 5 -1 3.2
"16" "49ers D/ST" "-0.32-8.88" 28.91 1.84 0.58 0.56 0.02 0.16 "#8" 8.88 -0.32 4.6 21.16 6 -1 380.332 5 -1 3.12
"14" "Packers D/ST" "-1.60-9.24" 31.54 1.66 0.7 0.46 0.02 0.18 "#5" 9.24 -1.6 5.42 29.3764 6 -1 394.008 5 -1 3.1
"11" "Packers D/ST" "-1.15-9.15" 29.24 1.96 0.8 0.62 0.02 0.04 "#18" 9.15 -1.15 5.15 26.5225 6 -1 382.048 5 -1 3.08
"12" "Raiders D/ST" "-0.87-8.43" 30.6 1.76 0.76 0.4 0.02 0.16 "#11" 8.43 -0.87 4.65 21.6225 6 -1 389.12 5 -1 3.08
"11" "Broncos D/ST" "-0.85-7.71" 32.28 1.77 0.66 0.38 0 0.2 "#6" 7.71 -0.85 4.28 18.3184 6 -1 397.856 5 -1 3.05
"17" "Broncos D/ST" "-0.85-7.71" 32.28 1.77 0.66 0.38 0 0.2 "#6" 7.71 -0.85 4.28 18.3184 6 -1 397.856 5 -1 3.05
"2" "Colts D/ST" "-0.31-8.83" 27.83 1.56 0.82 0.62 0 0.1 "#21" 8.83 -0.31 4.57 20.8849 6 -1 374.716 5 -1 3.04
"16" "Falcons D/ST" "-1.17-8.43" 31.93 1.46 0.6 0.68 0.02 0.16 "#7" 8.43 -1.17 4.8 23.04 6 -1 396.036 5 -1 3.02
"12" "Jets D/ST" "0.38-8.32" 26.92 2.06 0.62 0.6 0.02 0.08 "#4" 8.32 0.38 3.97 15.7609 6 -1 369.984 5 -1 3.02
"17" "Jets D/ST" "0.38-8.32" 26.92 2.06 0.62 0.6 0.02 0.08 "#4" 8.32 0.38 3.97 15.7609 6 -1 369.984 5 -1 3.02
"14" "Bengals D/ST" "-0.57-7.97" 30.78 1.88 0.58 0.48 0.02 0.16 "#6" 7.97 -0.57 4.27 18.2329 6 -1 390.056 5 -1 3
"2" "Chiefs D/ST" "-1.05-8.65" 29.79 1.4 0.82 0.62 0.04 0.1 "#9" 8.65 -1.05 4.85 23.5225 6 -1 384.908 5 -1 2.96
"16" "Ravens D/ST" "-0.37-8.67" 28.19 1.84 0.72 0.52 0 0.1 "#6" 8.67 -0.37 4.52 20.4304 6 -1 376.588 5 -1 2.92
"1" "49ers D/ST" "-0.12-8.04" 28.39 1.66 0.64 0.68 0.02 0.08 "#20" 8.04 -0.12 4.08 16.6464 6 -1 377.628 5 -1 2.82
"15" "Panthers D/ST" "-1.65-8.61" 32.37 1.53 0.78 0.54 0 0.1 "#3" 8.61 -1.65 5.13 26.3169 6 -1 398.324 5 -1 2.77
"17" "Panthers D/ST" "-1.65-8.61" 32.37 1.53 0.78 0.54 0 0.1 "#3" 8.61 -1.65 5.13 26.3169 6 -1 398.324 5 -1 2.77
"16" "Seahawks D/ST" "-0.35-8.25" 28.07 2.13 0.6 0.48 0 0.08 "#1" 8.25 -0.35 4.3 18.49 6 -1 375.964 5 -1 2.77
"17" "Lions D/ST" "-0.78-8.02" 29.77 1.43 0.82 0.42 0 0.14 "#10" 8.02 -0.78 4.4 19.36 6 -1 384.804 5 -1 2.75
"16" "Cardinals D/ST" "-1.30-8.26" 30.13 1.96 0.59 0.52 0.04 0.08 "#2" 8.26 -1.3 4.78 22.8484 6 -1 386.676 5 -1 2.74
"15" "Packers D/ST" "-0.39-7.23" 30.9 1.8 0.56 0.66 0.04 0.06 "#8" 7.23 -0.39 3.81 14.5161 6 -1 390.68 5 -1 2.68
"1" "Buccaneers D/ST" "-1.98-8.48" 31.37 1.42 0.62 0.54 0.02 0.14 "#3" 8.48 -1.98 5.23 27.3529 6 -1 393.124 5 -1 2.62
"14" "Ravens D/ST" "-0.62-8.04" 29.09 1.9 0.62 0.44 0 0.1 "#1" 8.04 -0.62 4.33 18.7489 6 -1 381.268 5 -1 2.62
"13" "Giants D/ST" "-0.25-7.79" 28.21 1.93 0.6 0.42 0.02 0.1 "#8" 7.79 -0.25 4.02 16.1604 6 -1 376.692 5 -1 2.61
"17" "Buccaneers D/ST" "-1.15-7.53" 31.83 1.4 0.68 0.52 0.04 0.12 "#5" 7.53 -1.15 4.34 18.8356 6 -1 395.516 5 -1 2.6
"12" "Titans D/ST" "-0.12-7.60" 27.98 1.72 0.52 0.52 0.04 0.12 "#14" 7.6 -0.12 3.86 14.8996 6 -1 375.496 5 -1 2.6
"14" "Raiders D/ST" "-0.72-7.80" 29.72 1.3 0.76 0.5 0.02 0.12 "#9" 7.8 -0.72 4.26 18.1476 6 -1 384.544 5 -1 2.58
"15" "Chargers D/ST" "-1.51-8.81" 29.35 1.59 0.68 0.48 0.02 0.1 "#1" 8.81 -1.51 5.16 26.6256 6 -1 382.62 5 -1 2.55
"7" "Titans D/ST" "-1.79-14.51" 35.26 3.01 0.91 0.98 0.07 0.27 "#6" 14.51 -1.79 8.15 66.4225 7 -3 413.352 6 -3 2.55
"15" "Steelers D/ST" "-1.54-7.86" 29.95 1.91 0.54 0.42 0.06 0.08 "#4" 7.86 -1.54 4.7 22.09 6 -1 385.74 5 -1 2.43
"11" "Eagles D/ST" "-1.02-6.32" 32.1 1.63 0.78 0.36 0.02 0.08 "#3" 6.32 -1.02 3.67 13.4689 6 -1 396.92 5 -1 2.43
"13" "Steelers D/ST" "-0.93-7.03" 29.99 1.66 0.56 0.48 0.04 0.08 "#6" 7.03 -0.93 3.98 15.8404 6 -1 385.948 5 -1 2.3
"9" "Saints D/ST" "-4.68-17.30" 34.6 3.47 1.04 1.19 0 0.05 "#2" 17.3 -4.68 10.99 120.7801 7 -3 409.92 6 -3 2.23
"16" "Chiefs D/ST" "-1.55-8.31" 29.03 1.5 0.64 0.5 0.04 0.06 "#18" 8.31 -1.55 4.93 24.3049 6 -1 380.956 5 -1 2.22
"16" "Steelers D/ST" "-1.21-6.91" 30.11 1.64 0.54 0.5 0.04 0.06 "#3" 6.91 -1.21 4.06 16.4836 6 -1 386.572 5 -1 2.16
"1" "Browns D/ST" "-1.42-7.00" 32.24 1.4 0.48 0.56 0 0.1 "#9" 7 -1.42 4.21 17.7241 6 -1 397.648 5 -1 2.08
"1" "Raiders D/ST" "-0.79-7.99" 28.09 1.52 0.52 0.4 0 0.12 "#2" 7.99 -0.79 4.39 19.2721 6 -1 376.068 5 -1 2.08
"12" "Cardinals D/ST" "-1.01-6.41" 30.91 1.78 0.48 0.46 0.02 0.06 "#6" 6.41 -1.01 3.71 13.7641 6 -1 390.732 5 -1 2.06
"7" "49ers D/ST" "-2.90-14.08" 34.55 3.49 1.16 0.73 0.03 0.06 "#2" 14.08 -2.9 8.49 72.0801 7 -3 409.66 6 -3 1.69
"12" "Lions D/ST" "-0.64-7.96" 32.69 1.66 0.58 0.72 0.06 0.12 "#8" 7.96 -0.64 4.3 18.49 6 -1 399.988 6 -3 1.1
"14" "Dolphins D/ST" "-1.59-7.91" 33.6 1.7 0.42 0.66 0 0.2 "#4" 7.91 -1.59 4.75 22.5625 6 -1 404.72 6 -3 1.06
"8" "Packers D/ST" "-2.25-11.95" 35.35 2.79 0.85 0.73 0.03 0.16 "#2" 11.95 -2.25 7.1 50.41 7 -3 413.82 6 -3 0.97
"11" "Lions D/ST" "-1.50-7.12" 34.16 1.52 0.52 0.66 0.04 0.12 "#7" 7.12 -1.5 4.31 18.5761 6 -1 407.632 6 -3 0.68
"15" "Eagles D/ST" "-1.10-6.62" 32.99 1.63 0.6 0.44 0.02 0.14 "#2" 6.62 -1.1 3.86 14.8996 6 -1 401.548 6 -3 0.59
"12" "Saints D/ST" "-1.76-6.92" 33.4 1.34 0.66 0.54 0.04 0.08 "#5" 6.92 -1.76 4.34 18.8356 6 -1 403.68 6 -3 0.3
"13" "Raiders D/ST" "-2.48-7.04" 33.99 1.28 0.54 0.5 0.02 0.14 "#1" 7.04 -2.48 4.76 22.6576 6 -1 406.748 6 -3 0.24
"17" "Raiders D/ST" "-2.48-7.04" 33.99 1.28 0.54 0.5 0.02 0.14 "#1" 7.04 -2.48 4.76 22.6576 6 -1 406.748 6 -3 0.24
"17" "49ers D/ST" "-1.08-6.14" 33.26 1.56 0.48 0.36 0 0.14 "#2" 6.14 -1.08 3.61 13.0321 6 -1 402.952 6 -3 0.0799999999999996
"15" "Saints D/ST" "-2.53-7.01" 33.55 1.5 0.44 0.58 0.02 0.08 "#7" 7.01 -2.53 4.77 22.7529 6 -1 404.46 6 -3 0.0599999999999996
"17" "Saints D/ST" "-2.53-7.01" 33.55 1.5 0.44 0.58 0.02 0.08 "#7" 7.01 -2.53 4.77 22.7529 6 -1 404.46 6 -3 0.0599999999999996
"2" "Browns D/ST" "-2.64-6.62" 34.48 1.34 0.48 0.54 0 0.08 "#3" 6.62 -2.64 4.63 21.4369 6 -1 409.296 6 -3 -0.14
"13" "Buccaneers D/ST" "-2.08-6.16" 32.81 1.52 0.3 0.54 0.06 0.08 "#7" 6.16 -2.08 4.12 16.9744 6 -1 400.612 6 -3 -0.2
"11" "Chiefs D/ST" "-2.12-8.42" 36.28 1.34 0.77 0.56 0 0.22 "#2" 8.42 -2.12 5.27 27.7729 7 -3 418.656 6 -3 -0.679999999999999
"15" "Chiefs D/ST" "-1.81-7.09" 35.91 1.42 0.74 0.48 0 0.18 "#6" 7.09 -1.81 4.45 19.8025 7 -3 416.732 6 -3 -1.06
"12" "Falcons D/ST" "-2.00-6.90" 35.34 1.4 0.5 0.56 0.02 0.16 "#3" 6.9 -2 4.45 19.8025 7 -3 413.768 6 -3 -1.48
"13" "Lions D/ST" "-2.13-5.81" 35.36 1.16 0.59 0.5 0.04 0.1 "#2" 5.81 -2.13 3.97 15.7609 7 -3 413.872 6 -3 -1.98
"14" "Buccaneers D/ST" "-2.91-5.63" 35.31 1.16 0.46 0.5 0 0.1 "#3" 5.63 -2.91 4.27 18.2329 7 -3 413.612 6 -3 -2.32
