"Week" "Player" "range" "pts_all" "sacks" "INT" "fum" "SAF" "TD" "rnk" "max" "min" "std" "Var" "pts_all_grp" "pts_all_score" "yrds_est" "yrds_all_grp" "yrds_all_score" "Full_Proj"
"17" "Ravens D/ST" "5.65-21.69" 13.34 3.4 1.44 0.92 0.1 0.4 "#31" 21.69 5.65 8.02 64.3204 3 3 299.368 3 2 15.72
"12" "Jaguars D/ST" "4.09-20.05" 12.67 2.66 1.02 0.76 0.06 0.42 "#32" 20.05 4.09 7.98 63.6804 3 3 295.884 3 2 13.86
"3" "Vikings D/ST" "4.71-16.87" 12.51 2.32 0.89 0.71 0.05 0.32 "#32" 16.87 4.71 6.08 36.9664 3 3 295.052 3 2 12.54
"2" "Rams D/ST" "6.96-19.84" 15.35 3.54 1.5 0.92 0.04 0.42 "#28" 19.84 6.96 6.44 41.4736 4 1 309.82 4 0 11.98
"1" "Ravens D/ST" "6.47-17.25" 16.72 3.11 1.56 0.66 0.1 0.35 "#32" 17.25 6.47 5.39 29.0521 4 1 316.944 4 0 10.85
"6" "Eagles D/ST" "5.74-18.50" 15.5 2.9 1.42 0.92 0.04 0.34 "#25" 18.5 5.74 6.38 40.7044 4 1 310.6 4 0 10.7
"12" "Eagles D/ST" "5.74-18.50" 15.5 2.9 1.42 0.92 0.04 0.34 "#25" 18.5 5.74 6.38 40.7044 4 1 310.6 4 0 10.7
"1" "Jaguars D/ST" "5.18-19.26" 14.21 3.18 1.24 0.76 0.08 0.34 "#25" 19.26 5.18 7.04 49.5616 4 1 303.892 4 0 10.38
"5" "Ravens D/ST" "4.17-11.89" 13.34 1.64 0.69 0.44 0.04 0.2 "#31" 11.89 4.17 3.86 14.8996 3 3 299.368 3 2 10.18
"1" "Vikings D/ST" "4.09-18.43" 15.49 2.9 1.18 0.72 0.04 0.3 "#30" 18.43 4.09 7.17 51.4089 4 1 310.548 4 0 9.58
"1" "Seahawks D/ST" "4.13-16.29" 16.34 3.02 1.16 0.72 0.02 0.26 "#17" 16.29 4.13 6.08 36.9664 4 1 314.968 4 0 9.38
"8" "Redskins D/ST" "4.48-17.26" 18.26 2.68 1.66 0.56 0.08 0.34 "#25" 17.26 4.48 6.39 40.8321 5 0 324.952 4 0 9.32
"14" "Redskins D/ST" "4.48-17.26" 18.26 2.68 1.66 0.56 0.08 0.34 "#25" 17.26 4.48 6.39 40.8321 5 0 324.952 4 0 9.32
"7" "Falcons D/ST" "2.89-16.31" 22.29 3.08 1.36 0.58 0.02 0.38 "#25" 16.31 2.89 6.71 45.0241 5 0 345.908 4 0 9.28
"15" "Broncos D/ST" "3.76-17.64" 17.78 3.02 1.1 1.04 0 0.32 "#31" 17.64 3.76 6.94 48.1636 5 0 322.456 4 0 9.22
"10" "Jets D/ST" "5.00-15.62" 16 3.21 1.06 0.86 0.02 0.18 "#32" 15.62 5 5.31 28.1961 4 1 313.2 4 0 9.17
"14" "Jets D/ST" "5.00-15.62" 16 3.21 1.06 0.86 0.02 0.18 "#32" 15.62 5 5.31 28.1961 4 1 313.2 4 0 9.17
"9" "Chargers D/ST" "3.86-15.78" 21.52 2.46 1.16 0.96 0 0.4 "#26" 15.78 3.86 5.96 35.5216 5 0 341.904 4 0 9.1
"9" "Bears D/ST" "3.96-17.12" 14.71 2.98 1.08 0.72 0.02 0.24 "#32" 17.12 3.96 6.58 43.2964 4 1 306.492 4 0 9.06
"1" "Redskins D/ST" "4.97-16.75" 17.6 2.79 1.46 0.53 0.02 0.37 "#28" 16.75 4.97 5.89 34.6921 5 0 321.52 4 0 9.03
"2" "Seahawks D/ST" "3.37-15.73" 16.85 3.1 1.16 0.8 0.02 0.14 "#13" 15.73 3.37 6.18 38.1924 4 1 317.62 4 0 8.9
"11" "Chargers D/ST" "3.62-14.68" 22.57 2.4 1.26 0.62 0.02 0.44 "#17" 14.68 3.62 5.53 30.5809 5 0 347.364 4 0 8.84
"17" "Chargers D/ST" "3.62-14.68" 22.57 2.4 1.26 0.62 0.02 0.44 "#17" 14.68 3.62 5.53 30.5809 5 0 347.364 4 0 8.84
"14" "Broncos D/ST" "4.24-15.00" 16.79 2.66 1.02 0.82 0.08 0.22 "#30" 15 4.24 5.38 28.9444 4 1 317.308 4 0 8.82
"13" "Seahawks D/ST" "3.52-15.72" 17.12 2.5 1.04 0.82 0.08 0.24 "#30" 15.72 3.52 6.1 37.21 4 1 319.024 4 0 8.82
"15" "Seahawks D/ST" "3.52-15.72" 17.12 2.5 1.04 0.82 0.08 0.24 "#30" 15.72 3.52 6.1 37.21 4 1 319.024 4 0 8.82
"2" "Texans D/ST" "2.99-16.23" 22.84 3.42 1.22 1.08 0.04 0.12 "#23" 16.23 2.99 6.62 43.8244 5 0 348.768 4 0 8.82
"16" "Rams D/ST" "4.31-17.09" 17.6 2.75 1.42 0.56 0 0.34 "#28" 17.09 4.31 6.39 40.8321 5 0 321.52 4 0 8.75
"2" "Broncos D/ST" "2.66-15.96" 21.88 2.86 1.08 0.66 0.06 0.38 "#6" 15.96 2.66 6.65 44.2225 5 0 343.776 4 0 8.74
"16" "Jaguars D/ST" "3.59-16.03" 16.15 2.62 0.88 0.9 0.04 0.24 "#22" 16.03 3.59 6.22 38.6884 4 1 313.98 4 0 8.7
"2" "Chargers D/ST" "1.37-17.85" 19.46 2.77 1.42 0.88 0.09 0.19 "#32" 17.85 1.37 8.24 67.8976 5 0 331.192 4 0 8.69
"13" "Rams D/ST" "4.41-15.33" 20.28 2.48 1.42 0.72 0.06 0.3 "#16" 15.33 4.41 5.46 29.8116 5 0 335.456 4 0 8.68
"2" "Saints D/ST" "3.61-15.35" 17.02 2.27 1.17 0.68 0.02 0.27 "#31" 15.35 3.61 5.87 34.4569 4 1 318.504 4 0 8.63
"15" "Bills D/ST" "3.27-14.65" 22.53 2.09 1.4 0.93 0.02 0.3 "#16" 14.65 3.27 5.69 32.3761 5 0 347.156 4 0 8.59
"3" "Jaguars D/ST" "5.28-14.44" 15.14 2.57 1.17 0.49 0.03 0.27 "#23" 14.44 5.28 4.58 20.9764 4 1 308.728 4 0 8.57
"10" "Jaguars D/ST" "3.54-16.46" 18.03 2.6 1.24 0.64 0.08 0.34 "#21" 16.46 3.54 6.46 41.7316 5 0 323.756 4 0 8.56
"13" "Jaguars D/ST" "3.54-16.46" 18.03 2.6 1.24 0.64 0.08 0.34 "#21" 16.46 3.54 6.46 41.7316 5 0 323.756 4 0 8.56
"2" "Lions D/ST" "2.72-15.64" 21.36 2.12 1.4 0.68 0.04 0.36 "#30" 15.64 2.72 6.46 41.7316 5 0 341.072 4 0 8.52
"7" "Bills D/ST" "3.74-15.38" 19.05 2.8 1.4 0.68 0.04 0.24 "#21" 15.38 3.74 5.82 33.8724 5 0 329.06 4 0 8.48
"7" "Cardinals D/ST" "2.78-16.12" 19.79 2.56 1.28 0.76 0.02 0.3 "#17" 16.12 2.78 6.67 44.4889 5 0 332.908 4 0 8.48
"6" "Ravens D/ST" "4.10-15.74" 15.36 2.62 1.12 0.72 0.1 0.16 "#23" 15.74 4.1 5.82 33.8724 4 1 309.872 4 0 8.46
"11" "Seahawks D/ST" "3.83-15.89" 19.02 3.29 1.18 0.7 0.04 0.22 "#18" 15.89 3.83 6.03 36.3609 5 0 328.904 4 0 8.45
"4" "Packers D/ST" "1.43-15.97" 22.29 2.78 1.07 0.87 0.07 0.26 "#32" 15.97 1.43 7.27 52.8529 5 0 345.908 4 0 8.36
"17" "Seahawks D/ST" "4.16-15.64" 18.17 2.8 1.1 0.82 0.02 0.28 "#28" 15.64 4.16 5.74 32.9476 5 0 324.484 4 0 8.36
"2" "Jets D/ST" "4.33-14.41" 15.78 2.58 1.1 0.72 0.02 0.18 "#22" 14.41 4.33 5.04 25.4016 4 1 312.056 4 0 8.34
"6" "Chargers D/ST" "3.25-15.27" 20.87 2.36 1.26 0.6 0.02 0.36 "#31" 15.27 3.25 6.01 36.1201 5 0 338.524 4 0 8.28
"15" "Browns D/ST" "1.91-18.21" 18.11 2.3 1.16 0.9 0.08 0.28 "#17" 18.21 1.91 8.15 66.4225 5 0 324.172 4 0 8.26
"2" "Redskins D/ST" "2.66-14.82" 21.72 2.12 1.36 0.7 0.04 0.32 "#21" 14.82 2.66 6.08 36.9664 5 0 342.944 4 0 8.24
"9" "Steelers D/ST" "3.76-14.96" 19.18 2.7 1.12 0.68 0 0.32 "#15" 14.96 3.76 5.6 31.36 5 0 329.736 4 0 8.22
"6" "Rams D/ST" "2.83-15.31" 20.5 2.58 1.4 0.52 0 0.3 "#17" 15.31 2.83 6.24 38.9376 5 0 336.6 4 0 8.22
"3" "Bears D/ST" "3.72-14.46" 16.01 2.44 1.09 0.49 0.02 0.26 "#28" 14.46 3.72 5.37 28.8369 4 1 313.252 4 0 8.2
"16" "Chargers D/ST" "3.21-14.39" 21.02 2.46 1.02 0.82 0 0.34 "#15" 14.39 3.21 5.59 31.2481 5 0 339.304 4 0 8.18
"9" "Jets D/ST" "3.94-13.66" 16.34 2.5 0.86 0.82 0.06 0.2 "#22" 13.66 3.94 4.86 23.6196 4 1 314.968 4 0 8.18
"2" "Vikings D/ST" "2.99-16.13" 18.67 2.35 1.34 0.8 0.04 0.24 "#18" 16.13 2.99 6.57 43.1649 5 0 327.084 4 0 8.15
"12" "Chargers D/ST" "3.30-15.42" 19.13 2.78 1.06 0.88 0.02 0.24 "#28" 15.42 3.3 6.06 36.7236 5 0 329.476 4 0 8.14
"4" "Jaguars D/ST" "4.01-14.65" 15.29 2.5 1.06 0.61 0.02 0.21 "#29" 14.65 4.01 5.32 28.3024 4 1 309.508 4 0 8.14
"14" "Jaguars D/ST" "4.26-14.98" 15.37 2.54 1.18 0.7 0.06 0.12 "#23" 14.98 4.26 5.36 28.7296 4 1 309.924 4 0 8.14
"1" "Steelers D/ST" "3.28-16.28" 18.21 2.46 1.16 0.82 0.02 0.28 "#31" 16.28 3.28 6.5 42.25 5 0 324.692 4 0 8.14
"15" "Lions D/ST" "2.46-15.72" 20.22 2.43 1.18 0.82 0 0.28 "#32" 15.72 2.46 6.63 43.9569 5 0 335.144 4 0 8.11
"1" "Rams D/ST" "3.44-15.00" 20.04 2.72 1.18 0.8 0.04 0.22 "#6" 15 3.44 5.78 33.4084 5 0 334.208 4 0 8.08
"7" "Broncos D/ST" "4.11-15.37" 17.75 2.66 1.2 0.76 0.08 0.22 "#28" 15.37 4.11 5.63 31.6969 5 0 322.3 4 0 8.06
"3" "Texans D/ST" "2.57-14.63" 22.06 2.56 0.95 0.79 0.04 0.32 "#25" 14.63 2.57 6.03 36.3609 5 0 344.712 4 0 8.04
"10" "Falcons D/ST" "2.59-15.89" 19.43 2.2 1.38 0.7 0.06 0.26 "#31" 15.89 2.59 6.65 44.2225 5 0 331.036 4 0 8.04
"16" "Giants D/ST" "2.33-14.75" 22.23 2.48 1.14 0.9 0.06 0.22 "#21" 14.75 2.33 6.21 38.5641 5 0 345.596 4 0 8
"1" "Jets D/ST" "0.99-16.83" 21.84 2.3 1.09 0.8 0 0.32 "#16" 16.83 0.99 7.92 62.7264 5 0 343.568 4 0 8
"6" "Vikings D/ST" "3.00-14.40" 16.64 2.44 0.9 0.82 0.08 0.16 "#28" 14.4 3 5.7 32.49 4 1 316.528 4 0 8
"16" "Bears D/ST" "2.76-14.86" 19.14 2.5 1.2 0.82 0.06 0.22 "#30" 14.86 2.76 6.05 36.6025 5 0 329.528 4 0 7.98
"1" "Saints D/ST" "2.89-14.39" 22.48 2.3 1.02 0.94 0.04 0.28 "#7" 14.39 2.89 5.75 33.0625 5 0 346.896 4 0 7.98
"15" "Falcons D/ST" "2.69-14.03" 21.87 2.56 1.08 0.6 0.06 0.32 "#28" 14.03 2.69 5.67 32.1489 5 0 343.724 4 0 7.96
"13" "Redskins D/ST" "3.29-14.23" 20.71 2.46 1.2 0.8 0.02 0.24 "#27" 14.23 3.29 5.47 29.9209 5 0 337.692 4 0 7.94
"17" "Redskins D/ST" "3.29-14.23" 20.71 2.46 1.2 0.8 0.02 0.24 "#27" 14.23 3.29 5.47 29.9209 5 0 337.692 4 0 7.94
"4" "Seahawks D/ST" "4.29-13.39" 15.66 2.24 0.94 0.67 0.02 0.23 "#28" 13.39 4.29 4.55 20.7025 4 1 311.432 4 0 7.88
"2" "Bears D/ST" "1.92-16.08" 19.47 2.38 1 0.78 0.06 0.3 "#26" 16.08 1.92 7.08 50.1264 5 0 331.244 4 0 7.86
"8" "Panthers D/ST" "2.60-15.16" 19.91 2.38 1.3 0.66 0.06 0.24 "#15" 15.16 2.6 6.28 39.4384 5 0 333.532 4 0 7.86
"5" "49ers D/ST" "3.07-14.19" 21.45 2.66 0.94 0.79 0.02 0.28 "#28" 14.19 3.07 5.56 30.9136 5 0 341.54 4 0 7.84
"8" "49ers D/ST" "3.02-14.12" 21.45 2.66 0.94 0.79 0.02 0.28 "#28" 14.12 3.02 5.55 30.8025 5 0 341.54 4 0 7.84
"4" "Rams D/ST" "1.28-15.34" 22.92 2.5 1.2 0.63 0.02 0.27 "#11" 15.34 1.28 7.03 49.4209 5 0 349.184 4 0 7.82
"8" "Steelers D/ST" "4.44-14.84" 17.54 3.12 1.18 0.5 0 0.22 "#31" 14.84 4.44 5.2 27.04 5 0 321.208 4 0 7.8
"8" "Rams D/ST" "3.31-13.19" 21.88 2.55 1.12 0.58 0.02 0.3 "#18" 13.19 3.31 4.94 24.4036 5 0 343.776 4 0 7.79
"14" "Lions D/ST" "2.34-14.66" 21.18 2.43 1.14 0.78 0.04 0.24 "#28" 14.66 2.34 6.16 37.9456 5 0 340.136 4 0 7.79
"14" "Panthers D/ST" "2.62-13.88" 21.62 2.1 1.1 0.64 0.08 0.34 "#31" 13.88 2.62 5.63 31.6969 5 0 342.424 4 0 7.78
"11" "Panthers D/ST" "2.31-14.99" 20.76 2.73 1.13 0.68 0.04 0.22 "#16" 14.99 2.31 6.34 40.1956 5 0 337.952 4 0 7.75
"9" "Dolphins D/ST" "1.95-14.21" 22.61 2.58 1.04 0.78 0.04 0.24 "#29" 14.21 1.95 6.13 37.5769 5 0 347.572 4 0 7.74
"7" "Rams D/ST" "3.67-13.03" 20.87 2.46 1.42 0.5 0.02 0.22 "#30" 13.03 3.67 4.68 21.9024 5 0 338.524 4 0 7.66
"17" "Rams D/ST" "3.67-13.03" 20.87 2.46 1.42 0.5 0.02 0.22 "#30" 13.03 3.67 4.68 21.9024 5 0 338.524 4 0 7.66
"5" "Panthers D/ST" "3.69-13.67" 19.18 2.07 1.29 0.55 0.05 0.3 "#25" 13.67 3.69 4.99 24.9001 5 0 329.736 4 0 7.65
"6" "Panthers D/ST" "0.84-15.58" 22.22 2.44 1 0.74 0.08 0.26 "#14" 15.58 0.84 7.37 54.3169 5 0 345.544 4 0 7.64
"16" "Eagles D/ST" "1.77-14.93" 21.94 2.58 0.96 0.74 0.04 0.26 "#10" 14.93 1.77 6.58 43.2964 5 0 344.088 4 0 7.62
"12" "Bengals D/ST" "3.15-14.11" 20.34 2.45 1.08 0.7 0.02 0.26 "#31" 14.11 3.15 5.48 30.0304 5 0 335.768 4 0 7.61
"16" "Bengals D/ST" "3.15-14.11" 20.34 2.45 1.08 0.7 0.02 0.26 "#31" 14.11 3.15 5.48 30.0304 5 0 335.768 4 0 7.61
"2" "Bengals D/ST" "2.91-14.19" 19.99 2.4 1.14 0.66 0.02 0.26 "#15" 14.19 2.91 5.64 31.8096 5 0 333.948 4 0 7.6
"15" "Rams D/ST" "2.44-14.62" 19.85 2.32 1.2 0.7 0.02 0.24 "#27" 14.62 2.44 6.09 37.0881 5 0 333.22 4 0 7.6
"15" "Titans D/ST" "2.57-15.69" 17.69 2.38 1.1 0.72 0 0.26 "#25" 15.69 2.57 6.56 43.0336 5 0 321.988 4 0 7.58
"8" "Bears D/ST" "1.78-15.84" 18.7 2.52 1.08 0.76 0.02 0.22 "#29" 15.84 1.78 7.03 49.4209 5 0 327.24 4 0 7.56
"1" "Titans D/ST" "3.59-14.83" 17.91 2.76 0.86 0.78 0.04 0.24 "#22" 14.83 3.59 5.62 31.5844 5 0 323.132 4 0 7.56
"13" "Bears D/ST" "3.04-14.54" 18.82 2.18 1.12 0.7 0.08 0.26 "#25" 14.54 3.04 5.75 33.0625 5 0 327.864 4 0 7.54
"14" "Chargers D/ST" "4.15-13.65" 23.31 2.22 1.16 1.02 0.02 0.32 "#3" 13.65 4.15 4.75 22.5625 5 0 351.212 5 -1 7.54
"12" "Browns D/ST" "2.86-14.34" 20.3 2.26 1.18 0.8 0.06 0.2 "#3" 14.34 2.86 5.74 32.9476 5 0 335.56 4 0 7.54
"16" "Browns D/ST" "2.86-14.34" 20.3 2.26 1.18 0.8 0.06 0.2 "#3" 14.34 2.86 5.74 32.9476 5 0 335.56 4 0 7.54
"1" "Patriots D/ST" "2.39-13.99" 21.84 2.42 1.12 0.7 0.02 0.24 "#10" 13.99 2.39 5.8 33.64 5 0 343.568 4 0 7.54
"16" "Jets D/ST" "2.91-14.45" 20.93 2.8 1.1 0.64 0.02 0.2 "#18" 14.45 2.91 5.77 33.2929 5 0 338.836 4 0 7.52
"13" "Eagles D/ST" "2.21-14.53" 21.41 2.4 0.96 0.76 0.06 0.26 "#14" 14.53 2.21 6.16 37.9456 5 0 341.332 4 0 7.52
"17" "Eagles D/ST" "2.21-14.53" 21.41 2.4 0.96 0.76 0.06 0.26 "#14" 14.53 2.21 6.16 37.9456 5 0 341.332 4 0 7.52
"3" "Chiefs D/ST" "1.66-13.94" 22.72 2.41 1.07 0.66 0.04 0.26 "#30" 13.94 1.66 6.14 37.6996 5 0 348.144 4 0 7.51
"13" "Bengals D/ST" "2.48-13.68" 21.15 2.3 1.14 0.64 0.04 0.26 "#17" 13.68 2.48 5.6 31.36 5 0 339.98 4 0 7.5
"12" "Patriots D/ST" "2.66-13.86" 21.71 2.12 1.28 0.9 0.02 0.16 "#29" 13.86 2.66 5.6 31.36 5 0 342.892 4 0 7.48
"17" "Patriots D/ST" "2.66-13.86" 21.71 2.12 1.28 0.9 0.02 0.16 "#29" 13.86 2.66 5.6 31.36 5 0 342.892 4 0 7.48
"13" "Dolphins D/ST" "3.64-14.74" 18.21 2.34 0.94 0.86 0.04 0.24 "#32" 14.74 3.64 5.55 30.8025 5 0 324.692 4 0 7.46
"17" "Dolphins D/ST" "3.64-14.74" 18.21 2.34 0.94 0.86 0.04 0.24 "#32" 14.74 3.64 5.55 30.8025 5 0 324.692 4 0 7.46
"16" "Redskins D/ST" "1.58-14.06" 22.24 2.3 1.1 0.68 0.02 0.26 "#23" 14.06 1.58 6.24 38.9376 5 0 345.648 4 0 7.46
"15" "Vikings D/ST" "2.72-13.60" 16.79 2.34 0.9 0.8 0.06 0.1 "#22" 13.6 2.72 5.44 29.5936 4 1 317.308 4 0 7.46
"4" "Chargers D/ST" "0.96-16.42" 24.07 3.22 1.34 0.55 0.03 0.23 "#30" 16.42 0.96 7.73 59.7529 5 0 355.164 5 -1 7.44
"12" "Steelers D/ST" "3.03-13.87" 19.83 2.72 1.1 0.6 0 0.22 "#17" 13.87 3.03 5.42 29.3764 5 0 333.116 4 0 7.44
"5" "Rams D/ST" "2.53-13.87" 20.34 2.13 1.25 0.7 0.04 0.22 "#26" 13.87 2.53 5.67 32.1489 5 0 335.768 4 0 7.43
"9" "Panthers D/ST" "2.74-14.28" 20.71 2.62 1.26 0.56 0.04 0.18 "#7" 14.28 2.74 5.77 33.2929 5 0 337.692 4 0 7.42
"13" "Panthers D/ST" "2.74-14.28" 20.71 2.62 1.26 0.56 0.04 0.18 "#7" 14.28 2.74 5.77 33.2929 5 0 337.692 4 0 7.42
"8" "Cardinals D/ST" "2.29-14.29" 19.3 2.34 1.24 0.68 0.06 0.18 "#30" 14.29 2.29 6 36 5 0 330.36 4 0 7.38
"7" "Buccaneers D/ST" "2.43-13.63" 22.67 2.42 1.04 0.6 0.06 0.26 "#31" 13.63 2.43 5.6 31.36 5 0 347.884 4 0 7.38
"7" "Lions D/ST" "1.89-13.91" 22.65 2.2 1.04 0.78 0.04 0.24 "#22" 13.91 1.89 6.01 36.1201 5 0 347.78 4 0 7.36
"16" "Colts D/ST" "2.66-13.90" 20.24 2.48 1.04 0.62 0 0.26 "#25" 13.9 2.66 5.62 31.5844 5 0 335.248 4 0 7.36
"6" "Bears D/ST" "2.51-15.37" 17.6 2.5 0.8 0.86 0.04 0.24 "#22" 15.37 2.51 6.43 41.3449 5 0 321.52 4 0 7.34
"5" "Patriots D/ST" "1.59-15.93" 23.08 2.8 1.45 0.88 0.02 0.14 "#21" 15.93 1.59 7.17 51.4089 5 0 350.016 5 -1 7.34
"13" "Texans D/ST" "2.05-14.33" 21.21 2.75 0.84 0.77 0.02 0.22 "#31" 14.33 2.05 6.14 37.6996 5 0 340.292 4 0 7.33
"6" "Jets D/ST" "3.21-13.33" 16.58 2.6 0.78 0.68 0.04 0.12 "#21" 13.33 3.21 5.06 25.6036 4 1 316.216 4 0 7.32
"3" "Panthers D/ST" "2.08-14.36" 20.15 2.03 1 0.72 0.05 0.29 "#3" 14.36 2.08 6.14 37.6996 5 0 334.78 4 0 7.31
"13" "Bills D/ST" "2.91-14.47" 19.29 2.74 0.94 0.66 0.02 0.22 "#22" 14.47 2.91 5.78 33.4084 5 0 330.308 4 0 7.3
"17" "Bills D/ST" "2.91-14.47" 19.29 2.74 0.94 0.66 0.02 0.22 "#22" 14.47 2.91 5.78 33.4084 5 0 330.308 4 0 7.3
"12" "Dolphins D/ST" "2.11-13.75" 21.62 2.58 1.16 0.66 0 0.18 "#21" 13.75 2.11 5.82 33.8724 5 0 342.424 4 0 7.3
"2" "Raiders D/ST" "1.81-13.99" 20.89 2.5 0.86 0.7 0 0.28 "#17" 13.99 1.81 6.09 37.0881 5 0 338.628 4 0 7.3
"13" "Broncos D/ST" "2.18-14.08" 20.8 2.52 1.16 0.62 0 0.2 "#3" 14.08 2.18 5.95 35.4025 5 0 338.16 4 0 7.28
"8" "Seahawks D/ST" "2.67-13.69" 20.79 2.76 1.02 0.74 0.02 0.16 "#16" 13.69 2.67 5.51 30.3601 5 0 338.108 4 0 7.28
"9" "Cowboys D/ST" "2.24-14.74" 23.22 2.62 0.88 0.8 0.06 0.36 "#23" 14.74 2.24 6.25 39.0625 5 0 350.744 5 -1 7.26
"10" "Rams D/ST" "2.51-13.51" 20.34 2.06 1.22 0.68 0.04 0.22 "#26" 13.51 2.51 5.5 30.25 5 0 335.768 4 0 7.26
"6" "Seahawks D/ST" "2.87-13.59" 20.76 2.66 1.08 0.76 0.04 0.14 "#6" 13.59 2.87 5.36 28.7296 5 0 337.952 4 0 7.26
"14" "Rams D/ST" "1.31-13.51" 22.79 2.3 1.14 0.6 0.02 0.24 "#13" 13.51 1.31 6.1 37.21 5 0 348.508 4 0 7.26
"6" "Packers D/ST" "2.35-13.53" 22.01 2.37 1.24 0.66 0.06 0.16 "#30" 13.53 2.35 5.59 31.2481 5 0 344.452 4 0 7.25
"7" "Panthers D/ST" "1.88-13.90" 21.22 2.56 1.24 0.58 0.04 0.16 "#27" 13.9 1.88 6.01 36.1201 5 0 340.344 4 0 7.24
"11" "Ravens D/ST" "1.35-14.83" 21.4 2.36 1.06 0.58 0.02 0.26 "#3" 14.83 1.35 6.74 45.4276 5 0 341.28 4 0 7.24
"10" "49ers D/ST" "3.12-13.34" 19.81 2.56 1.18 0.6 0 0.18 "#25" 13.34 3.12 5.11 26.1121 5 0 333.012 4 0 7.2
"12" "Panthers D/ST" "1.07-15.25" 20.32 2.36 1.1 0.68 0.04 0.2 "#26" 15.25 1.07 7.09 50.2681 5 0 335.664 4 0 7.2
"3" "Browns D/ST" "2.86-13.58" 20.76 2.78 0.77 0.73 0.02 0.23 "#29" 13.58 2.86 5.36 28.7296 5 0 337.952 4 0 7.2
"7" "Colts D/ST" "2.31-13.99" 20 2.4 0.82 0.76 0.04 0.26 "#32" 13.99 2.31 5.84 34.1056 5 0 334 4 0 7.2
"8" "Patriots D/ST" "3.45-14.67" 17.92 2.55 1.02 0.84 0.04 0.14 "#32" 14.67 3.45 5.61 31.4721 5 0 323.184 4 0 7.19
"16" "Patriots D/ST" "3.45-14.67" 17.92 2.55 1.02 0.84 0.04 0.14 "#32" 14.67 3.45 5.61 31.4721 5 0 323.184 4 0 7.19
"17" "Cardinals D/ST" "1.02-15.54" 18.98 2.16 1.18 0.8 0.04 0.16 "#26" 15.54 1.02 7.26 52.7076 5 0 328.696 4 0 7.16
"6" "Texans D/ST" "1.53-13.61" 22.67 2.52 0.9 0.7 0 0.24 "#32" 13.61 1.53 6.04 36.4816 5 0 347.884 4 0 7.16
"2" "Cowboys D/ST" "1.69-14.73" 20.48 2.27 1.34 0.72 0.02 0.12 "#25" 14.73 1.69 6.52 42.5104 5 0 336.496 4 0 7.15
"6" "Jaguars D/ST" "2.88-13.24" 17.17 2.51 0.9 0.6 0.08 0.08 "#24" 13.24 2.88 5.18 26.8324 4 1 319.284 4 0 7.15
"2" "Eagles D/ST" "1.88-15.58" 18.59 2.42 1 0.78 0.04 0.18 "#7" 15.58 1.88 6.85 46.9225 5 0 326.668 4 0 7.14
"7" "Jaguars D/ST" "3.05-13.79" 19.63 2.32 1.1 0.86 0.02 0.14 "#10" 13.79 3.05 5.37 28.8369 5 0 332.076 4 0 7.12
"17" "Jaguars D/ST" "3.05-13.79" 19.63 2.32 1.1 0.86 0.02 0.14 "#10" 13.79 3.05 5.37 28.8369 5 0 332.076 4 0 7.12
"5" "Titans D/ST" "2.56-14.72" 19.65 2.55 0.71 0.84 0.07 0.22 "#32" 14.72 2.56 6.08 36.9664 5 0 332.18 4 0 7.11
"13" "Titans D/ST" "2.39-13.27" 21.66 2.46 0.78 0.72 0.04 0.26 "#29" 13.27 2.39 5.44 29.5936 5 0 342.632 4 0 7.1
"9" "Bills D/ST" "2.37-12.65" 22.78 2.3 0.94 0.62 0 0.28 "#13" 12.65 2.37 5.14 26.4196 5 0 348.456 4 0 7.1
"13" "Falcons D/ST" "1.81-14.37" 25.48 2.37 0.92 0.7 0.04 0.4 "#15" 14.37 1.81 6.28 39.4384 5 0 362.496 5 -1 7.09
"5" "Bengals D/ST" "3.63-12.67" 19.21 2.15 1.05 0.95 0.04 0.14 "#22" 12.67 3.63 4.52 20.4304 5 0 329.892 4 0 7.07
"5" "Jets D/ST" "1.63-14.11" 20.71 2.42 1.05 0.75 0.04 0.16 "#17" 14.11 1.63 6.24 38.9376 5 0 337.692 4 0 7.06
"11" "Titans D/ST" "3.20-12.10" 21.13 2.5 0.86 0.64 0 0.26 "#21" 12.1 3.2 4.45 19.8025 5 0 339.876 4 0 7.06
"17" "Titans D/ST" "3.20-12.10" 21.13 2.5 0.86 0.64 0 0.26 "#21" 12.1 3.2 4.45 19.8025 5 0 339.876 4 0 7.06
"10" "Panthers D/ST" "1.81-13.29" 22.22 2.56 1.18 0.54 0.04 0.16 "#19" 13.29 1.81 5.74 32.9476 5 0 345.544 4 0 7.04
"3" "Ravens D/ST" "4.17-13.25" 13.94 1.93 0.96 0.39 0.04 0.22 "#17" 13.25 4.17 4.54 20.6116 4 1 302.488 4 0 7.03
"4" "Lions D/ST" "1.94-12.68" 22.93 2.41 1.07 0.63 0 0.2 "#24" 12.68 1.94 5.37 28.8369 5 0 349.236 4 0 7.01
"2" "Cardinals D/ST" "1.86-13.04" 22.9 2.2 1.12 0.66 0.02 0.2 "#2" 13.04 1.86 5.59 31.2481 5 0 349.08 4 0 7
"16" "Packers D/ST" "2.33-12.83" 22.34 2.2 1.08 0.82 0.02 0.16 "#29" 12.83 2.33 5.25 27.5625 5 0 346.168 4 0 7
"11" "Raiders D/ST" "2.27-13.49" 20.42 2.12 0.94 0.72 0 0.26 "#28" 13.49 2.27 5.61 31.4721 5 0 336.184 4 0 7
"2" "Ravens D/ST" "2.66-14.68" 18.21 2.36 1.04 0.68 0.06 0.18 "#3" 14.68 2.66 6.01 36.1201 5 0 324.692 4 0 7
"12" "Vikings D/ST" "3.10-13.62" 19.79 2.47 1.04 0.68 0.06 0.16 "#18" 13.62 3.1 5.26 27.6676 5 0 332.908 4 0 6.99
"9" "Texans D/ST" "2.08-13.18" 21.78 2.34 1 0.7 0.02 0.2 "#17" 13.18 2.08 5.55 30.8025 5 0 343.256 4 0 6.98
"1" "Lions D/ST" "2.34-14.12" 20.43 2.3 1.16 0.74 0.02 0.14 "#29" 14.12 2.34 5.89 34.6921 5 0 336.236 4 0 6.98
"5" "Eagles D/ST" "2.76-13.30" 21.28 2.05 0.93 0.91 0.02 0.2 "#11" 13.3 2.76 5.27 27.7729 5 0 340.656 4 0 6.97
"7" "Redskins D/ST" "1.52-13.42" 25.9 2.32 1.1 0.68 0.02 0.34 "#24" 13.42 1.52 5.95 35.4025 5 0 364.68 5 -1 6.96
"12" "Redskins D/ST" "1.52-13.42" 25.9 2.32 1.1 0.68 0.02 0.34 "#24" 13.42 1.52 5.95 35.4025 5 0 364.68 5 -1 6.96
"2" "Titans D/ST" "2.19-12.69" 22.53 2.68 0.88 0.7 0.02 0.18 "#10" 12.69 2.19 5.25 27.5625 5 0 347.156 4 0 6.96
"10" "Bills D/ST" "1.80-13.94" 20 2.24 0.88 0.74 0.02 0.24 "#29" 13.94 1.8 6.07 36.8449 5 0 334 4 0 6.96
"14" "Bills D/ST" "1.80-13.94" 20 2.24 0.88 0.74 0.02 0.24 "#29" 13.94 1.8 6.07 36.8449 5 0 334 4 0 6.96
"3" "Rams D/ST" "-0.99-16.57" 25.75 2.44 1.4 0.7 0 0.22 "#9" 16.57 -0.99 8.78 77.0884 5 0 363.9 5 -1 6.96
"4" "Texans D/ST" "2.11-12.63" 22.54 2.45 0.81 0.85 0.02 0.19 "#21" 12.63 2.11 5.26 27.6676 5 0 347.208 4 0 6.95
"3" "Patriots D/ST" "2.01-13.89" 19.75 2.08 1.07 0.54 0.04 0.26 "#16" 13.89 2.01 5.94 35.2836 5 0 332.7 4 0 6.94
"14" "49ers D/ST" "3.02-12.08" 22.33 2.58 1.02 0.82 0.04 0.1 "#17" 12.08 3.02 4.53 20.5209 5 0 346.116 4 0 6.94
"3" "Jets D/ST" "3.81-12.03" 16.64 1.83 0.8 0.63 0.05 0.19 "#31" 12.03 3.81 4.11 16.8921 4 1 316.528 4 0 6.93
"7" "Chargers D/ST" "1.89-13.11" 22.29 2.28 0.94 0.72 0 0.22 "#23" 13.11 1.89 5.61 31.4721 5 0 345.908 4 0 6.92
"15" "Jaguars D/ST" "2.93-13.67" 19.97 2.08 0.9 0.9 0.02 0.2 "#14" 13.67 2.93 5.37 28.8369 5 0 333.844 4 0 6.92
"9" "Patriots D/ST" "3.01-14.31" 26.87 2.15 1.48 0.6 0.1 0.4 "#18" 14.31 3.01 5.65 31.9225 6 -1 369.724 5 -1 6.91
"16" "Broncos D/ST" "2.02-13.06" 22.3 2.34 1.02 0.7 0.02 0.18 "#6" 13.06 2.02 5.52 30.4704 5 0 345.96 4 0 6.9
"2" "Dolphins D/ST" "2.62-12.70" 20.86 2.22 0.94 0.7 0.04 0.22 "#29" 12.7 2.62 5.04 25.4016 5 0 338.472 4 0 6.9
"4" "Chiefs D/ST" "2.57-12.01" 22.06 2.69 0.93 0.64 0.02 0.17 "#17" 12.01 2.57 4.72 22.2784 5 0 344.712 4 0 6.89
"3" "Eagles D/ST" "2.66-14.66" 17.87 2.29 0.96 0.82 0.02 0.16 "#21" 14.66 2.66 6 36 5 0 322.924 4 0 6.85
"11" "Bengals D/ST" "2.00-13.26" 20.41 2.24 0.94 0.56 0.02 0.26 "#15" 13.26 2 5.63 31.6969 5 0 336.132 4 0 6.84
"4" "Raiders D/ST" "1.60-13.56" 25.62 3.24 0.98 0.69 0.11 0.17 "#31" 13.56 1.6 5.98 35.7604 5 0 363.224 5 -1 6.82
"11" "Packers D/ST" "1.62-12.98" 22.52 2.53 0.84 0.84 0.04 0.14 "#26" 12.98 1.62 5.68 32.2624 5 0 347.104 4 0 6.81
"15" "Bengals D/ST" "2.42-13.58" 24.48 2.12 1.02 0.74 0.06 0.34 "#6" 13.58 2.42 5.58 31.1364 5 0 357.296 5 -1 6.8
"5" "Saints D/ST" "1.24-14.54" 25.09 3.2 0.82 0.82 0.03 0.21 "#14" 14.54 1.24 6.65 44.2225 5 0 360.468 5 -1 6.8
"3" "Cowboys D/ST" "2.21-13.19" 21.76 2.27 0.93 0.66 0 0.22 "#26" 13.19 2.21 5.49 30.1401 5 0 343.152 4 0 6.77
"15" "Packers D/ST" "1.75-12.81" 22.45 2.26 0.8 0.7 0.08 0.22 "#13" 12.81 1.75 5.53 30.5809 5 0 346.74 4 0 6.74
"4" "Patriots D/ST" "1.90-14.32" 23.11 2.4 1.25 0.72 0.04 0.22 "#22" 14.32 1.9 6.21 38.5641 5 0 350.172 5 -1 6.74
"6" "Steelers D/ST" "2.36-13.42" 24.24 2.38 1 0.72 0 0.32 "#3" 13.42 2.36 5.53 30.5809 5 0 356.048 5 -1 6.74
"17" "Steelers D/ST" "2.36-13.42" 24.24 2.38 1 0.72 0 0.32 "#3" 13.42 2.36 5.53 30.5809 5 0 356.048 5 -1 6.74
"9" "Vikings D/ST" "2.68-13.08" 20.87 2.44 0.94 0.68 0.04 0.16 "#16" 13.08 2.68 5.2 27.04 5 0 338.524 4 0 6.72
"16" "Vikings D/ST" "2.68-13.08" 20.87 2.44 0.94 0.68 0.04 0.16 "#16" 13.08 2.68 5.2 27.04 5 0 338.524 4 0 6.72
"5" "Bills D/ST" "2.44-12.18" 21.78 1.96 0.9 0.64 0 0.28 "#23" 12.18 2.44 4.87 23.7169 5 0 343.256 4 0 6.72
"3" "Seahawks D/ST" "0.61-14.99" 24.05 2.87 0.95 0.64 0.02 0.27 "#24" 14.99 0.61 7.19 51.6961 5 0 355.06 5 -1 6.71
"4" "Browns D/ST" "1.50-12.98" 21.34 2.02 0.9 0.77 0.04 0.21 "#6" 12.98 1.5 5.74 32.9476 5 0 340.968 4 0 6.7
"4" "Cowboys D/ST" "0.94-14.94" 23.07 2.05 1.41 0.78 0 0.21 "#16" 14.94 0.94 7 49 5 0 349.964 5 -1 6.69
"11" "Jaguars D/ST" "1.62-12.60" 21.91 2.2 0.94 0.76 0 0.18 "#19" 12.6 1.62 5.49 30.1401 5 0 343.932 4 0 6.68
"10" "Chargers D/ST" "2.91-12.95" 24.29 2.06 1.04 0.84 0.02 0.3 "#6" 12.95 2.91 5.02 25.2004 5 0 356.308 5 -1 6.66
"13" "Packers D/ST" "1.61-13.07" 22.13 2.34 0.94 0.76 0.04 0.14 "#28" 13.07 1.61 5.73 32.8329 5 0 345.076 4 0 6.66
"5" "Chiefs D/ST" "0.72-14.48" 29.09 3.55 0.92 0.98 0 0.21 "#12" 14.48 0.72 6.88 47.3344 6 -1 381.268 5 -1 6.61
"10" "Chiefs D/ST" "1.88-13.20" 20.74 2.12 1.02 0.66 0.02 0.18 "#28" 13.2 1.88 5.66 32.0356 5 0 337.848 4 0 6.6
"15" "Bears D/ST" "2.78-12.76" 19.32 2.64 0.98 0.64 0 0.12 "#18" 12.76 2.78 4.99 24.9001 5 0 330.464 4 0 6.6
"3" "Dolphins D/ST" "2.89-13.31" 17.87 2.02 1.02 0.67 0.09 0.17 "#6" 13.31 2.89 5.21 27.1441 5 0 322.924 4 0 6.6
"4" "Eagles D/ST" "1.37-15.47" 17.6 2.18 0.93 0.73 0 0.18 "#23" 15.47 1.37 7.05 49.7025 5 0 321.52 4 0 6.58
"2" "Falcons D/ST" "0.90-13.12" 22.43 2.1 0.98 0.66 0 0.2 "#20" 13.12 0.9 6.11 37.3321 5 0 346.636 4 0 6.58
"13" "Cardinals D/ST" "1.83-12.29" 22.07 2.49 1.1 0.56 0.02 0.12 "#18" 12.29 1.83 5.23 27.3529 5 0 344.764 4 0 6.57
"8" "Jaguars D/ST" "1.82-14.20" 18.85 2.12 1.02 0.68 0.04 0.16 "#27" 14.2 1.82 6.19 38.3161 5 0 328.02 4 0 6.56
"15" "Ravens D/ST" "1.15-13.61" 21.03 2.22 0.9 0.84 0 0.14 "#7" 13.61 1.15 6.23 38.8129 5 0 339.356 4 0 6.54
"14" "Vikings D/ST" "1.34-13.44" 20.29 1.98 1.12 0.7 0.04 0.14 "#26" 13.44 1.34 6.05 36.6025 5 0 335.508 4 0 6.54
"1" "Bills D/ST" "2.70-11.86" 21 2.16 1.18 0.44 0.08 0.16 "#15" 11.86 2.7 4.58 20.9764 5 0 339.2 4 0 6.52
"10" "Giants D/ST" "0.99-12.55" 22.84 2.48 0.94 0.8 0.04 0.08 "#30" 12.55 0.99 5.78 33.4084 5 0 348.768 4 0 6.52
"13" "Chargers D/ST" "1.82-12.78" 24.77 2.02 0.86 1 0.04 0.28 "#19" 12.78 1.82 5.48 30.0304 5 0 358.804 5 -1 6.5
"8" "Ravens D/ST" "1.85-14.33" 18.81 2.46 0.88 0.64 0.08 0.14 "#20" 14.33 1.85 6.24 38.9376 5 0 327.812 4 0 6.5
"1" "Cardinals D/ST" "1.46-13.52" 20.98 2.06 1 0.59 0.02 0.2 "#14" 13.52 1.46 6.03 36.3609 5 0 339.096 4 0 6.48
"5" "Chargers D/ST" "2.87-12.63" 24.29 2 1.01 0.81 0.02 0.3 "#6" 12.63 2.87 4.88 23.8144 5 0 356.308 5 -1 6.48
"12" "Ravens D/ST" "1.38-13.04" 21.47 2.36 0.78 0.7 0.04 0.18 "#6" 13.04 1.38 5.83 33.9889 5 0 341.644 4 0 6.48
"7" "Saints D/ST" "2.20-13.14" 23.53 2.66 1 0.76 0.04 0.2 "#15" 13.14 2.2 5.47 29.9209 5 0 352.356 5 -1 6.46
"5" "Texans D/ST" "-1.35-17.15" 28.9 3.44 0.88 0.73 0.03 0.29 "#24" 17.15 -1.35 9.25 85.5625 6 -1 380.28 5 -1 6.46
"13" "Browns D/ST" "1.55-13.07" 19.79 2.08 1.06 0.78 0.04 0.1 "#10" 13.07 1.55 5.76 33.1776 5 0 332.908 4 0 6.44
"3" "Packers D/ST" "1.00-14.22" 24.25 2.9 0.81 0.71 0.03 0.24 "#14" 14.22 1 6.61 43.6921 5 0 356.1 5 -1 6.44
"12" "Colts D/ST" "1.48-12.94" 21.54 2.49 0.68 0.66 0.02 0.2 "#22" 12.94 1.48 5.73 32.8329 5 0 342.008 4 0 6.41
"4" "Cardinals D/ST" "1.60-13.06" 20.75 1.99 0.99 0.75 0.04 0.14 "#26" 13.06 1.6 5.73 32.8329 5 0 337.9 4 0 6.39
"7" "Dolphins D/ST" "1.08-12.90" 26.16 1.97 1.3 0.72 0.02 0.22 "#16" 12.9 1.08 5.91 34.9281 5 0 366.032 5 -1 6.37
"4" "Bears D/ST" "2.44-13.34" 24.42 2.4 0.81 0.89 0.06 0.24 "#7" 13.34 2.44 5.45 29.7025 5 0 356.984 5 -1 6.36
"5" "Cardinals D/ST" "2.10-12.36" 19.3 2 1.07 0.58 0.05 0.16 "#30" 12.36 2.1 5.13 26.3169 5 0 330.36 4 0 6.36
"17" "Cowboys D/ST" "1.33-12.69" 21.39 2.1 1.02 0.62 0 0.16 "#25" 12.69 1.33 5.68 32.2624 5 0 341.228 4 0 6.34
"7" "Eagles D/ST" "0.51-13.25" 22.33 1.9 0.86 0.78 0.04 0.18 "#20" 13.25 0.51 6.37 40.5769 5 0 346.116 4 0 6.34
"10" "Patriots D/ST" "1.08-13.20" 22.58 1.98 0.82 0.7 0.06 0.2 "#23" 13.2 1.08 6.06 36.7236 5 0 347.416 4 0 6.34
"4" "Falcons D/ST" "1.63-13.55" 24.48 2.11 1.11 0.56 0.04 0.3 "#3" 13.55 1.63 5.96 35.5216 5 0 357.296 5 -1 6.33
"14" "Texans D/ST" "1.82-11.66" 25.75 2.24 0.76 0.84 0.04 0.3 "#21" 11.66 1.82 4.92 24.2064 5 0 363.9 5 -1 6.32
"4" "Ravens D/ST" "0.41-12.57" 22.93 2.03 0.85 0.82 0.02 0.15 "#19" 12.57 0.41 6.08 36.9664 5 0 349.236 4 0 6.31
"10" "Bears D/ST" "2.08-11.86" 22.36 2.26 0.86 0.62 0.06 0.16 "#16" 11.86 2.08 4.89 23.9121 5 0 346.272 4 0 6.3
"12" "Bears D/ST" "2.08-11.86" 22.36 2.26 0.86 0.62 0.06 0.16 "#16" 11.86 2.08 4.89 23.9121 5 0 346.272 4 0 6.3
"3" "Raiders D/ST" "2.56-11.80" 20.47 2.01 0.76 0.69 0 0.23 "#22" 11.8 2.56 4.62 21.3444 5 0 336.444 4 0 6.29
"1" "Packers D/ST" "1.67-11.45" 22.16 2.36 0.6 0.8 0.02 0.18 "#13" 11.45 1.67 4.89 23.9121 5 0 345.232 4 0 6.28
"13" "Saints D/ST" "2.04-12.16" 24.86 2.56 0.92 0.58 0.08 0.26 "#24" 12.16 2.04 5.06 25.6036 5 0 359.272 5 -1 6.28
"14" "Steelers D/ST" "2.10-12.70" 24.32 2.22 0.9 0.78 0 0.28 "#6" 12.7 2.1 5.3 28.09 5 0 356.464 5 -1 6.26
"1" "Bengals D/ST" "1.31-11.83" 22.96 2.14 0.74 0.64 0 0.22 "#21" 11.83 1.31 5.26 27.6676 5 0 349.392 4 0 6.22
"6" "Bengals D/ST" "1.78-13.40" 23.68 2.22 0.88 0.78 0.06 0.26 "#19" 13.4 1.78 5.81 33.7561 5 0 353.136 5 -1 6.22
"17" "Bengals D/ST" "1.78-13.40" 23.68 2.22 0.88 0.78 0.06 0.26 "#19" 13.4 1.78 5.81 33.7561 5 0 353.136 5 -1 6.22
"10" "Eagles D/ST" "2.77-11.83" 20.58 1.98 0.86 0.76 0.08 0.14 "#24" 11.83 2.77 4.53 20.5209 5 0 337.016 4 0 6.22
"14" "Eagles D/ST" "2.77-11.83" 20.58 1.98 0.86 0.76 0.08 0.14 "#24" 11.83 2.77 4.53 20.5209 5 0 337.016 4 0 6.22
"5" "Broncos D/ST" "2.93-12.23" 18.57 1.92 0.88 0.54 0.07 0.22 "#29" 12.23 2.93 4.65 21.6225 5 0 326.564 4 0 6.22
"4" "Saints D/ST" "1.31-13.79" 23.05 2.19 1.14 0.59 0 0.26 "#25" 13.79 1.31 6.24 38.9376 5 0 349.86 5 -1 6.21
"3" "Giants D/ST" "1.18-12.42" 21.06 1.93 0.81 0.64 0.02 0.21 "#10" 12.42 1.18 5.62 31.5844 5 0 339.512 4 0 6.13
"11" "Saints D/ST" "1.34-12.62" 24.87 2.53 0.96 0.56 0.06 0.24 "#27" 12.62 1.34 5.64 31.8096 5 0 359.324 5 -1 6.13
"8" "Bengals D/ST" "1.97-12.55" 23.61 2.16 0.84 0.76 0.04 0.28 "#7" 12.55 1.97 5.29 27.9841 5 0 352.772 5 -1 6.12
"17" "Browns D/ST" "1.41-13.11" 19.44 1.96 0.96 0.72 0.04 0.12 "#15" 13.11 1.41 5.85 34.2225 5 0 331.088 4 0 6.12
"4" "Titans D/ST" "-0.10-14.28" 25.42 2.68 1.01 0.72 0.07 0.14 "#27" 14.28 -0.1 7.19 51.6961 5 0 362.184 5 -1 6.12
"12" "Bills D/ST" "2.02-11.80" 25.01 2.28 0.88 0.96 0.08 0.16 "#12" 11.8 2.02 4.89 23.9121 5 0 360.052 5 -1 6.08
"11" "Giants D/ST" "1.26-13.76" 23.93 1.87 1.02 0.78 0.02 0.26 "#7" 13.76 1.26 6.25 39.0625 5 0 354.436 5 -1 6.07
"10" "Saints D/ST" "0.94-13.06" 24.72 2.03 1.18 0.62 0 0.24 "#3" 13.06 0.94 6.06 36.7236 5 0 358.544 5 -1 6.07
"1" "Cowboys D/ST" "0.93-12.81" 22.2 1.7 0.84 0.64 0.04 0.22 "#20" 12.81 0.93 5.94 35.2836 5 0 345.44 4 0 6.06
"8" "Eagles D/ST" "0.94-13.30" 24.06 1.86 0.86 0.86 0.04 0.28 "#12" 13.3 0.94 6.18 38.1924 5 0 355.112 5 -1 6.06
"7" "Patriots D/ST" "1.38-13.92" 23.46 2.04 0.92 0.68 0.06 0.28 "#13" 13.92 1.38 6.27 39.3129 5 0 351.992 5 -1 6.04
"3" "Broncos D/ST" "3.09-11.35" 16.2 1.68 0.72 0.52 0.02 0.14 "#15" 11.35 3.09 4.13 17.0569 4 1 314.24 4 0 6.04
"17" "Giants D/ST" "0.23-14.23" 24.37 1.94 1.12 0.56 0.08 0.26 "#24" 14.23 0.23 7 49 5 0 356.724 5 -1 6.02
"3" "Redskins D/ST" "2.91-11.63" 18.65 2.22 0.9 0.51 0.03 0.15 "#18" 11.63 2.91 4.36 19.0096 5 0 326.98 4 0 6
"8" "Lions D/ST" "0.33-13.79" 24.61 2.42 0.64 0.66 0.02 0.32 "#26" 13.79 0.33 6.73 45.2929 5 0 357.972 5 -1 5.98
"10" "Packers D/ST" "1.50-11.60" 22.67 1.98 0.92 0.74 0.04 0.1 "#22" 11.6 1.5 5.05 25.5025 5 0 347.884 4 0 5.98
"7" "Vikings D/ST" "1.31-12.19" 20.67 1.98 0.9 0.58 0.04 0.16 "#29" 12.19 1.31 5.44 29.5936 5 0 337.484 4 0 5.98
"4" "Bills D/ST" "2.59-10.81" 22.2 1.86 0.91 0.45 0.03 0.22 "#18" 10.81 2.59 4.11 16.8921 5 0 345.44 4 0 5.96
"5" "Vikings D/ST" "2.28-11.74" 20.72 1.98 1.1 0.57 0.02 0.1 "#27" 11.74 2.28 4.73 22.3729 5 0 337.744 4 0 5.96
"11" "Cardinals D/ST" "1.88-11.56" 21.52 2.18 0.88 0.56 0.08 0.12 "#6" 11.56 1.88 4.84 23.4256 5 0 341.904 4 0 5.94
"11" "Redskins D/ST" "1.27-12.05" 19.98 2.02 1.02 0.52 0.06 0.12 "#10" 12.05 1.27 5.39 29.0521 5 0 333.896 4 0 5.94
"8" "Texans D/ST" "2.52-11.72" 23.85 2.38 0.84 0.68 0.04 0.24 "#22" 11.72 2.52 4.6 21.16 5 0 354.02 5 -1 5.94
"4" "Steelers D/ST" "0.83-13.79" 23.92 2.91 1.04 0.67 0 0.1 "#15" 13.79 0.83 6.48 41.9904 5 0 354.384 5 -1 5.93
"9" "Broncos D/ST" "1.94-10.34" 22.48 2 0.88 0.64 0.02 0.14 "#10" 10.34 1.94 4.2 17.64 5 0 346.896 4 0 5.92
"13" "Jets D/ST" "0.17-12.51" 22.51 1.96 0.92 0.68 0.02 0.12 "#23" 12.51 0.17 6.17 38.0689 5 0 347.052 4 0 5.92
"9" "Ravens D/ST" "0.90-13.50" 23.12 2.54 0.88 0.58 0 0.24 "#19" 13.5 0.9 6.3 39.69 5 0 350.224 5 -1 5.9
"15" "Patriots D/ST" "1.45-11.97" 26.19 1.57 1.38 0.68 0 0.2 "#19" 11.97 1.45 5.26 27.6676 5 0 366.188 5 -1 5.89
"6" "Bills D/ST" "1.71-12.23" 24.51 2 0.92 0.74 0 0.26 "#10" 12.23 1.71 5.26 27.6676 5 0 357.452 5 -1 5.88
"3" "Cardinals D/ST" "3.10-11.84" 18.22 1.99 0.82 0.82 0.06 0.08 "#13" 11.84 3.1 4.37 19.0969 5 0 324.744 4 0 5.87
"8" "Jets D/ST" "0.25-12.97" 21.04 1.84 1.02 0.66 0.02 0.1 "#13" 12.97 0.25 6.36 40.4496 5 0 339.408 4 0 5.84
"6" "Redskins D/ST" "0.68-13.10" 23.45 2.32 0.88 0.68 0.04 0.22 "#20" 13.1 0.68 6.21 38.5641 5 0 351.94 5 -1 5.84
"1" "Bears D/ST" "1.62-11.88" 25.53 2.39 1.02 0.6 0.06 0.18 "#18" 11.88 1.62 5.13 26.3169 5 0 362.756 5 -1 5.83
"5" "Browns D/ST" "1.37-12.57" 19.44 1.87 0.92 0.69 0.04 0.11 "#15" 12.57 1.37 5.6 31.36 5 0 331.088 4 0 5.83
"14" "Cardinals D/ST" "0.86-12.42" 21.94 2.27 0.82 0.52 0.08 0.12 "#16" 12.42 0.86 5.78 33.4084 5 0 344.088 4 0 5.83
"6" "Colts D/ST" "0.58-12.28" 22.97 2.4 0.68 0.7 0.02 0.1 "#29" 12.28 0.58 5.85 34.2225 5 0 349.444 4 0 5.8
"6" "Dolphins D/ST" "1.92-11.70" 24.51 2.56 0.9 0.56 0.06 0.2 "#13" 11.7 1.92 4.89 23.9121 5 0 357.452 5 -1 5.8
"4" "Colts D/ST" "0.75-13.45" 24.63 2.79 0.68 0.7 0.02 0.2 "#10" 13.45 0.75 6.35 40.3225 5 0 358.076 5 -1 5.79
"5" "Packers D/ST" "0.89-13.71" 27.08 2.19 1.26 0.76 0 0.26 "#16" 13.71 0.89 6.41 41.0881 6 -1 370.816 5 -1 5.79
"6" "Giants D/ST" "1.78-12.06" 24.13 2.22 0.98 0.36 0.04 0.3 "#27" 12.06 1.78 5.14 26.4196 5 0 355.476 5 -1 5.78
"12" "Giants D/ST" "1.78-12.06" 24.13 2.22 0.98 0.36 0.04 0.3 "#27" 12.06 1.78 5.14 26.4196 5 0 355.476 5 -1 5.78
"4" "Jets D/ST" "1.23-11.77" 25.26 2.53 1.04 0.56 0.03 0.16 "#12" 11.77 1.23 5.27 27.7729 5 0 361.352 5 -1 5.75
"5" "Steelers D/ST" "0.77-13.27" 27.16 2.65 0.98 0.92 0.08 0.19 "#4" 13.27 0.77 6.25 39.0625 6 -1 371.232 5 -1 5.75
"15" "Giants D/ST" "-0.05-13.23" 24.51 1.98 0.98 0.76 0.04 0.2 "#23" 13.23 -0.05 6.64 44.0896 5 0 357.452 5 -1 5.74
"15" "Jets D/ST" "0.99-11.73" 21.86 1.7 1.1 0.64 0.04 0.08 "#10" 11.73 0.99 5.37 28.8369 5 0 343.672 4 0 5.74
"3" "Steelers D/ST" "1.21-12.19" 23.72 2.17 0.81 0.75 0.04 0.22 "#7" 12.19 1.21 5.49 30.1401 5 0 353.344 5 -1 5.69
"3" "Bengals D/ST" "1.44-12.68" 23.24 2.41 0.94 0.62 0 0.19 "#20" 12.68 1.44 5.62 31.5844 5 0 350.848 5 -1 5.67
"11" "Buccaneers D/ST" "1.35-11.95" 24.82 2.1 1.04 0.56 0.02 0.22 "#25" 11.95 1.35 5.3 28.09 5 0 359.064 5 -1 5.66
"11" "Colts D/ST" "1.27-12.29" 24.81 2.5 0.76 0.74 0.04 0.18 "#23" 12.29 1.27 5.51 30.3601 5 0 359.012 5 -1 5.66
"17" "Colts D/ST" "1.27-12.29" 24.81 2.5 0.76 0.74 0.04 0.18 "#23" 12.29 1.27 5.51 30.3601 5 0 359.012 5 -1 5.66
"4" "Buccaneers D/ST" "1.06-12.76" 23.2 2.27 1.03 0.59 0.02 0.18 "#13" 12.76 1.06 5.85 34.2225 5 0 350.64 5 -1 5.63
"14" "Patriots D/ST" "2.03-11.93" 23.68 2.18 1.08 0.7 0.02 0.14 "#22" 11.93 2.03 4.95 24.5025 5 0 353.136 5 -1 5.62
"10" "Lions D/ST" "0.27-12.43" 25.9 2.14 0.94 0.62 0.02 0.22 "#13" 12.43 0.27 6.08 36.9664 5 0 364.68 5 -1 5.62
"12" "Lions D/ST" "0.27-12.43" 25.9 2.14 0.94 0.62 0.02 0.22 "#13" 12.43 0.27 6.08 36.9664 5 0 364.68 5 -1 5.62
"6" "49ers D/ST" "0.10-12.32" 25.79 2.23 0.84 0.6 0.02 0.24 "#18" 12.32 0.1 6.11 37.3321 5 0 364.108 5 -1 5.59
"5" "Lions D/ST" "0.30-13.52" 27.23 2.17 1.26 0.69 0.07 0.23 "#18" 13.52 0.3 6.61 43.6921 6 -1 371.596 5 -1 5.59
"3" "Saints D/ST" "0.82-12.06" 26.4 2.25 0.9 0.78 0.07 0.14 "#4" 12.06 0.82 5.62 31.5844 5 0 367.28 5 -1 5.59
"11" "Bears D/ST" "1.99-11.55" 25.25 2.05 0.96 0.64 0.06 0.2 "#11" 11.55 1.99 4.78 22.8484 5 0 361.3 5 -1 5.57
"17" "Bears D/ST" "1.99-11.55" 25.25 2.05 0.96 0.64 0.06 0.2 "#11" 11.55 1.99 4.78 22.8484 5 0 361.3 5 -1 5.57
"1" "Chargers D/ST" "0.26-12.24" 25.31 2.22 1 0.54 0.02 0.2 "#1" 12.24 0.26 5.99 35.8801 5 0 361.612 5 -1 5.54
"5" "Cowboys D/ST" "0.09-13.67" 24.46 2.84 0.7 0.72 0.04 0.13 "#10" 13.67 0.09 6.79 46.1041 5 0 357.192 5 -1 5.54
"5" "Dolphins D/ST" "1.14-11.60" 25 1.96 0.99 0.65 0 0.21 "#3" 11.6 1.14 5.23 27.3529 5 0 360 5 -1 5.5
"5" "Jaguars D/ST" "0.09-13.21" 28.01 2.26 1.3 0.79 0.05 0.16 "#1" 13.21 0.09 6.56 43.0336 6 -1 375.652 5 -1 5.5
"2" "Patriots D/ST" "0.58-13.82" 26.82 2.71 0.99 0.65 0.08 0.22 "#12" 13.82 0.58 6.62 43.8244 6 -1 369.464 5 -1 5.47
"11" "Vikings D/ST" "1.06-11.14" 22.03 2.02 0.9 0.56 0.02 0.08 "#13" 11.14 1.06 5.04 25.4016 5 0 344.556 4 0 5.46
"17" "Vikings D/ST" "1.06-11.14" 22.03 2.02 0.9 0.56 0.02 0.08 "#13" 11.14 1.06 5.04 25.4016 5 0 344.556 4 0 5.46
"15" "Colts D/ST" "0.62-11.40" 26.2 2.5 0.66 0.8 0.04 0.16 "#24" 11.4 0.62 5.39 29.0521 5 0 366.24 5 -1 5.46
"8" "Chiefs D/ST" "1.24-11.90" 24.15 2.67 0.82 0.6 0.04 0.14 "#17" 11.9 1.24 5.33 28.4089 5 0 355.58 5 -1 5.43
"1" "Falcons D/ST" "1.16-11.08" 26.37 2.22 0.78 0.7 0.08 0.18 "#27" 11.08 1.16 4.96 24.6016 5 0 367.124 5 -1 5.42
"14" "Falcons D/ST" "1.27-12.93" 26.6 2.14 1.14 0.68 0.04 0.26 "#18" 12.93 1.27 5.83 33.9889 6 -1 368.32 5 -1 5.42
"7" "Ravens D/ST" "0.23-12.09" 25.84 1.94 0.86 0.76 0.02 0.2 "#5" 12.09 0.23 5.93 35.1649 5 0 364.368 5 -1 5.42
"4" "Bengals D/ST" "1.68-11.06" 25.87 2.44 0.71 0.71 0.08 0.16 "#4" 11.06 1.68 4.69 21.9961 5 0 364.524 5 -1 5.4
"16" "Ravens D/ST" "0.74-11.64" 25.25 1.99 0.88 0.82 0.02 0.16 "#9" 11.64 0.74 5.45 29.7025 5 0 361.3 5 -1 5.39
"6" "Falcons D/ST" "0.00-12.46" 25.52 1.76 1.12 0.5 0.02 0.22 "#7" 12.46 0 6.23 38.8129 5 0 362.704 5 -1 5.36
"17" "Falcons D/ST" "0.00-12.46" 25.52 1.76 1.12 0.5 0.02 0.22 "#7" 12.46 0 6.23 38.8129 5 0 362.704 5 -1 5.36
"9" "Chiefs D/ST" "1.55-11.89" 23.17 2.74 0.76 0.56 0 0.16 "#31" 11.89 1.55 5.17 26.7289 5 0 350.484 5 -1 5.34
"15" "Cowboys D/ST" "0.94-12.36" 23.79 2.22 0.98 0.6 0 0.16 "#21" 12.36 0.94 5.71 32.6041 5 0 353.708 5 -1 5.34
"1" "Broncos D/ST" "0.45-12.99" 23.43 1.95 0.9 0.66 0.02 0.2 "#26" 12.99 0.45 6.27 39.3129 5 0 351.836 5 -1 5.31
"3" "Falcons D/ST" "-0.66-14.26" 28.17 2.32 1.07 0.79 0 0.21 "#5" 14.26 -0.66 7.46 55.6516 6 -1 376.484 5 -1 5.3
"3" "Titans D/ST" "0.74-11.98" 23.94 2.22 0.67 0.63 0.02 0.24 "#12" 11.98 0.74 5.62 31.5844 5 0 354.488 5 -1 5.3
"5" "Giants D/ST" "-1.20-14.20" 27.99 1.93 1.04 0.7 0.04 0.3 "#20" 14.2 -1.2 7.7 59.29 6 -1 375.548 5 -1 5.29
"9" "Titans D/ST" "0.34-11.60" 26.23 2.24 0.68 0.6 0.02 0.24 "#24" 11.6 0.34 5.63 31.6969 5 0 366.396 5 -1 5.28
"3" "Buccaneers D/ST" "-0.51-13.33" 30.28 2.72 0.82 0.95 0 0.17 "#19" 13.33 -0.51 6.92 47.8864 6 -1 387.456 5 -1 5.28
"15" "Texans D/ST" "1.19-11.63" 24.02 2.24 0.82 0.68 0.02 0.16 "#29" 11.63 1.19 5.22 27.2484 5 0 354.904 5 -1 5.24
"12" "Cardinals D/ST" "0.73-10.95" 24.99 2.06 0.84 0.58 0.06 0.2 "#9" 10.95 0.73 5.11 26.1121 5 0 359.948 5 -1 5.22
"16" "Texans D/ST" "0.56-12.32" 24.26 1.86 0.84 0.54 0.02 0.26 "#27" 12.32 0.56 5.88 34.5744 5 0 356.152 5 -1 5.22
"16" "Saints D/ST" "-0.16-11.60" 26.36 1.78 0.88 0.6 0.02 0.24 "#19" 11.6 -0.16 5.88 34.5744 5 0 367.072 5 -1 5.22
"1" "Dolphins D/ST" "1.97-10.99" 23.48 2.2 0.8 0.72 0.06 0.14 "#23" 10.99 1.97 4.51 20.3401 5 0 352.096 5 -1 5.2
"17" "Packers D/ST" "0.75-12.53" 27.08 2.01 1.16 0.7 0 0.24 "#16" 12.53 0.75 5.89 34.6921 6 -1 370.816 5 -1 5.17
"15" "Cardinals D/ST" "0.68-10.96" 25.57 2.02 0.78 0.68 0.06 0.18 "#4" 10.96 0.68 5.14 26.4196 5 0 362.964 5 -1 5.14
"15" "Saints D/ST" "-0.01-11.33" 26.43 2.18 0.78 0.56 0.04 0.2 "#20" 11.33 -0.01 5.67 32.1489 5 0 367.436 5 -1 5.14
"17" "Saints D/ST" "-0.01-11.33" 26.43 2.18 0.78 0.56 0.04 0.2 "#20" 11.33 -0.01 5.67 32.1489 5 0 367.436 5 -1 5.14
"5" "Redskins D/ST" "0.61-11.31" 30.29 2.15 1.09 0.62 0 0.26 "#5" 11.31 0.61 5.35 28.6225 6 -1 387.508 5 -1 5.13
"13" "Patriots D/ST" "0.83-11.23" 24.89 1.78 0.92 0.64 0 0.2 "#11" 11.23 0.83 5.2 27.04 5 0 359.428 5 -1 5.1
"14" "Chiefs D/ST" "0.78-11.42" 25.2 2.1 0.8 0.74 0.04 0.14 "#15" 11.42 0.78 5.32 28.3024 5 0 361.04 5 -1 5.1
"6" "Cardinals D/ST" "1.85-10.93" 24.48 2.16 0.74 0.74 0.06 0.14 "#11" 10.93 1.85 4.54 20.6116 5 0 357.296 5 -1 5.08
"10" "Dolphins D/ST" "0.98-11.82" 26.74 2.23 1 0.62 0.02 0.26 "#18" 11.82 0.98 5.42 29.3764 6 -1 369.048 5 -1 5.07
"5" "Falcons D/ST" "0.62-11.60" 24.86 1.61 1.17 0.47 0.02 0.19 "#19" 11.6 0.62 5.49 30.1401 5 0 359.272 5 -1 5.07
"8" "Giants D/ST" "1.48-9.90" 26.15 1.54 0.78 0.56 0.02 0.3 "#14" 9.9 1.48 4.21 17.7241 5 0 365.98 5 -1 5.06
"14" "Giants D/ST" "1.48-9.90" 26.15 1.54 0.78 0.56 0.02 0.3 "#14" 9.9 1.48 4.21 17.7241 5 0 365.98 5 -1 5.06
"2" "Steelers D/ST" "1.26-10.46" 26.26 2.06 0.92 0.48 0 0.2 "#1" 10.46 1.26 4.6 21.16 5 0 366.552 5 -1 5.06
"12" "Buccaneers D/ST" "0.45-10.99" 26.31 1.92 0.98 0.58 0.02 0.16 "#30" 10.99 0.45 5.27 27.7729 5 0 366.812 5 -1 5.04
"3" "Chargers D/ST" "-0.70-12.16" 29.72 2.46 1.07 0.59 0.03 0.2 "#2" 12.16 -0.7 6.43 41.3449 6 -1 384.544 5 -1 5.04
"5" "Seahawks D/ST" "-0.87-12.73" 29.77 2.37 0.82 0.89 0.02 0.2 "#2" 12.73 -0.87 6.8 46.24 6 -1 384.804 5 -1 5.03
"11" "Texans D/ST" "-0.12-11.32" 26.45 1.78 0.8 0.68 0.04 0.2 "#14" 11.32 -0.12 5.72 32.7184 5 0 367.54 5 -1 5.02
"1" "Chiefs D/ST" "0.07-10.91" 25.49 1.76 0.84 0.7 0.04 0.18 "#9" 10.91 0.07 5.42 29.3764 5 0 362.548 5 -1 5
"9" "Lions D/ST" "-0.63-13.53" 27.71 2.07 0.92 0.62 0.02 0.3 "#11" 13.53 -0.63 7.08 50.1264 6 -1 374.092 5 -1 4.99
"16" "Lions D/ST" "-0.63-13.53" 27.71 2.07 0.92 0.62 0.02 0.3 "#11" 13.53 -0.63 7.08 50.1264 6 -1 374.092 5 -1 4.99
"5" "Raiders D/ST" "-0.51-12.69" 29.31 2.25 1.06 0.87 0.03 0.13 "#9" 12.69 -0.51 6.6 43.56 6 -1 382.412 5 -1 4.95
"4" "Giants D/ST" "-0.22-12.40" 29.9 2.28 1.03 0.79 0.03 0.16 "#5" 12.4 -0.22 6.31 39.8161 6 -1 385.48 5 -1 4.94
"17" "Lions D/ST" "0.11-12.29" 27.23 2 1.16 0.64 0.06 0.2 "#18" 12.29 0.11 6.09 37.0881 6 -1 371.596 5 -1 4.92
"1" "Giants D/ST" "-0.32-12.30" 24.41 1.98 0.82 0.52 0 0.2 "#12" 12.3 -0.32 6.31 39.8161 5 0 356.932 5 -1 4.86
"13" "Ravens D/ST" "0.92-11.18" 23.63 1.57 0.74 0.92 0 0.16 "#4" 11.18 0.92 5.13 26.3169 5 0 352.876 5 -1 4.85
"12" "Broncos D/ST" "0.74-11.14" 24.6 2.08 0.98 0.64 0.02 0.08 "#19" 11.14 0.74 5.2 27.04 5 0 357.92 5 -1 4.84
"4" "49ers D/ST" "-0.87-11.75" 31.69 2.2 0.7 0.98 0.03 0.2 "#9" 11.75 -0.87 6.31 39.8161 6 -1 394.788 5 -1 4.82
"3" "Colts D/ST" "-0.33-12.61" 29.87 2.54 0.79 0.87 0.03 0.15 "#27" 12.61 -0.33 6.47 41.8609 6 -1 385.324 5 -1 4.82
"16" "Panthers D/ST" "0.48-10.60" 25.11 1.94 0.96 0.46 0.04 0.16 "#4" 10.6 0.48 5.06 25.6036 5 0 360.572 5 -1 4.82
"15" "Raiders D/ST" "0.31-10.67" 25.95 1.88 0.8 0.54 0.02 0.2 "#3" 10.67 0.31 5.18 26.8324 5 0 364.94 5 -1 4.8
"4" "Dolphins D/ST" "0.85-10.97" 23.81 1.67 0.9 0.63 0.02 0.17 "#8" 10.97 0.85 5.06 25.6036 5 0 353.812 5 -1 4.79
"12" "49ers D/ST" "-0.09-10.69" 26.21 1.7 0.75 0.6 0.02 0.22 "#7" 10.69 -0.09 5.39 29.0521 5 0 366.292 5 -1 4.76
"13" "Giants D/ST" "0.13-11.01" 24.74 1.96 0.88 0.62 0.04 0.12 "#13" 11.01 0.13 5.44 29.5936 5 0 358.648 5 -1 4.76
"9" "Raiders D/ST" "0.18-10.70" 25.64 2.16 0.84 0.38 0.04 0.18 "#30" 10.7 0.18 5.26 27.6676 5 0 363.328 5 -1 4.76
"5" "Colts D/ST" "-0.27-11.21" 30.06 3.17 0.76 0.64 0.03 0.12 "#8" 11.21 -0.27 5.74 32.9476 6 -1 386.312 5 -1 4.75
"10" "Cowboys D/ST" "0.38-10.74" 25.52 2.38 0.66 0.64 0.02 0.12 "#27" 10.74 0.38 5.18 26.8324 5 0 362.704 5 -1 4.74
"14" "Cowboys D/ST" "0.38-10.74" 25.52 2.38 0.66 0.64 0.02 0.12 "#27" 10.74 0.38 5.18 26.8324 5 0 362.704 5 -1 4.74
"11" "Steelers D/ST" "0.98-10.14" 25.94 2.22 0.6 0.86 0.06 0.08 "#12" 10.14 0.98 4.58 20.9764 5 0 364.888 5 -1 4.74
"16" "49ers D/ST" "0.82-10.22" 25.19 2.12 0.58 0.74 0.06 0.14 "#13" 10.22 0.82 4.7 22.09 5 0 360.988 5 -1 4.72
"16" "Raiders D/ST" "0.34-10.56" 25.81 2.28 0.8 0.38 0.06 0.16 "#17" 10.56 0.34 5.11 26.1121 5 0 364.212 5 -1 4.72
"7" "Browns D/ST" "0.55-10.61" 25.26 1.3 1.04 0.62 0.06 0.16 "#7" 10.61 0.55 5.03 25.3009 5 0 361.352 5 -1 4.7
"1" "Eagles D/ST" "0.95-10.81" 23.21 1.66 0.76 0.82 0.02 0.14 "#4" 10.81 0.95 4.93 24.3049 5 0 350.692 5 -1 4.7
"1" "Panthers D/ST" "-0.19-12.55" 23.37 1.9 0.86 0.58 0.04 0.14 "#24" 12.55 -0.19 6.37 40.5769 5 0 351.524 5 -1 4.7
"4" "Broncos D/ST" "-0.17-12.25" 27.92 2.34 0.83 0.71 0 0.21 "#1" 12.25 -0.17 6.21 38.5641 6 -1 375.184 5 -1 4.68
"2" "Panthers D/ST" "0.57-10.59" 25.48 2 0.7 0.74 0.04 0.12 "#4" 10.59 0.57 5.01 25.1001 5 0 362.496 5 -1 4.68
"4" "Vikings D/ST" "0.26-11.76" 27.16 2.3 0.95 0.83 0.05 0.12 "#2" 11.76 0.26 5.75 33.0625 6 -1 371.232 5 -1 4.68
"3" "49ers D/ST" "-0.92-12.08" 31.2 2.65 0.82 0.92 0 0.09 "#1" 12.08 -0.92 6.5 42.25 6 -1 392.24 5 -1 4.67
"9" "49ers D/ST" "0.87-10.05" 25.43 1.58 0.78 0.76 0.02 0.16 "#6" 10.05 0.87 4.59 21.0681 5 0 362.236 5 -1 4.66
"14" "Ravens D/ST" "-0.10-11.72" 28.14 1.94 1.04 0.66 0.06 0.2 "#1" 11.72 -0.1 5.91 34.9281 6 -1 376.328 5 -1 4.66
"8" "Dolphins D/ST" "0.02-11.24" 23.84 2.26 0.7 0.46 0.04 0.16 "#10" 11.24 0.02 5.61 31.4721 5 0 353.968 5 -1 4.62
"11" "Broncos D/ST" "0.17-11.43" 28.69 1.6 1.14 0.6 0.04 0.24 "#9" 11.43 0.17 5.63 31.6969 6 -1 379.188 5 -1 4.6
"17" "Broncos D/ST" "0.17-11.43" 28.69 1.6 1.14 0.6 0.04 0.24 "#9" 11.43 0.17 5.63 31.6969 6 -1 379.188 5 -1 4.6
"2" "Jaguars D/ST" "0.15-11.33" 27.61 2.02 1 0.7 0.04 0.18 "#8" 11.33 0.15 5.59 31.2481 6 -1 373.572 5 -1 4.58
"6" "Raiders D/ST" "0.35-9.95" 26.26 1.9 0.74 0.64 0.04 0.14 "#26" 9.95 0.35 4.8 23.04 5 0 366.552 5 -1 4.58
"12" "Packers D/ST" "0.10-10.00" 25.99 1.76 0.64 0.6 0 0.22 "#11" 10 0.1 4.95 24.5025 5 0 365.148 5 -1 4.56
"8" "Browns D/ST" "1.38-10.14" 24.07 1.8 0.98 0.54 0.04 0.1 "#19" 10.14 1.38 4.38 19.1844 5 0 355.164 5 -1 4.52
"6" "Titans D/ST" "0.52-9.62" 25.05 2.01 0.54 0.74 0.02 0.14 "#15" 9.62 0.52 4.55 20.7025 5 0 360.26 5 -1 4.45
"11" "Falcons D/ST" "0.29-11.37" 26.96 2.12 0.9 0.68 0.1 0.16 "#24" 11.37 0.29 5.54 30.6916 6 -1 370.192 5 -1 4.44
"13" "49ers D/ST" "0.55-10.13" 25.22 2.16 0.64 0.58 0.06 0.12 "#26" 10.13 0.55 4.79 22.9441 5 0 361.144 5 -1 4.44
"15" "49ers D/ST" "0.55-10.13" 25.22 2.16 0.64 0.58 0.06 0.12 "#26" 10.13 0.55 4.79 22.9441 5 0 361.144 5 -1 4.44
"10" "Redskins D/ST" "0.84-10.94" 27.02 1.88 1.02 0.6 0 0.22 "#7" 10.94 0.84 5.05 25.5025 6 -1 370.504 5 -1 4.44
"10" "Steelers D/ST" "0.95-10.33" 23.46 2.3 0.74 0.62 0.02 0.04 "#20" 10.33 0.95 4.69 21.9961 5 0 351.992 5 -1 4.3
"12" "Texans D/ST" "0.66-10.06" 24.73 1.76 0.78 0.42 0.02 0.18 "#23" 10.06 0.66 4.7 22.09 5 0 358.596 5 -1 4.28
"7" "Giants D/ST" "-0.89-12.03" 28.12 1.86 0.82 0.52 0.04 0.26 "#4" 12.03 -0.89 6.46 41.7316 6 -1 376.224 5 -1 4.18
"2" "Giants D/ST" "0.36-9.62" 25.4 2.1 0.78 0.4 0 0.12 "#24" 9.62 0.36 4.63 21.4369 5 0 362.08 5 -1 4.18
"8" "Raiders D/ST" "0.31-10.15" 24.88 1.98 0.92 0.42 0.02 0.08 "#21" 10.15 0.31 4.92 24.2064 5 0 359.376 5 -1 4.18
"12" "Raiders D/ST" "0.30-10.94" 26.94 2.12 0.88 0.5 0.04 0.2 "#15" 10.94 0.3 5.32 28.3024 6 -1 370.088 5 -1 4.16
"11" "Eagles D/ST" "0.03-11.17" 26.97 1.94 1.04 0.52 0 0.18 "#5" 11.17 0.03 5.57 31.0249 6 -1 370.244 5 -1 4.14
"14" "Seahawks D/ST" "0.90-11.08" 26.9 1.98 0.7 0.62 0.1 0.22 "#11" 11.08 0.9 5.09 25.9081 6 -1 369.88 5 -1 4.14
"9" "Rams D/ST" "0.30-9.58" 30.15 2.04 0.84 0.42 0 0.26 "#5" 9.58 0.3 4.64 21.5296 6 -1 386.78 5 -1 4.12
"2" "49ers D/ST" "0.12-8.82" 26.26 1.75 0.78 0.6 0 0.1 "#16" 8.82 0.12 4.35 18.9225 5 0 366.552 5 -1 4.11
"7" "Cowboys D/ST" "-0.20-10.02" 25.96 2.14 0.54 0.58 0.04 0.1 "#14" 10.02 -0.2 5.11 26.1121 5 0 364.992 5 -1 4.06
"12" "Cowboys D/ST" "-0.20-10.02" 25.96 2.14 0.54 0.58 0.04 0.1 "#14" 10.02 -0.2 5.11 26.1121 5 0 364.992 5 -1 4.06
"16" "Falcons D/ST" "-0.38-10.92" 27.14 1.9 0.94 0.66 0.06 0.14 "#20" 10.92 -0.38 5.65 31.9225 6 -1 371.128 5 -1 4.06
"12" "Seahawks D/ST" "0.15-8.91" 25.06 1.72 0.52 0.72 0 0.14 "#20" 8.91 0.15 4.38 19.1844 5 0 360.312 5 -1 4.04
"16" "Chiefs D/ST" "0.52-10.56" 27.16 2.1 0.62 0.66 0.02 0.22 "#26" 10.56 0.52 5.02 25.2004 6 -1 371.232 5 -1 4.02
"1" "Colts D/ST" "-0.42-9.68" 26.32 1.78 0.86 0.42 0.04 0.1 "#3" 9.68 -0.42 5.05 25.5025 5 0 366.864 5 -1 4.02
"3" "Lions D/ST" "-0.68-11.68" 27.95 1.78 0.93 0.77 0.03 0.13 "#8" 11.68 -0.68 6.18 38.1924 6 -1 375.34 5 -1 4.02
"14" "Colts D/ST" "-0.22-11.08" 24.08 2.54 0.48 0.54 0.04 0.06 "#10" 11.08 -0.22 5.65 31.9225 5 0 355.216 5 -1 4.02
"11" "Rams D/ST" "0.32-9.38" 29.54 2.13 0.82 0.46 0 0.22 "#1" 9.38 0.32 4.53 20.5209 6 -1 383.608 5 -1 4.01
"16" "Cowboys D/ST" "-0.93-11.13" 27.71 1.74 0.72 0.56 0.06 0.26 "#7" 11.13 -0.93 6.03 36.3609 6 -1 374.092 5 -1 3.98
"2" "Packers D/ST" "0.43-10.53" 27.56 1.8 0.72 0.7 0.06 0.2 "#11" 10.53 0.43 5.05 25.5025 6 -1 373.312 5 -1 3.96
"15" "Redskins D/ST" "-0.25-10.97" 26.57 2 0.98 0.42 0.04 0.18 "#12" 10.97 -0.25 5.61 31.4721 6 -1 368.164 5 -1 3.96
"14" "Bengals D/ST" "0.63-10.77" 26.69 1.9 0.62 0.66 0.08 0.22 "#9" 10.77 0.63 5.07 25.7049 6 -1 368.788 5 -1 3.94
"10" "Seahawks D/ST" "-0.89-10.45" 29.77 1.97 0.68 0.74 0.02 0.18 "#2" 10.45 -0.89 5.67 32.1489 6 -1 384.804 5 -1 3.93
"8" "Saints D/ST" "-0.11-10.59" 26.74 1.74 0.68 0.5 0.06 0.28 "#11" 10.59 -0.11 5.35 28.6225 6 -1 369.048 5 -1 3.9
"7" "Chiefs D/ST" "-0.17-10.47" 28.21 2.05 0.86 0.56 0.02 0.16 "#3" 10.47 -0.17 5.32 28.3024 6 -1 376.692 5 -1 3.89
"12" "Titans D/ST" "-0.26-9.44" 24.54 2.05 0.6 0.72 0.04 0.02 "#10" 9.44 -0.26 4.85 23.5225 5 0 357.608 5 -1 3.89
"2" "Bills D/ST" "0.65-9.45" 27.63 1.88 0.88 0.54 0.04 0.18 "#9" 9.45 0.65 4.4 19.36 6 -1 373.676 5 -1 3.88
"14" "Saints D/ST" "0.10-10.52" 26.52 1.88 0.72 0.6 0.02 0.22 "#7" 10.52 0.1 5.21 27.1441 6 -1 367.904 5 -1 3.88
"16" "Seahawks D/ST" "-1.06-9.88" 31.08 1.86 0.8 0.62 0.02 0.18 "#1" 9.88 -1.06 5.47 29.9209 6 -1 391.616 5 -1 3.82
"8" "Buccaneers D/ST" "0.45-9.67" 27.24 1.84 0.7 0.72 0.02 0.18 "#3" 9.67 0.45 4.61 21.2521 6 -1 371.648 5 -1 3.8
"13" "Steelers D/ST" "0.68-9.66" 26.72 1.74 0.84 0.58 0.06 0.18 "#9" 9.66 0.68 4.49 20.1601 6 -1 368.944 5 -1 3.78
"10" "Browns D/ST" "-0.10-9.24" 25.71 1.28 0.9 0.5 0.04 0.1 "#4" 9.24 -0.1 4.67 21.8089 5 0 363.692 5 -1 3.76
"2" "Buccaneers D/ST" "-0.10-10.24" 27.35 1.98 0.72 0.64 0.04 0.16 "#27" 10.24 -0.1 5.17 26.7289 6 -1 372.22 5 -1 3.74
"16" "Titans D/ST" "-0.79-9.07" 26.09 1.68 0.58 0.74 0.02 0.06 "#14" 9.07 -0.79 4.93 24.3049 5 0 365.668 5 -1 3.72
"3" "Bills D/ST" "-0.91-11.17" 27.26 1.98 0.72 0.79 0.04 0.1 "#11" 11.17 -0.91 6.04 36.4816 6 -1 371.752 5 -1 3.68
"15" "Buccaneers D/ST" "-0.62-11.18" 26.82 1.76 0.86 0.5 0.06 0.18 "#15" 11.18 -0.62 5.9 34.81 6 -1 369.464 5 -1 3.68
"7" "Jets D/ST" "0.58-9.38" 24.82 1.78 0.6 0.56 0.04 0.08 "#11" 9.38 0.58 4.4 19.36 5 0 359.064 5 -1 3.66
"15" "Dolphins D/ST" "-0.28-10.62" 26.87 1.98 0.69 0.5 0.02 0.2 "#11" 10.62 -0.28 5.45 29.7025 6 -1 369.724 5 -1 3.6
"13" "Chiefs D/ST" "-0.24-10.06" 28.1 1.95 0.8 0.6 0 0.14 "#6" 10.06 -0.24 5.15 26.5225 6 -1 376.12 5 -1 3.59
"17" "Chiefs D/ST" "-0.24-10.06" 28.1 1.95 0.8 0.6 0 0.14 "#6" 10.06 -0.24 5.15 26.5225 6 -1 376.12 5 -1 3.59
"10" "Bengals D/ST" "0.58-10.08" 26.59 1.86 0.74 0.66 0.04 0.14 "#5" 10.08 0.58 4.75 22.5625 6 -1 368.268 5 -1 3.58
"12" "Falcons D/ST" "-2.06-10.74" 30.65 1.5 0.72 0.76 0.02 0.18 "#5" 10.74 -2.06 6.4 40.96 6 -1 389.38 5 -1 3.58
"9" "Falcons D/ST" "1.34-8.22" 27.35 1.88 0.54 0.64 0 0.22 "#14" 8.22 1.34 3.44 11.8336 6 -1 372.22 5 -1 3.56
"8" "Bills D/ST" "0.05-9.73" 26.68 1.9 0.66 0.74 0.04 0.12 "#8" 9.73 0.05 4.84 23.4256 6 -1 368.736 5 -1 3.5
"16" "Bills D/ST" "0.05-9.73" 26.68 1.9 0.66 0.74 0.04 0.12 "#8" 9.73 0.05 4.84 23.4256 6 -1 368.736 5 -1 3.5
"8" "Broncos D/ST" "-1.35-10.93" 28.12 1.78 0.8 0.62 0 0.14 "#1" 10.93 -1.35 6.14 37.6996 6 -1 376.224 5 -1 3.46
"9" "Browns D/ST" "-0.58-10.34" 27.32 1.38 0.88 0.62 0 0.18 "#1" 10.34 -0.58 5.46 29.8116 6 -1 372.064 5 -1 3.46
"9" "Seahawks D/ST" "-0.77-9.87" 28.8 1.52 0.88 0.58 0.08 0.14 "#9" 9.87 -0.77 5.32 28.3024 6 -1 379.76 5 -1 3.44
"14" "Raiders D/ST" "-0.35-9.79" 27.41 2.2 0.68 0.62 0 0.1 "#19" 9.79 -0.35 5.07 25.7049 6 -1 372.532 5 -1 3.4
"7" "Texans D/ST" "-0.28-9.18" 28.97 1.6 0.78 0.6 0.04 0.16 "#12" 9.18 -0.28 4.73 22.3729 6 -1 380.644 5 -1 3.4
"17" "Texans D/ST" "-0.28-9.18" 28.97 1.6 0.78 0.6 0.04 0.16 "#12" 9.18 -0.28 4.73 22.3729 6 -1 380.644 5 -1 3.4
"14" "Browns D/ST" "0.84-7.58" 23.97 1.89 0.42 0.6 0.02 0.06 "#20" 7.58 0.84 3.37 11.3569 5 0 354.644 5 -1 3.33
"15" "Eagles D/ST" "-0.18-9.16" 28.08 2.06 0.9 0.48 0 0.08 "#2" 9.16 -0.18 4.67 21.8089 6 -1 376.016 5 -1 3.3
"1" "Texans D/ST" "-1.11-9.47" 29.36 2.11 0.62 0.59 0.07 0.1 "#8" 9.47 -1.11 5.29 27.9841 6 -1 382.672 5 -1 3.27
"10" "Raiders D/ST" "-0.72-9.26" 29.31 1.7 0.8 0.66 0.02 0.1 "#9" 9.26 -0.72 4.99 24.9001 6 -1 382.412 5 -1 3.26
"12" "Jets D/ST" "-0.81-9.49" 28.21 1.9 0.7 0.6 0 0.12 "#8" 9.49 -0.81 5.15 26.5225 6 -1 376.692 5 -1 3.22
"17" "Jets D/ST" "-0.81-9.49" 28.21 1.9 0.7 0.6 0 0.12 "#8" 9.49 -0.81 5.15 26.5225 6 -1 376.692 5 -1 3.22
"11" "Lions D/ST" "-1.11-9.33" 29.09 2 0.74 0.5 0.06 0.1 "#20" 9.33 -1.11 5.22 27.2484 6 -1 381.268 5 -1 3.2
"10" "Buccaneers D/ST" "0.83-8.59" 26.53 1.86 0.54 0.72 0.02 0.12 "#14" 8.59 0.83 3.88 15.0544 6 -1 367.956 5 -1 3.14
"10" "Cardinals D/ST" "-0.02-8.60" 28.08 2.28 0.6 0.52 0 0.1 "#1" 8.6 -0.02 4.31 18.5761 6 -1 376.016 5 -1 3.12
"10" "Colts D/ST" "-0.10-9.00" 27.46 2.34 0.5 0.56 0.02 0.1 "#12" 9 -0.1 4.55 20.7025 6 -1 372.792 5 -1 3.1
"13" "Colts D/ST" "-0.10-9.00" 27.46 2.34 0.5 0.56 0.02 0.1 "#12" 9 -0.1 4.55 20.7025 6 -1 372.792 5 -1 3.1
"6" "Patriots D/ST" "-1.12-9.08" 29.47 1.6 0.82 0.48 0.02 0.14 "#1" 9.08 -1.12 5.1 26.01 6 -1 383.244 5 -1 3.08
"9" "Buccaneers D/ST" "0.23-7.99" 28.87 1.9 0.72 0.42 0.08 0.12 "#20" 7.99 0.23 3.88 15.0544 6 -1 380.124 5 -1 3.06
"13" "Buccaneers D/ST" "0.23-7.99" 28.87 1.9 0.72 0.42 0.08 0.12 "#20" 7.99 0.23 3.88 15.0544 6 -1 380.124 5 -1 3.06
"7" "Bears D/ST" "0.11-8.77" 26.54 1.92 0.68 0.56 0.02 0.1 "#8" 8.77 0.11 4.33 18.7489 6 -1 368.008 5 -1 3.04
"6" "Broncos D/ST" "-1.80-9.90" 30.91 1.64 0.68 0.6 0 0.14 "#2" 9.9 -1.8 5.85 34.2225 6 -1 390.732 5 -1 3.04
"2" "Colts D/ST" "-0.31-8.83" 27.83 1.56 0.82 0.62 0 0.1 "#14" 8.83 -0.31 4.57 20.8849 6 -1 374.716 5 -1 3.04
"6" "Browns D/ST" "-0.10-9.42" 27.11 1.42 0.86 0.48 0.04 0.14 "#9" 9.42 -0.1 4.76 22.6576 6 -1 370.972 5 -1 3.02
"2" "Chiefs D/ST" "-1.05-8.65" 29.79 1.4 0.82 0.62 0.04 0.1 "#19" 8.65 -1.05 4.85 23.5225 6 -1 384.908 5 -1 2.96
"14" "Bears D/ST" "-0.21-8.75" 27.39 2.06 0.56 0.64 0 0.08 "#2" 8.75 -0.21 4.48 20.0704 6 -1 372.428 5 -1 2.94
"7" "Bengals D/ST" "-0.70-8.40" 30 1.46 0.76 0.56 0 0.14 "#1" 8.4 -0.7 4.55 20.7025 6 -1 386 5 -1 2.94
"15" "Chargers D/ST" "-1.54-8.90" 30.21 1.74 0.76 0.54 0 0.1 "#1" 8.9 -1.54 5.22 27.2484 6 -1 387.092 5 -1 2.94
"9" "Redskins D/ST" "-0.41-8.17" 29.11 1.82 0.84 0.36 0 0.12 "#4" 8.17 -0.41 4.29 18.4041 6 -1 381.372 5 -1 2.94
"6" "Cowboys D/ST" "-0.13-8.41" 28.2 2.28 0.5 0.6 0.04 0.06 "#12" 8.41 -0.13 4.27 18.2329 6 -1 376.64 5 -1 2.92
"7" "Titans D/ST" "-0.84-9.90" 27.34 1.88 0.62 0.48 0 0.14 "#9" 9.9 -0.84 5.37 28.8369 6 -1 372.168 5 -1 2.92
"12" "Saints D/ST" "-0.59-7.65" 29.97 1.94 0.5 0.54 0.02 0.14 "#4" 7.65 -0.59 4.12 16.9744 6 -1 385.844 5 -1 2.9
"8" "Vikings D/ST" "-0.05-7.89" 28.97 1.7 0.72 0.62 0.02 0.08 "#5" 7.89 -0.05 3.97 15.7609 6 -1 380.644 5 -1 2.9
"16" "Cardinals D/ST" "-0.18-8.54" 27.77 2.28 0.56 0.48 0.02 0.08 "#2" 8.54 -0.18 4.36 19.0096 6 -1 374.404 5 -1 2.88
"8" "Colts D/ST" "-0.15-8.55" 27.58 1.54 0.64 0.52 0.02 0.16 "#6" 8.55 -0.15 4.35 18.9225 6 -1 373.416 5 -1 2.86
"14" "Titans D/ST" "-0.53-9.29" 26.65 1.82 0.62 0.6 0 0.1 "#12" 9.29 -0.53 4.91 24.1081 6 -1 368.58 5 -1 2.86
"13" "Vikings D/ST" "-0.16-8.84" 26.8 1.86 0.7 0.56 0 0.08 "#8" 8.84 -0.16 4.5 20.25 6 -1 369.36 5 -1 2.86
"15" "Chiefs D/ST" "-0.98-7.36" 31.5 1.42 0.72 0.64 0 0.12 "#9" 7.36 -0.98 4.17 17.3889 6 -1 393.8 5 -1 2.86
"14" "Packers D/ST" "-0.12-7.80" 28.59 1.94 0.5 0.58 0.02 0.12 "#4" 7.8 -0.12 3.96 15.6816 6 -1 378.668 5 -1 2.86
"1" "49ers D/ST" "-0.12-8.04" 28.39 1.66 0.64 0.68 0.02 0.08 "#11" 8.04 -0.12 4.08 16.6464 6 -1 377.628 5 -1 2.82
"16" "Steelers D/ST" "-0.16-8.76" 26.87 1.8 0.75 0.5 0.08 0.06 "#5" 8.76 -0.16 4.46 19.8916 6 -1 369.724 5 -1 2.82
"6" "Buccaneers D/ST" "-0.59-8.27" 29.88 1.66 0.58 0.76 0.04 0.06 "#4" 8.27 -0.59 4.43 19.6249 6 -1 385.376 5 -1 2.78
"17" "Buccaneers D/ST" "-0.59-8.27" 29.88 1.66 0.58 0.76 0.04 0.06 "#4" 8.27 -0.59 4.43 19.6249 6 -1 385.376 5 -1 2.78
"15" "Panthers D/ST" "-0.73-8.61" 27.52 1.78 0.78 0.5 0.02 0.06 "#5" 8.61 -0.73 4.67 21.8089 6 -1 373.104 5 -1 2.74
"17" "Panthers D/ST" "-0.73-8.61" 27.52 1.78 0.78 0.5 0.02 0.06 "#5" 8.61 -0.73 4.67 21.8089 6 -1 373.104 5 -1 2.74
"16" "Buccaneers D/ST" "-0.21-7.59" 30.21 1.9 0.6 0.38 0.08 0.12 "#24" 7.59 -0.21 3.9 15.21 6 -1 387.092 5 -1 2.74
"10" "Titans D/ST" "-1.49-9.09" 28.46 1.9 0.54 0.48 0.02 0.12 "#8" 9.09 -1.49 5.29 27.9841 6 -1 377.992 5 -1 2.7
"1" "Buccaneers D/ST" "-1.98-8.48" 31.37 1.42 0.62 0.54 0.02 0.14 "#5" 8.48 -1.98 5.23 27.3529 6 -1 393.124 5 -1 2.62
"15" "Steelers D/ST" "-0.24-8.02" 27.01 1.86 0.62 0.56 0.06 0.04 "#8" 8.02 -0.24 4.13 17.0569 6 -1 370.452 5 -1 2.58
"11" "Cowboys D/ST" "-0.84-7.58" 28.88 1.82 0.46 0.48 0.04 0.12 "#4" 7.58 -0.84 4.21 17.7241 6 -1 380.176 5 -1 2.5
"9" "Packers D/ST" "-1.42-7.48" 30.72 1.74 0.46 0.56 0.02 0.1 "#8" 7.48 -1.42 4.45 19.8025 6 -1 389.744 5 -1 2.42
"14" "Buccaneers D/ST" "-1.73-7.45" 31.31 1.64 0.56 0.58 0.04 0.06 "#5" 7.45 -1.73 4.59 21.0681 6 -1 392.812 5 -1 2.36
"16" "Dolphins D/ST" "-0.49-7.29" 28.15 1.84 0.46 0.4 0.02 0.12 "#12" 7.29 -0.49 3.89 15.1321 6 -1 376.38 5 -1 2.32
"8" "Packers D/ST" "-1.75-7.39" 31.64 1.8 0.52 0.54 0.02 0.06 "#2" 7.39 -1.75 4.57 20.8849 6 -1 394.528 5 -1 2.32
"7" "49ers D/ST" "-1.08-6.86" 30.89 1.82 0.54 0.46 0 0.08 "#2" 6.86 -1.08 3.97 15.7609 6 -1 390.628 5 -1 2.3
"17" "49ers D/ST" "-1.08-6.86" 30.89 1.82 0.54 0.46 0 0.08 "#2" 6.86 -1.08 3.97 15.7609 6 -1 390.628 5 -1 2.3
"13" "Cowboys D/ST" "-0.39-5.91" 31.05 2.02 0.42 0.5 0.02 0.06 "#5" 5.91 -0.39 3.15 9.9225 6 -1 391.46 5 -1 2.26
"14" "Dolphins D/ST" "-0.89-6.75" 29.72 1.6 0.6 0.34 0.02 0.12 "#8" 6.75 -0.89 3.82 14.5924 6 -1 384.544 5 -1 2.24
"1" "Browns D/ST" "-1.42-7.00" 32.24 1.4 0.48 0.56 0 0.1 "#19" 7 -1.42 4.21 17.7241 6 -1 397.648 5 -1 2.08
"1" "Raiders D/ST" "-0.79-7.99" 28.09 1.52 0.52 0.4 0 0.12 "#2" 7.99 -0.79 4.39 19.2721 6 -1 376.068 5 -1 2.08
"9" "Saints D/ST" "-1.90-6.66" 32.03 1.66 0.5 0.44 0.02 0.06 "#2" 6.66 -1.9 4.28 18.3184 6 -1 396.556 5 -1 1.94
"13" "Lions D/ST" "-2.77-8.75" 33.64 1.7 0.44 0.48 0 0.18 "#2" 8.75 -2.77 5.76 33.1776 6 -1 404.928 6 -3 0.62
"2" "Browns D/ST" "-2.64-6.62" 34.48 1.34 0.48 0.54 0 0.08 "#5" 6.62 -2.64 4.63 21.4369 6 -1 409.296 6 -3 -0.14
"6" "Chiefs D/ST" "-1.78-6.92" 34.59 1.6 0.64 0.5 0 0.12 "#8" 6.92 -1.78 4.35 18.9225 7 -3 409.868 6 -3 -1.4
"11" "Chiefs D/ST" "-2.51-6.15" 38.02 1.4 0.46 0.48 0.02 0.18 "#2" 6.15 -2.51 4.33 18.7489 7 -3 427.704 6 -3 -1.6
"13" "Raiders D/ST" "-3.21-5.77" 36.1 1.42 0.52 0.38 0.02 0.08 "#1" 5.77 -3.21 4.49 20.1601 7 -3 417.72 6 -3 -2.26
"17" "Raiders D/ST" "-3.21-5.77" 36.1 1.42 0.52 0.38 0.02 0.08 "#1" 5.77 -3.21 4.49 20.1601 7 -3 417.72 6 -3 -2.26
