"Week" "Player" "range" "pts_all" "sacks" "INT" "fum" "SAF" "TD" "rnk" "max" "min" "std" "Var" "pts_all_grp" "pts_all_score" "yrds_est" "yrds_all_grp" "yrds_all_score" "Full_Proj"
"3" "Vikings D/ST" "4.71-16.87" 12.51 2.32 0.89 0.71 0.05 0.32 "#31" 16.87 4.71 6.08 36.9664 3 3 295.052 3 2 12.54
"2" "Rams D/ST" "6.96-19.84" 15.35 3.54 1.5 0.92 0.04 0.42 "#32" 19.84 6.96 6.44 41.4736 4 1 309.82 4 0 11.98
"17" "Bears D/ST" "6.19-20.43" 13.78 3.1 1.6 0.96 0.04 0.42 "#23" 20.43 6.19 7.12 50.6944 4 1 301.656 4 0 11.82
"17" "Ravens D/ST" "6.31-20.51" 13.97 3.28 1.4 0.78 0.12 0.46 "#27" 20.51 6.31 7.1 50.41 4 1 302.644 4 0 11.64
"10" "Jets D/ST" "5.57-14.11" 12.83 2.26 0.89 0.53 0.01 0.25 "#31" 14.11 5.57 4.27 18.2329 3 3 296.716 3 2 11.62
"1" "Ravens D/ST" "6.47-17.25" 16.72 3.11 1.56 0.66 0.1 0.35 "#31" 17.25 6.47 5.39 29.0521 4 1 316.944 4 0 10.85
"1" "Jaguars D/ST" "5.18-19.26" 14.21 3.18 1.24 0.76 0.08 0.34 "#20" 19.26 5.18 7.04 49.5616 4 1 303.892 4 0 10.38
"5" "Ravens D/ST" "4.18-12.00" 13.34 1.66 0.7 0.45 0.04 0.2 "#27" 12 4.18 3.91 15.2881 3 3 299.368 3 2 10.24
"17" "Seahawks D/ST" "4.41-17.45" 16.58 3.03 1.1 1.06 0.06 0.26 "#32" 17.45 4.41 6.52 42.5104 4 1 316.216 4 0 10.03
"1" "Vikings D/ST" "4.09-18.43" 15.49 2.9 1.18 0.72 0.04 0.3 "#25" 18.43 4.09 7.17 51.4089 4 1 310.548 4 0 9.58
"10" "Bills D/ST" "3.91-11.61" 11.75 1.66 0.54 0.45 0.01 0.13 "#30" 11.61 3.91 3.85 14.8225 3 3 291.1 3 2 9.44
"13" "Packers D/ST" "3.69-16.59" 17.23 2.38 1.14 0.57 0.02 0.43 "#32" 16.59 3.69 6.45 41.6025 4 1 319.596 4 0 9.42
"1" "Seahawks D/ST" "4.13-16.29" 16.34 3.02 1.16 0.72 0.02 0.26 "#17" 16.29 4.13 6.08 36.9664 4 1 314.968 4 0 9.38
"17" "Texans D/ST" "3.72-17.40" 15.37 2.79 1.06 0.9 0.08 0.24 "#29" 17.4 3.72 6.84 46.7856 4 1 309.924 4 0 9.31
"16" "Titans D/ST" "2.56-16.60" 22.16 2.57 1.15 0.73 0.02 0.46 "#28" 16.6 2.56 7.02 49.2804 5 0 345.232 4 0 9.13
"1" "Redskins D/ST" "4.97-16.75" 17.6 2.79 1.46 0.53 0.02 0.37 "#32" 16.75 4.97 5.89 34.6921 5 0 321.52 4 0 9.03
"17" "Browns D/ST" "4.36-15.50" 16.78 2.66 1.26 0.62 0.06 0.24 "#16" 15.5 4.36 5.57 31.0249 4 1 317.256 4 0 8.98
"2" "Seahawks D/ST" "3.37-15.73" 16.85 3.1 1.16 0.8 0.02 0.14 "#14" 15.73 3.37 6.18 38.1924 4 1 317.62 4 0 8.9
"6" "Texans D/ST" "2.09-16.65" 22.94 3.4 0.95 1.05 0.02 0.24 "#31" 16.65 2.09 7.28 52.9984 5 0 349.288 4 0 8.88
"2" "Texans D/ST" "2.99-16.23" 22.84 3.42 1.22 1.08 0.04 0.12 "#18" 16.23 2.99 6.62 43.8244 5 0 348.768 4 0 8.82
"2" "Broncos D/ST" "2.66-15.96" 21.88 2.86 1.08 0.66 0.06 0.38 "#26" 15.96 2.66 6.65 44.2225 5 0 343.776 4 0 8.74
"14" "Chargers D/ST" "3.41-16.11" 20.33 2.89 1.17 0.78 0.06 0.3 "#21" 16.11 3.41 6.35 40.3225 5 0 335.716 4 0 8.71
"2" "Chargers D/ST" "1.37-17.85" 19.46 2.77 1.42 0.88 0.09 0.19 "#31" 17.85 1.37 8.24 67.8976 5 0 331.192 4 0 8.69
"2" "Saints D/ST" "3.61-15.35" 17.02 2.27 1.17 0.68 0.02 0.27 "#27" 15.35 3.61 5.87 34.4569 4 1 318.504 4 0 8.63
"3" "Jaguars D/ST" "5.28-14.44" 15.14 2.57 1.17 0.49 0.03 0.27 "#18" 14.44 5.28 4.58 20.9764 4 1 308.728 4 0 8.57
"12" "Patriots D/ST" "3.57-15.39" 16.55 2.57 1.2 0.67 0.04 0.19 "#30" 15.39 3.57 5.91 34.9281 4 1 316.06 4 0 8.53
"2" "Lions D/ST" "2.72-15.64" 21.36 2.12 1.4 0.68 0.04 0.36 "#25" 15.64 2.72 6.46 41.7316 5 0 341.072 4 0 8.52
"10" "Chiefs D/ST" "4.30-15.44" 19.41 2.76 1.08 0.8 0.06 0.31 "#32" 15.44 4.3 5.57 31.0249 5 0 330.932 4 0 8.5
"14" "Titans D/ST" "2.36-15.56" 22.93 2.6 1.21 0.74 0.02 0.32 "#29" 15.56 2.36 6.6 43.56 5 0 349.236 4 0 8.46
"16" "Patriots D/ST" "3.66-15.32" 17.24 2.44 1.13 0.75 0 0.2 "#31" 15.32 3.66 5.83 33.9889 4 1 319.648 4 0 8.4
"13" "Titans D/ST" "1.66-16.74" 21.34 2.43 1.09 0.77 0.04 0.36 "#30" 16.74 1.66 7.54 56.8516 5 0 340.968 4 0 8.39
"9" "Bears D/ST" "4.86-14.56" 14.54 2.28 0.9 0.72 0.05 0.29 "#31" 14.56 4.86 4.85 23.5225 4 1 305.608 4 0 8.36
"4" "Packers D/ST" "1.43-15.97" 22.29 2.78 1.07 0.87 0.07 0.26 "#31" 15.97 1.43 7.27 52.8529 5 0 345.908 4 0 8.36
"17" "Steelers D/ST" "2.68-15.34" 21.89 2.08 1.32 0.76 0.04 0.34 "#21" 15.34 2.68 6.33 40.0689 5 0 343.828 4 0 8.36
"2" "Jets D/ST" "4.33-14.41" 15.78 2.58 1.1 0.72 0.02 0.18 "#24" 14.41 4.33 5.04 25.4016 4 1 312.056 4 0 8.34
"16" "Rams D/ST" "5.14-15.20" 14.16 2.13 0.97 0.55 0.04 0.34 "#32" 15.2 5.14 5.03 25.3009 4 1 303.632 4 0 8.29
"15" "Rams D/ST" "3.75-14.65" 20.41 2.49 1.19 0.86 0.06 0.26 "#15" 14.65 3.75 5.45 29.7025 5 0 336.132 4 0 8.27
"15" "Texans D/ST" "3.35-14.77" 17.03 2.31 0.94 0.67 0.06 0.27 "#30" 14.77 3.35 5.71 32.6041 4 1 318.556 4 0 8.27
"2" "Redskins D/ST" "2.66-14.82" 21.72 2.12 1.36 0.7 0.04 0.32 "#7" 14.82 2.66 6.08 36.9664 5 0 342.944 4 0 8.24
"10" "Packers D/ST" "1.09-16.37" 26.37 3.22 1.11 0.76 0.05 0.36 "#24" 16.37 1.09 7.64 58.3696 5 0 367.124 5 -1 8.22
"13" "Chiefs D/ST" "2.71-15.39" 20.97 2.59 1.21 0.91 0.06 0.21 "#26" 15.39 2.71 6.34 40.1956 5 0 339.044 4 0 8.21
"3" "Bears D/ST" "3.72-14.46" 16.01 2.44 1.09 0.49 0.02 0.26 "#32" 14.46 3.72 5.37 28.8369 4 1 313.252 4 0 8.2
"7" "Colts D/ST" "1.91-15.61" 20.87 2.51 1.13 0.76 0.04 0.3 "#31" 15.61 1.91 6.85 46.9225 5 0 338.524 4 0 8.17
"12" "Ravens D/ST" "3.68-15.92" 18.57 2.96 1.09 0.95 0.02 0.18 "#26" 15.92 3.68 6.12 37.4544 5 0 326.564 4 0 8.16
"2" "Vikings D/ST" "2.99-16.13" 18.67 2.35 1.34 0.8 0.04 0.24 "#10" 16.13 2.99 6.57 43.1649 5 0 327.084 4 0 8.15
"12" "Chargers D/ST" "5.53-14.27" 13.97 2.54 1.03 0.55 0.03 0.23 "#32" 14.27 5.53 4.37 19.0969 4 1 302.644 4 0 8.14
"4" "Jaguars D/ST" "4.01-14.65" 15.29 2.5 1.06 0.61 0.02 0.21 "#30" 14.65 4.01 5.32 28.3024 4 1 309.508 4 0 8.14
"1" "Steelers D/ST" "3.28-16.28" 18.21 2.46 1.16 0.82 0.02 0.28 "#27" 16.28 3.28 6.5 42.25 5 0 324.692 4 0 8.14
"8" "Patriots D/ST" "3.08-16.16" 18.51 2.79 1.26 0.64 0.02 0.25 "#31" 16.16 3.08 6.54 42.7716 5 0 326.252 4 0 8.13
"16" "Colts D/ST" "3.69-13.95" 20.56 2.75 1.13 0.81 0.02 0.24 "#20" 13.95 3.69 5.13 26.3169 5 0 336.912 4 0 8.11
"17" "Patriots D/ST" "4.08-14.90" 15.3 2.46 1.06 0.7 0.02 0.18 "#30" 14.9 4.08 5.41 29.2681 4 1 309.56 4 0 8.1
"12" "Cowboys D/ST" "3.33-14.67" 19.57 2.75 1.24 0.87 0.02 0.18 "#28" 14.67 3.33 5.67 32.1489 5 0 331.764 4 0 8.09
"15" "Falcons D/ST" "2.18-15.80" 20.36 2.78 1.32 0.76 0.09 0.16 "#32" 15.8 2.18 6.81 46.3761 5 0 335.872 4 0 8.08
"1" "Rams D/ST" "3.44-15.00" 20.04 2.72 1.18 0.8 0.04 0.22 "#26" 15 3.44 5.78 33.4084 5 0 334.208 4 0 8.08
"7" "Rams D/ST" "3.25-13.31" 22.79 2.2 1.34 0.74 0.07 0.26 "#25" 13.31 3.25 5.03 25.3009 5 0 348.508 4 0 8.06
"3" "Texans D/ST" "2.57-14.63" 22.06 2.56 0.95 0.79 0.04 0.32 "#20" 14.63 2.57 6.03 36.3609 5 0 344.712 4 0 8.04
"10" "Bears D/ST" "0.80-16.18" 22.08 2.73 0.83 0.63 0.02 0.39 "#19" 16.18 0.8 7.69 59.1361 5 0 344.816 4 0 8.03
"10" "Eagles D/ST" "1.67-15.13" 21.95 3.11 1.08 0.55 0.05 0.26 "#22" 15.13 1.67 6.73 45.2929 5 0 344.14 4 0 8.03
"6" "Vikings D/ST" "3.70-14.88" 18.58 2.78 1.18 0.86 0.04 0.18 "#32" 14.88 3.7 5.59 31.2481 5 0 326.616 4 0 8.02
"1" "Jets D/ST" "0.99-16.83" 21.84 2.3 1.09 0.8 0 0.32 "#19" 16.83 0.99 7.92 62.7264 5 0 343.568 4 0 8
"1" "Saints D/ST" "2.89-14.39" 22.48 2.3 1.02 0.94 0.04 0.28 "#11" 14.39 2.89 5.75 33.0625 5 0 346.896 4 0 7.98
"10" "Chargers D/ST" "2.94-14.68" 21.25 2.33 1.09 0.88 0.04 0.27 "#26" 14.68 2.94 5.87 34.4569 5 0 340.5 4 0 7.97
"17" "Bills D/ST" "2.52-15.54" 20.12 2.64 1.44 0.7 0.04 0.16 "#24" 15.54 2.52 6.51 42.3801 5 0 334.624 4 0 7.96
"6" "Bears D/ST" "3.67-14.19" 16.98 2.3 0.75 0.79 0.01 0.26 "#24" 14.19 3.67 5.26 27.6676 4 1 318.296 4 0 7.96
"8" "Eagles D/ST" "3.87-13.25" 17.11 2.46 1.04 0.53 0.05 0.21 "#29" 13.25 3.87 4.69 21.9961 4 1 318.972 4 0 7.96
"8" "Steelers D/ST" "3.14-14.30" 16.43 2.43 1.14 0.47 0.02 0.21 "#27" 14.3 3.14 5.58 31.1364 4 1 315.436 4 0 7.95
"17" "Cowboys D/ST" "3.51-15.27" 18.03 2.96 1.04 0.8 0.04 0.2 "#20" 15.27 3.51 5.88 34.5744 5 0 323.756 4 0 7.92
"16" "Cowboys D/ST" "2.15-14.35" 21.65 2.54 1.03 0.71 0.05 0.3 "#11" 14.35 2.15 6.1 37.21 5 0 342.58 4 0 7.92
"8" "Bears D/ST" "2.32-16.04" 17.71 2.7 0.79 0.89 0.02 0.3 "#30" 16.04 2.32 6.86 47.0596 5 0 322.092 4 0 7.9
"4" "Seahawks D/ST" "4.29-13.39" 15.66 2.24 0.94 0.67 0.02 0.23 "#32" 13.39 4.29 4.55 20.7025 4 1 311.432 4 0 7.88
"2" "Bears D/ST" "1.92-16.08" 19.47 2.38 1 0.78 0.06 0.3 "#9" 16.08 1.92 7.08 50.1264 5 0 331.244 4 0 7.86
"11" "Cardinals D/ST" "3.48-13.64" 16.92 2 1.15 0.54 0.03 0.23 "#26" 13.64 3.48 5.08 25.8064 4 1 317.984 4 0 7.82
"16" "Dolphins D/ST" "2.46-14.24" 21.94 3.22 1.14 0.69 0.05 0.14 "#29" 14.24 2.46 5.89 34.6921 5 0 344.088 4 0 7.82
"4" "Rams D/ST" "1.28-15.34" 22.92 2.5 1.2 0.63 0.02 0.27 "#23" 15.34 1.28 7.03 49.4209 5 0 349.184 4 0 7.82
"13" "Seahawks D/ST" "1.67-16.23" 20.94 2.9 1.07 0.63 0.04 0.24 "#25" 16.23 1.67 7.28 52.9984 5 0 338.888 4 0 7.82
"13" "Patriots D/ST" "2.13-13.93" 22.76 2.45 1.18 0.91 0 0.19 "#23" 13.93 2.13 5.9 34.81 5 0 348.352 4 0 7.77
"15" "Ravens D/ST" "1.35-16.37" 20.37 2.43 0.97 0.83 0.02 0.28 "#11" 16.37 1.35 7.51 56.4001 5 0 335.924 4 0 7.75
"16" "Bears D/ST" "3.31-14.09" 16.01 2.3 0.8 0.77 0.05 0.2 "#25" 14.09 3.31 5.39 29.0521 4 1 313.252 4 0 7.74
"7" "Chargers D/ST" "1.86-15.06" 21.68 2.46 1.02 0.78 0.06 0.26 "#18" 15.06 1.86 6.6 43.56 5 0 342.736 4 0 7.74
"13" "Eagles D/ST" "1.81-14.79" 22.34 2.66 1.04 0.53 0.04 0.31 "#28" 14.79 1.81 6.49 42.1201 5 0 346.168 4 0 7.74
"5" "Panthers D/ST" "3.73-13.83" 19.18 2.1 1.3 0.56 0.05 0.3 "#20" 13.83 3.73 5.05 25.5025 5 0 329.736 4 0 7.72
"5" "49ers D/ST" "3.00-13.78" 21.45 2.58 0.92 0.77 0.02 0.28 "#32" 13.78 3 5.39 29.0521 5 0 341.54 4 0 7.68
"13" "Dolphins D/ST" "2.75-14.35" 20.15 2.54 1.07 0.68 0.04 0.26 "#31" 14.35 2.75 5.8 33.64 5 0 334.78 4 0 7.68
"16" "Browns D/ST" "2.98-14.50" 19.25 2.38 1.2 0.7 0.04 0.23 "#21" 14.5 2.98 5.76 33.1776 5 0 330.1 4 0 7.64
"13" "Rams D/ST" "3.94-12.98" 22.39 2.51 1.36 0.64 0.02 0.18 "#19" 12.98 3.94 4.52 20.4304 5 0 346.428 4 0 7.63
"12" "Jaguars D/ST" "3.17-14.13" 16.4 2.06 0.97 0.54 0.02 0.25 "#31" 14.13 3.17 5.48 30.0304 4 1 315.28 4 0 7.62
"14" "Patriots D/ST" "3.20-14.16" 19.65 2.06 0.89 0.88 0.02 0.33 "#24" 14.16 3.2 5.48 30.0304 5 0 332.18 4 0 7.62
"10" "Patriots D/ST" "1.30-14.80" 22.56 2.61 1.14 0.89 0.05 0.14 "#18" 14.8 1.3 6.75 45.5625 5 0 347.312 4 0 7.61
"2" "Bengals D/ST" "2.91-14.19" 19.99 2.4 1.14 0.66 0.02 0.26 "#16" 14.19 2.91 5.64 31.8096 5 0 333.948 4 0 7.6
"8" "Texans D/ST" "2.05-14.87" 21.19 2.95 0.89 0.71 0 0.24 "#24" 14.87 2.05 6.41 41.0881 5 0 340.188 4 0 7.59
"15" "Jaguars D/ST" "2.15-16.23" 18.37 2.93 1.22 0.6 0.05 0.15 "#28" 16.23 2.15 7.04 49.5616 5 0 325.524 4 0 7.57
"1" "Titans D/ST" "3.59-14.83" 17.91 2.76 0.86 0.78 0.04 0.24 "#24" 14.83 3.59 5.62 31.5844 5 0 323.132 4 0 7.56
"6" "Packers D/ST" "1.53-16.15" 23.83 2.56 1.52 0.9 0.03 0.18 "#25" 16.15 1.53 7.31 53.4361 5 0 353.916 5 -1 7.54
"1" "Patriots D/ST" "2.39-13.99" 21.84 2.42 1.12 0.7 0.02 0.24 "#12" 13.99 2.39 5.8 33.64 5 0 343.568 4 0 7.54
"11" "Chargers D/ST" "2.04-15.10" 25.84 3.1 1.16 0.65 0 0.3 "#17" 15.1 2.04 6.53 42.6409 5 0 364.368 5 -1 7.52
"3" "Chiefs D/ST" "1.66-13.94" 22.72 2.41 1.07 0.66 0.04 0.26 "#25" 13.94 1.66 6.14 37.6996 5 0 348.144 4 0 7.51
"15" "Bears D/ST" "1.57-15.27" 21.08 2.18 1.33 0.62 0.05 0.22 "#10" 15.27 1.57 6.85 46.9225 5 0 339.616 4 0 7.5
"16" "Chargers D/ST" "1.63-14.33" 22.26 2.96 1.18 0.66 0.07 0.12 "#16" 14.33 1.63 6.35 40.3225 5 0 345.752 4 0 7.5
"9" "Cowboys D/ST" "2.36-14.88" 19.03 2.36 0.87 0.81 0.02 0.29 "#18" 14.88 2.36 6.26 39.1876 5 0 328.956 4 0 7.5
"17" "Redskins D/ST" "1.71-14.01" 22.86 2.62 0.96 0.62 0.02 0.28 "#15" 14.01 1.71 6.15 37.8225 5 0 348.872 4 0 7.5
"11" "Texans D/ST" "2.85-13.65" 21.11 2.66 1.17 0.73 0.04 0.16 "#28" 13.65 2.85 5.4 29.16 5 0 339.772 4 0 7.5
"11" "Ravens D/ST" "0.69-16.59" 19.43 2.59 0.86 0.81 0.06 0.24 "#21" 16.59 0.69 7.95 63.2025 5 0 331.036 4 0 7.49
"5" "Rams D/ST" "2.54-13.94" 20.34 2.14 1.26 0.71 0.04 0.22 "#9" 13.94 2.54 5.7 32.49 5 0 335.768 4 0 7.48
"13" "Saints D/ST" "1.33-14.55" 22.47 2.76 0.93 0.78 0.07 0.19 "#22" 14.55 1.33 6.61 43.6921 5 0 346.844 4 0 7.46
"13" "Colts D/ST" "2.70-12.96" 22.66 2.71 0.87 0.91 0.05 0.18 "#29" 12.96 2.7 5.13 26.3169 5 0 347.832 4 0 7.45
"4" "Chargers D/ST" "0.96-16.42" 24.07 3.22 1.34 0.55 0.03 0.23 "#25" 16.42 0.96 7.73 59.7529 5 0 355.164 5 -1 7.44
"14" "Steelers D/ST" "2.53-14.73" 19.64 2.62 1.04 0.72 0.02 0.21 "#26" 14.73 2.53 6.1 37.21 5 0 332.128 4 0 7.44
"12" "Eagles D/ST" "2.06-14.12" 21.74 2.52 1.01 0.71 0.02 0.24 "#20" 14.12 2.06 6.03 36.3609 5 0 343.048 4 0 7.44
"6" "Rams D/ST" "2.86-13.60" 21.09 2.1 1.3 0.61 0.1 0.22 "#17" 13.6 2.86 5.37 28.8369 5 0 339.668 4 0 7.44
"15" "Seahawks D/ST" "3.36-13.40" 17.44 2.18 0.91 0.62 0.08 0.17 "#25" 13.4 3.36 5.02 25.2004 4 1 320.688 4 0 7.42
"12" "Saints D/ST" "-0.46-16.66" 26.03 2.9 1.16 0.99 0.03 0.19 "#8" 16.66 -0.46 8.56 73.2736 5 0 365.356 5 -1 7.4
"15" "Vikings D/ST" "2.37-15.23" 19.13 2.28 1 0.76 0.02 0.26 "#24" 15.23 2.37 6.43 41.3449 5 0 329.476 4 0 7.4
"6" "Panthers D/ST" "1.69-13.67" 22.14 2.31 1.01 0.6 0.02 0.3 "#28" 13.67 1.69 5.99 35.8801 5 0 345.128 4 0 7.37
"16" "Vikings D/ST" "3.52-14.20" 18.22 2.34 1.04 0.52 0.05 0.3 "#19" 14.2 3.52 5.34 28.5156 5 0 324.744 4 0 7.36
"5" "Patriots D/ST" "1.59-15.93" 23.08 2.8 1.45 0.88 0.02 0.14 "#7" 15.93 1.59 7.17 51.4089 5 0 350.016 5 -1 7.34
"17" "Rams D/ST" "3.65-14.13" 17.82 2.28 1.24 0.7 0.04 0.18 "#25" 14.13 3.65 5.24 27.4576 5 0 322.664 4 0 7.32
"3" "Panthers D/ST" "2.08-14.36" 20.15 2.03 1 0.72 0.05 0.29 "#21" 14.36 2.08 6.14 37.6996 5 0 334.78 4 0 7.31
"7" "Eagles D/ST" "2.12-14.40" 21.05 2.56 1.08 0.54 0.06 0.23 "#13" 14.4 2.12 6.14 37.6996 5 0 339.46 4 0 7.3
"2" "Raiders D/ST" "1.81-13.99" 20.89 2.5 0.86 0.7 0 0.28 "#17" 13.99 1.81 6.09 37.0881 5 0 338.628 4 0 7.3
"8" "Rams D/ST" "3.06-12.56" 22.42 2.71 1.1 0.51 0.02 0.22 "#10" 12.56 3.06 4.75 22.5625 5 0 346.584 4 0 7.29
"7" "Cowboys D/ST" "1.60-14.26" 21.94 3.05 0.73 0.92 0.04 0.14 "#28" 14.26 1.6 6.33 40.0689 5 0 344.088 4 0 7.27
"5" "Titans D/ST" "2.59-15.03" 19.65 2.61 0.73 0.86 0.07 0.22 "#31" 15.03 2.59 6.22 38.6884 5 0 332.18 4 0 7.25
"13" "Broncos D/ST" "2.88-13.34" 20.81 2.55 1.2 0.65 0.02 0.16 "#21" 13.34 2.88 5.23 27.3529 5 0 338.212 4 0 7.25
"12" "Steelers D/ST" "2.53-13.09" 21.74 2.49 1.34 0.35 0.02 0.22 "#17" 13.09 2.53 5.28 27.8784 5 0 343.048 4 0 7.23
"5" "Bengals D/ST" "3.70-13.00" 19.21 2.21 1.08 0.97 0.04 0.14 "#24" 13 3.7 4.65 21.6225 5 0 329.892 4 0 7.23
"14" "Panthers D/ST" "0.93-14.03" 22.97 2.48 0.98 0.55 0 0.28 "#27" 14.03 0.93 6.55 42.9025 5 0 349.444 4 0 7.22
"17" "Eagles D/ST" "2.18-13.48" 21.5 2.12 1.1 0.68 0.04 0.24 "#28" 13.48 2.18 5.65 31.9225 5 0 341.8 4 0 7.2
"15" "Bills D/ST" "3.23-13.71" 19.16 2.18 1.2 0.58 0.04 0.23 "#19" 13.71 3.23 5.24 27.4576 5 0 329.632 4 0 7.2
"3" "Browns D/ST" "2.86-13.58" 20.76 2.78 0.77 0.73 0.02 0.23 "#30" 13.58 2.86 5.36 28.7296 5 0 337.952 4 0 7.2
"9" "Dolphins D/ST" "1.23-15.11" 20.99 2.36 1.02 0.71 0 0.23 "#30" 15.11 1.23 6.94 48.1636 5 0 339.148 4 0 7.2
"8" "Colts D/ST" "1.60-13.62" 22.76 2.18 0.92 0.84 0.02 0.24 "#26" 13.62 1.6 6.01 36.1201 5 0 348.352 4 0 7.18
"8" "Redskins D/ST" "2.53-13.07" 21.81 2.71 0.93 0.71 0.02 0.19 "#20" 13.07 2.53 5.27 27.7729 5 0 343.412 4 0 7.17
"2" "Cowboys D/ST" "1.69-14.73" 20.48 2.27 1.34 0.72 0.02 0.12 "#20" 14.73 1.69 6.52 42.5104 5 0 336.496 4 0 7.15
"9" "Vikings D/ST" "0.90-15.12" 25.45 2.91 1.4 0.89 0.03 0.1 "#19" 15.12 0.9 7.11 50.5521 5 0 362.34 5 -1 7.15
"2" "Eagles D/ST" "1.88-15.58" 18.59 2.42 1 0.78 0.04 0.18 "#11" 15.58 1.88 6.85 46.9225 5 0 326.668 4 0 7.14
"12" "Panthers D/ST" "-0.66-16.46" 30.77 3.7 0.98 1.11 0.06 0.19 "#9" 16.46 -0.66 8.56 73.2736 6 -1 390.004 5 -1 7.14
"16" "Packers D/ST" "1.67-13.65" 21.43 2.26 0.9 0.78 0.04 0.24 "#30" 13.65 1.67 5.99 35.8801 5 0 341.436 4 0 7.14
"15" "Colts D/ST" "1.95-13.09" 26.17 3.29 0.67 1.14 0 0.2 "#22" 13.09 1.95 5.57 31.0249 5 0 366.084 5 -1 7.11
"14" "Chiefs D/ST" "-0.75-17.13" 23.99 2.72 1.24 0.94 0.03 0.16 "#16" 17.13 -0.75 8.94 79.9236 5 0 354.748 5 -1 7.1
"11" "Panthers D/ST" "-0.14-15.80" 26.29 2.97 1.2 0.64 0.03 0.23 "#19" 15.8 -0.14 7.97 63.5209 5 0 366.708 5 -1 7.09
"9" "Ravens D/ST" "2.24-13.02" 22.74 1.74 1.22 0.71 0.02 0.24 "#6" 13.02 2.24 5.39 29.0521 5 0 348.248 4 0 7.08
"14" "Saints D/ST" "0.63-16.07" 23.92 2.28 1.25 0.88 0.05 0.24 "#11" 16.07 0.63 7.72 59.5984 5 0 354.384 5 -1 7.08
"7" "Broncos D/ST" "4.04-11.70" 16.19 1.99 0.87 0.51 0.03 0.21 "#32" 11.7 4.04 3.83 14.6689 4 1 314.188 4 0 7.07
"3" "Ravens D/ST" "4.17-13.25" 13.94 1.93 0.96 0.39 0.04 0.22 "#17" 13.25 4.17 4.54 20.6116 4 1 302.488 4 0 7.03
"12" "Vikings D/ST" "2.11-13.59" 21.67 2.55 1.26 0.7 0.04 0.08 "#10" 13.59 2.11 5.74 32.9476 5 0 342.684 4 0 7.03
"4" "Lions D/ST" "1.94-12.68" 22.93 2.41 1.07 0.63 0 0.2 "#22" 12.68 1.94 5.37 28.8369 5 0 349.236 4 0 7.01
"2" "Cardinals D/ST" "1.86-13.04" 22.9 2.2 1.12 0.66 0.02 0.2 "#4" 13.04 1.86 5.59 31.2481 5 0 349.08 4 0 7
"2" "Ravens D/ST" "2.66-14.68" 18.21 2.36 1.04 0.68 0.06 0.18 "#21" 14.68 2.66 6.01 36.1201 5 0 324.692 4 0 7
"14" "Giants D/ST" "2.21-14.43" 23.39 2.23 1.34 0.72 0.04 0.26 "#28" 14.43 2.21 6.11 37.3321 5 0 351.628 5 -1 6.99
"9" "Raiders D/ST" "1.96-13.90" 25.2 3.03 0.95 1.11 0.03 0.13 "#25" 13.9 1.96 5.97 35.6409 5 0 361.04 5 -1 6.99
"12" "Texans D/ST" "1.01-15.45" 24.64 2.62 0.9 0.8 0.05 0.31 "#18" 15.45 1.01 7.22 52.1284 5 0 358.128 5 -1 6.98
"1" "Lions D/ST" "2.34-14.12" 20.43 2.3 1.16 0.74 0.02 0.14 "#30" 14.12 2.34 5.89 34.6921 5 0 336.236 4 0 6.98
"9" "Redskins D/ST" "0.65-14.41" 25.57 2.5 0.89 1.13 0.03 0.23 "#8" 14.41 0.65 6.88 47.3344 5 0 362.964 5 -1 6.98
"12" "Bengals D/ST" "3.15-12.25" 20.67 2.11 1.09 0.56 0.09 0.23 "#27" 12.25 3.15 4.55 20.7025 5 0 337.484 4 0 6.97
"2" "Titans D/ST" "2.19-12.69" 22.53 2.68 0.88 0.7 0.02 0.18 "#12" 12.69 2.19 5.25 27.5625 5 0 347.156 4 0 6.96
"15" "Broncos D/ST" "2.57-13.11" 20.31 2 1.14 0.63 0.05 0.22 "#27" 13.11 2.57 5.27 27.7729 5 0 335.612 4 0 6.96
"3" "Rams D/ST" "-0.99-16.57" 25.75 2.44 1.4 0.7 0 0.22 "#3" 16.57 -0.99 8.78 77.0884 5 0 363.9 5 -1 6.96
"4" "Texans D/ST" "2.11-12.63" 22.54 2.45 0.81 0.85 0.02 0.19 "#7" 12.63 2.11 5.26 27.6676 5 0 347.208 4 0 6.95
"9" "Chiefs D/ST" "2.77-13.65" 19.43 2.43 0.96 0.59 0.08 0.21 "#27" 13.65 2.77 5.44 29.5936 5 0 331.036 4 0 6.95
"3" "Patriots D/ST" "2.01-13.89" 19.75 2.08 1.07 0.54 0.04 0.26 "#19" 13.89 2.01 5.94 35.2836 5 0 332.7 4 0 6.94
"8" "49ers D/ST" "2.78-14.04" 18.21 2.21 0.84 0.71 0.03 0.26 "#32" 14.04 2.78 5.63 31.6969 5 0 324.692 4 0 6.93
"3" "Jets D/ST" "3.81-12.03" 16.64 1.83 0.8 0.63 0.05 0.19 "#27" 12.03 3.81 4.11 16.8921 4 1 316.528 4 0 6.93
"13" "Bears D/ST" "3.18-13.88" 17.61 2 0.96 0.73 0.07 0.23 "#20" 13.88 3.18 5.35 28.6225 5 0 321.572 4 0 6.9
"2" "Dolphins D/ST" "2.62-12.70" 20.86 2.22 0.94 0.7 0.04 0.22 "#30" 12.7 2.62 5.04 25.4016 5 0 338.472 4 0 6.9
"4" "Chiefs D/ST" "2.57-12.01" 22.06 2.69 0.93 0.64 0.02 0.17 "#17" 12.01 2.57 4.72 22.2784 5 0 344.712 4 0 6.89
"10" "49ers D/ST" "1.80-14.38" 23.14 2.27 1.27 0.63 0.04 0.29 "#20" 14.38 1.8 6.29 39.5641 5 0 350.328 5 -1 6.89
"7" "Cardinals D/ST" "2.93-12.21" 20.64 2.06 1.26 0.54 0.04 0.19 "#17" 12.21 2.93 4.64 21.5296 5 0 337.328 4 0 6.88
"17" "Saints D/ST" "1.67-12.97" 22.81 2.68 0.82 0.72 0.02 0.18 "#13" 12.97 1.67 5.65 31.9225 5 0 348.612 4 0 6.88
"12" "Colts D/ST" "2.31-14.09" 23.74 3.23 0.68 0.93 0.08 0.21 "#24" 14.09 2.31 5.89 34.6921 5 0 353.448 5 -1 6.87
"6" "Ravens D/ST" "2.57-13.57" 15.53 2.01 0.84 0.53 0.08 0.16 "#18" 13.57 2.57 5.5 30.25 4 1 310.756 4 0 6.87
"10" "Colts D/ST" "1.51-14.07" 20.17 2.01 1.13 0.62 0.02 0.22 "#29" 14.07 1.51 6.28 39.4384 5 0 334.884 4 0 6.87
"14" "Bills D/ST" "4.79-12.87" 13.59 1.74 0.72 0.56 0.03 0.25 "#30" 12.87 4.79 4.04 16.3216 4 1 300.668 4 0 6.86
"7" "Lions D/ST" "1.58-14.12" 24.33 2.6 1.19 0.84 0 0.2 "#24" 14.12 1.58 6.27 39.3129 5 0 356.516 5 -1 6.86
"5" "Eagles D/ST" "2.73-13.07" 21.28 2.01 0.91 0.89 0.02 0.2 "#23" 13.07 2.73 5.17 26.7289 5 0 340.656 4 0 6.85
"16" "Broncos D/ST" "2.90-13.56" 17.91 2.27 0.96 0.65 0.02 0.22 "#26" 13.56 2.9 5.33 28.4089 5 0 323.132 4 0 6.85
"3" "Eagles D/ST" "2.66-14.66" 17.87 2.29 0.96 0.82 0.02 0.16 "#7" 14.66 2.66 6 36 5 0 322.924 4 0 6.85
"5" "Jets D/ST" "1.59-13.61" 20.71 2.33 1.01 0.72 0.04 0.16 "#17" 13.61 1.59 6.01 36.1201 5 0 337.692 4 0 6.83
"14" "Lions D/ST" "3.71-12.85" 18.46 2.14 0.99 0.59 0.07 0.23 "#32" 12.85 3.71 4.57 20.8849 5 0 325.992 4 0 6.82
"4" "Raiders D/ST" "1.60-13.56" 25.62 3.24 0.98 0.69 0.11 0.17 "#27" 13.56 1.6 5.98 35.7604 5 0 363.224 5 -1 6.82
"14" "Cardinals D/ST" "3.02-11.94" 21.84 2.33 0.97 0.73 0 0.18 "#19" 11.94 3.02 4.46 19.8916 5 0 343.568 4 0 6.81
"7" "Jaguars D/ST" "2.92-13.74" 18.6 2.27 0.75 0.8 0 0.24 "#12" 13.74 2.92 5.41 29.2681 5 0 326.72 4 0 6.81
"14" "Cowboys D/ST" "1.37-14.73" 19.99 2.25 0.82 0.58 0.04 0.28 "#15" 14.73 1.37 6.68 44.6224 5 0 333.948 4 0 6.81
"5" "Saints D/ST" "1.23-14.53" 25.09 3.2 0.82 0.82 0.03 0.21 "#28" 14.53 1.23 6.65 44.2225 5 0 360.468 5 -1 6.8
"9" "Panthers D/ST" "0.45-14.95" 29.49 3.05 1.23 0.86 0.03 0.25 "#11" 14.95 0.45 7.25 52.5625 6 -1 383.348 5 -1 6.79
"12" "Bears D/ST" "1.80-14.46" 19.28 2.25 0.77 0.67 0.1 0.24 "#19" 14.46 1.8 6.33 40.0689 5 0 330.256 4 0 6.77
"3" "Cowboys D/ST" "2.21-13.19" 21.76 2.27 0.93 0.66 0 0.22 "#9" 13.19 2.21 5.49 30.1401 5 0 343.152 4 0 6.77
"13" "Texans D/ST" "2.61-14.19" 18.31 2.19 0.9 0.73 0.03 0.21 "#27" 14.19 2.61 5.79 33.5241 5 0 325.212 4 0 6.77
"7" "Chiefs D/ST" "1.05-14.25" 28.63 2.58 1.36 0.98 0.03 0.24 "#21" 14.25 1.05 6.6 43.56 6 -1 378.876 5 -1 6.76
"17" "Vikings D/ST" "2.15-13.83" 19.53 2.48 0.98 0.64 0.04 0.16 "#14" 13.83 2.15 5.84 34.1056 5 0 331.556 4 0 6.76
"10" "Falcons D/ST" "2.29-13.67" 20.07 2.27 1.11 0.63 0.08 0.14 "#27" 13.67 2.29 5.69 32.3761 5 0 334.364 4 0 6.75
"4" "Patriots D/ST" "1.90-14.32" 23.11 2.4 1.25 0.72 0.04 0.22 "#24" 14.32 1.9 6.21 38.5641 5 0 350.172 5 -1 6.74
"14" "Texans D/ST" "0.79-14.71" 23.53 2.52 1 0.61 0 0.33 "#7" 14.71 0.79 6.96 48.4416 5 0 352.356 5 -1 6.72
"9" "Steelers D/ST" "1.96-12.64" 22.41 2.16 0.92 0.57 0.04 0.25 "#16" 12.64 1.96 5.34 28.5156 5 0 346.532 4 0 6.72
"3" "Seahawks D/ST" "0.61-14.99" 24.05 2.87 0.95 0.64 0.02 0.27 "#22" 14.99 0.61 7.19 51.6961 5 0 355.06 5 -1 6.71
"4" "Browns D/ST" "1.50-12.98" 21.34 2.02 0.9 0.77 0.04 0.21 "#26" 12.98 1.5 5.74 32.9476 5 0 340.968 4 0 6.7
"17" "Chargers D/ST" "1.94-13.28" 21.57 2.53 1.14 0.44 0.02 0.16 "#17" 13.28 1.94 5.67 32.1489 5 0 342.164 4 0 6.69
"4" "Cowboys D/ST" "0.94-14.94" 23.07 2.05 1.41 0.78 0 0.21 "#19" 14.94 0.94 7 49 5 0 349.964 5 -1 6.69
"11" "Steelers D/ST" "3.06-12.98" 18.4 1.99 0.97 0.58 0.02 0.26 "#29" 12.98 3.06 4.96 24.6016 5 0 325.68 4 0 6.69
"12" "Bills D/ST" "3.29-12.15" 16.74 1.61 0.81 0.55 0.04 0.21 "#29" 12.15 3.29 4.43 19.6249 4 1 317.048 4 0 6.67
"11" "Bears D/ST" "3.34-12.68" 18.73 1.86 0.86 0.7 0.03 0.27 "#23" 12.68 3.34 4.67 21.8089 5 0 327.396 4 0 6.66
"5" "Chiefs D/ST" "0.73-14.59" 29.09 3.58 0.92 0.99 0 0.21 "#29" 14.59 0.73 6.93 48.0249 6 -1 381.268 5 -1 6.66
"7" "Vikings D/ST" "2.75-13.35" 18.25 2.3 0.85 0.65 0.02 0.22 "#30" 13.35 2.75 5.3 28.09 5 0 324.9 4 0 6.66
"5" "Bills D/ST" "2.42-12.00" 21.78 1.93 0.89 0.63 0 0.28 "#18" 12 2.42 4.79 22.9441 5 0 343.256 4 0 6.65
"11" "Falcons D/ST" "-0.32-15.74" 30.1 2.99 1.23 1 0 0.2 "#22" 15.74 -0.32 8.03 64.4809 6 -1 386.52 5 -1 6.65
"8" "Ravens D/ST" "2.35-13.51" 19.52 2.39 0.97 0.67 0.06 0.14 "#13" 13.51 2.35 5.58 31.1364 5 0 331.504 4 0 6.63
"6" "Giants D/ST" "2.35-12.25" 21.59 1.8 0.79 0.55 0.05 0.34 "#15" 12.25 2.35 4.95 24.5025 5 0 342.268 4 0 6.62
"8" "Cardinals D/ST" "2.53-12.99" 19.18 2.29 0.77 0.64 0.06 0.23 "#25" 12.99 2.53 5.23 27.3529 5 0 329.736 4 0 6.61
"6" "Chargers D/ST" "2.25-12.45" 21.23 1.75 1.03 0.48 0.02 0.3 "#27" 12.45 2.25 5.1 26.01 5 0 340.396 4 0 6.61
"3" "Dolphins D/ST" "2.89-13.31" 17.87 2.02 1.02 0.67 0.09 0.17 "#26" 13.31 2.89 5.21 27.1441 5 0 322.924 4 0 6.6
"12" "Lions D/ST" "-0.49-14.87" 31.19 3.36 0.8 1.33 0.04 0.15 "#14" 14.87 -0.49 7.68 58.9824 6 -1 392.188 5 -1 6.6
"7" "Falcons D/ST" "1.79-13.57" 23.2 3.05 0.91 0.77 0.02 0.19 "#20" 13.57 1.79 5.89 34.6921 5 0 350.64 5 -1 6.59
"11" "Saints D/ST" "0.52-15.06" 24.91 2.77 1.02 0.91 0 0.16 "#15" 15.06 0.52 7.27 52.8529 5 0 359.532 5 -1 6.59
"6" "Seahawks D/ST" "3.15-12.37" 20.34 2.07 0.99 0.72 0.04 0.17 "#26" 12.37 3.15 4.61 21.2521 5 0 335.768 4 0 6.59
"9" "Broncos D/ST" "1.46-13.62" 24.1 3.18 1.38 0.73 0 0.03 "#12" 13.62 1.46 6.08 36.9664 5 0 355.32 5 -1 6.58
"14" "Broncos D/ST" "3.04-12.88" 19.03 2 0.85 0.75 0.03 0.22 "#25" 12.88 3.04 4.92 24.2064 5 0 328.956 4 0 6.58
"4" "Eagles D/ST" "1.37-15.47" 17.6 2.18 0.93 0.73 0 0.18 "#18" 15.47 1.37 7.05 49.7025 5 0 321.52 4 0 6.58
"2" "Falcons D/ST" "0.90-13.12" 22.43 2.1 0.98 0.66 0 0.2 "#13" 13.12 0.9 6.11 37.3321 5 0 346.636 4 0 6.58
"10" "Steelers D/ST" "-0.19-14.53" 26.31 3.32 1.14 0.57 0.06 0.12 "#13" 14.53 -0.19 7.36 54.1696 5 0 366.812 5 -1 6.58
"16" "Saints D/ST" "2.34-12.64" 25.22 2.55 1.25 0.64 0.04 0.19 "#6" 12.64 2.34 5.15 26.5225 5 0 361.144 5 -1 6.55
"5" "Chargers D/ST" "2.89-12.73" 24.29 2.02 1.02 0.82 0.02 0.3 "#26" 12.73 2.89 4.92 24.2064 5 0 356.308 5 -1 6.54
"6" "Jaguars D/ST" "2.76-14.24" 17.73 2.71 0.95 0.56 0.07 0.11 "#22" 14.24 2.76 5.74 32.9476 5 0 322.196 4 0 6.53
"1" "Bills D/ST" "2.70-11.86" 21 2.16 1.18 0.44 0.08 0.16 "#16" 11.86 2.7 4.58 20.9764 5 0 339.2 4 0 6.52
"11" "Colts D/ST" "0.26-14.36" 26.2 2.59 1.1 0.69 0.07 0.2 "#18" 14.36 0.26 7.05 49.7025 5 0 366.24 5 -1 6.51
"5" "Cardinals D/ST" "2.13-12.67" 19.3 2.06 1.09 0.6 0.05 0.16 "#25" 12.67 2.13 5.27 27.7729 5 0 330.36 4 0 6.5
"6" "Colts D/ST" "1.88-11.92" 22.51 2.28 0.72 0.57 0.07 0.25 "#30" 11.92 1.88 5.02 25.2004 5 0 347.052 4 0 6.5
"15" "Lions D/ST" "2.74-12.64" 20.22 2.2 0.98 0.64 0.05 0.16 "#31" 12.64 2.74 4.95 24.5025 5 0 335.144 4 0 6.5
"13" "Falcons D/ST" "-0.44-15.02" 30.77 3.25 0.73 1.02 0.03 0.28 "#16" 15.02 -0.44 7.73 59.7529 6 -1 390.004 5 -1 6.49
"16" "Texans D/ST" "1.34-13.14" 21.27 2.13 0.76 0.76 0 0.22 "#15" 13.14 1.34 5.9 34.81 5 0 340.604 4 0 6.49
"6" "Bengals D/ST" "0.48-14.06" 25.55 2.8 1.04 0.7 0 0.2 "#6" 14.06 0.48 6.79 46.1041 5 0 362.86 5 -1 6.48
"1" "Cardinals D/ST" "1.46-13.52" 20.98 2.06 1 0.59 0.02 0.2 "#28" 13.52 1.46 6.03 36.3609 5 0 339.096 4 0 6.48
"14" "Rams D/ST" "0.29-14.75" 23.63 2.7 1.25 0.58 0.02 0.18 "#14" 14.75 0.29 7.23 52.2729 5 0 352.876 5 -1 6.48
"10" "Jaguars D/ST" "1.77-11.89" 22.49 2.38 1.23 0.48 0.04 0.1 "#7" 11.89 1.77 5.06 25.6036 5 0 346.948 4 0 6.48
"6" "Jets D/ST" "2.59-12.87" 19.13 1.99 0.9 0.52 0.04 0.26 "#7" 12.87 2.59 5.14 26.4196 5 0 329.476 4 0 6.47
"9" "Jets D/ST" "1.16-13.42" 20.08 2.03 0.89 0.65 0.05 0.21 "#24" 13.42 1.16 6.13 37.5769 5 0 334.416 4 0 6.47
"14" "Seahawks D/ST" "2.51-13.39" 18.5 1.95 0.9 0.64 0.03 0.23 "#23" 13.39 2.51 5.44 29.5936 5 0 326.2 4 0 6.47
"7" "Dolphins D/ST" "1.41-12.49" 22.35 1.87 0.94 0.8 0.02 0.18 "#19" 12.49 1.41 5.54 30.6916 5 0 346.22 4 0 6.47
"5" "Texans D/ST" "-1.35-17.15" 28.9 3.44 0.88 0.73 0.03 0.29 "#22" 17.15 -1.35 9.25 85.5625 6 -1 380.28 5 -1 6.46
"16" "Eagles D/ST" "1.32-13.46" 25.48 2.5 1 0.87 0.03 0.19 "#12" 13.46 1.32 6.07 36.8449 5 0 362.496 5 -1 6.44
"3" "Packers D/ST" "1.00-14.22" 24.25 2.9 0.81 0.71 0.03 0.24 "#28" 14.22 1 6.61 43.6921 5 0 356.1 5 -1 6.44
"15" "Titans D/ST" "1.70-14.12" 24.01 2.12 1.12 0.78 0.06 0.23 "#20" 14.12 1.7 6.21 38.5641 5 0 354.852 5 -1 6.42
"5" "Broncos D/ST" "3.00-12.70" 18.57 2 0.91 0.57 0.07 0.22 "#30" 12.7 3 4.85 23.5225 5 0 326.564 4 0 6.42
"9" "Texans D/ST" "1.76-12.82" 25.23 2.26 0.97 0.72 0.04 0.28 "#17" 12.82 1.76 5.53 30.5809 5 0 361.196 5 -1 6.4
"7" "Patriots D/ST" "0.42-14.42" 24.84 2.88 0.83 0.75 0.05 0.21 "#14" 14.42 0.42 7 49 5 0 359.168 5 -1 6.4
"4" "Cardinals D/ST" "1.60-13.06" 20.75 1.99 0.99 0.75 0.04 0.14 "#9" 13.06 1.6 5.73 32.8329 5 0 337.9 4 0 6.39
"9" "49ers D/ST" "0.14-14.46" 24.98 2.24 1.2 0.8 0 0.19 "#26" 14.46 0.14 7.16 51.2656 5 0 359.896 5 -1 6.38
"8" "Bengals D/ST" "1.32-13.30" 24.84 2.45 0.96 0.86 0.04 0.2 "#11" 13.3 1.32 5.99 35.8801 5 0 359.168 5 -1 6.37
"15" "Saints D/ST" "1.64-14.00" 23.45 2.79 0.91 0.79 0.02 0.19 "#13" 14 1.64 6.18 38.1924 5 0 351.94 5 -1 6.37
"4" "Bears D/ST" "2.44-13.34" 24.42 2.4 0.81 0.89 0.06 0.24 "#11" 13.34 2.44 5.45 29.7025 5 0 356.984 5 -1 6.36
"7" "Buccaneers D/ST" "1.85-13.07" 24.94 2.64 1.14 0.64 0.07 0.17 "#27" 13.07 1.85 5.61 31.4721 5 0 359.688 5 -1 6.36
"10" "Rams D/ST" "-0.03-15.97" 27.21 2.8 1.4 0.99 0 0.13 "#9" 15.97 -0.03 8 64 6 -1 371.492 5 -1 6.36
"10" "Buccaneers D/ST" "0.77-13.65" 25.71 2.89 1.06 0.7 0.11 0.12 "#28" 13.65 0.77 6.44 41.4736 5 0 363.692 5 -1 6.35
"7" "Jets D/ST" "1.67-12.17" 22.97 2.11 0.97 0.65 0.02 0.16 "#23" 12.17 1.67 5.25 27.5625 5 0 349.444 4 0 6.35
"4" "Falcons D/ST" "1.63-13.55" 24.48 2.11 1.11 0.56 0.04 0.3 "#21" 13.55 1.63 5.96 35.5216 5 0 357.296 5 -1 6.33
"8" "Seahawks D/ST" "1.59-12.15" 21.94 1.99 1.11 0.59 0.02 0.15 "#19" 12.15 1.59 5.28 27.8784 5 0 344.088 4 0 6.33
"6" "Steelers D/ST" "2.35-11.67" 22.14 1.79 0.77 0.65 0.01 0.28 "#21" 11.67 2.35 4.66 21.7156 5 0 345.128 4 0 6.33
"11" "Redskins D/ST" "1.46-13.14" 25.54 2.56 1.1 0.93 0.02 0.11 "#12" 13.14 1.46 5.84 34.1056 5 0 362.808 5 -1 6.32
"4" "Ravens D/ST" "0.41-12.57" 22.93 2.03 0.85 0.82 0.02 0.15 "#6" 12.57 0.41 6.08 36.9664 5 0 349.236 4 0 6.31
"16" "Jaguars D/ST" "2.23-12.69" 19.55 2.36 0.96 0.5 0.06 0.15 "#24" 12.69 2.23 5.23 27.3529 5 0 331.66 4 0 6.3
"6" "Redskins D/ST" "1.73-13.17" 23.47 2.34 0.79 0.73 0.06 0.3 "#13" 13.17 1.73 5.72 32.7184 5 0 352.044 5 -1 6.3
"15" "Giants D/ST" "-0.16-14.78" 24.66 1.97 1.08 0.74 0 0.28 "#18" 14.78 -0.16 7.47 55.8009 5 0 358.232 5 -1 6.29
"3" "Raiders D/ST" "2.56-11.80" 20.47 2.01 0.76 0.69 0 0.23 "#24" 11.8 2.56 4.62 21.3444 5 0 336.444 4 0 6.29
"15" "Bengals D/ST" "1.49-14.29" 23.11 2.22 1 0.83 0.04 0.22 "#26" 14.29 1.49 6.4 40.96 5 0 350.172 5 -1 6.28
"7" "Bears D/ST" "1.13-12.83" 26.02 3.06 0.83 0.83 0.03 0.14 "#5" 12.83 1.13 5.85 34.2225 5 0 365.304 5 -1 6.28
"17" "Chiefs D/ST" "1.17-13.17" 24.34 2.44 1.06 0.7 0 0.22 "#26" 13.17 1.17 6 36 5 0 356.568 5 -1 6.28
"1" "Packers D/ST" "1.67-11.45" 22.16 2.36 0.6 0.8 0.02 0.18 "#14" 11.45 1.67 4.89 23.9121 5 0 345.232 4 0 6.28
"9" "Titans D/ST" "1.64-12.74" 25.01 2.55 0.98 0.81 0.06 0.17 "#22" 12.74 1.64 5.55 30.8025 5 0 360.052 5 -1 6.27
"6" "Eagles D/ST" "3.79-11.91" 17.82 2.06 0.8 0.55 0.06 0.23 "#20" 11.91 3.79 4.06 16.4836 5 0 322.664 4 0 6.26
"7" "Panthers D/ST" "2.56-11.00" 21.91 1.6 0.85 0.58 0 0.3 "#15" 11 2.56 4.22 17.8084 5 0 343.932 4 0 6.26
"9" "Rams D/ST" "-0.78-14.26" 32.38 2.73 1.13 0.79 0.03 0.27 "#2" 14.26 -0.78 7.52 56.5504 6 -1 398.376 5 -1 6.25
"10" "Saints D/ST" "0.49-14.39" 28.63 2.53 1.13 0.78 0.05 0.3 "#21" 14.39 0.49 6.95 48.3025 6 -1 378.876 5 -1 6.25
"1" "Bengals D/ST" "1.31-11.83" 22.96 2.14 0.74 0.64 0 0.22 "#7" 11.83 1.31 5.26 27.6676 5 0 349.392 4 0 6.22
"8" "Chiefs D/ST" "1.11-14.87" 26.51 2.27 1.18 0.77 0 0.34 "#17" 14.87 1.11 6.88 47.3344 6 -1 367.852 5 -1 6.21
"13" "Ravens D/ST" "1.66-12.70" 21.55 2.01 0.9 0.54 0.03 0.21 "#8" 12.7 1.66 5.52 30.4704 5 0 342.06 4 0 6.21
"12" "Seahawks D/ST" "1.02-12.88" 25.97 2.61 1.01 0.72 0 0.19 "#13" 12.88 1.02 5.93 35.1649 5 0 365.044 5 -1 6.21
"4" "Saints D/ST" "1.31-13.79" 23.05 2.19 1.14 0.59 0 0.26 "#20" 13.79 1.31 6.24 38.9376 5 0 349.86 5 -1 6.21
"6" "Cowboys D/ST" "1.36-13.68" 23.65 2.84 0.77 0.91 0.08 0.14 "#29" 13.68 1.36 6.16 37.9456 5 0 352.98 5 -1 6.2
"7" "Texans D/ST" "2.42-11.78" 24.48 2.38 0.98 0.87 0.02 0.18 "#29" 11.78 2.42 4.68 21.9024 5 0 357.296 5 -1 6.2
"8" "Browns D/ST" "0.80-11.88" 22.58 1.9 0.92 0.44 0 0.26 "#6" 11.88 0.8 5.54 30.6916 5 0 347.416 4 0 6.18
"13" "Steelers D/ST" "-1.27-14.77" 31.46 3.31 1.21 0.66 0.11 0.15 "#3" 14.77 -1.27 8.02 64.3204 6 -1 393.592 5 -1 6.17
"6" "Falcons D/ST" "-2.03-15.99" 30.31 2.74 1.37 0.91 0.04 0.13 "#11" 15.99 -2.03 9.01 81.1801 6 -1 387.612 5 -1 6.16
"15" "Browns D/ST" "2.79-12.57" 18.94 1.97 0.84 0.58 0.01 0.22 "#17" 12.57 2.79 4.89 23.9121 5 0 328.488 4 0 6.15
"14" "Redskins D/ST" "2.52-12.30" 23.25 1.94 1.12 0.74 0.02 0.24 "#20" 12.3 2.52 4.89 23.9121 5 0 350.9 5 -1 6.14
"6" "Titans D/ST" "1.35-13.13" 25.36 3.07 0.81 0.75 0.05 0.14 "#16" 13.13 1.35 5.89 34.6921 5 0 361.872 5 -1 6.13
"3" "Giants D/ST" "1.18-12.42" 21.06 1.93 0.81 0.64 0.02 0.21 "#12" 12.42 1.18 5.62 31.5844 5 0 339.512 4 0 6.13
"10" "Panthers D/ST" "1.10-12.04" 25.82 2.29 0.88 0.78 0.04 0.24 "#6" 12.04 1.1 5.47 29.9209 5 0 364.264 5 -1 6.13
"8" "Giants D/ST" "0.72-13.90" 24.34 2.8 0.84 0.68 0.07 0.19 "#28" 13.9 0.72 6.59 43.4281 5 0 356.568 5 -1 6.12
"4" "Titans D/ST" "-0.10-14.28" 25.42 2.68 1.01 0.72 0.07 0.14 "#15" 14.28 -0.1 7.19 51.6961 5 0 362.184 5 -1 6.12
"11" "Raiders D/ST" "1.36-12.82" 24.25 2.57 0.81 0.76 0.09 0.2 "#32" 12.82 1.36 5.73 32.8329 5 0 356.1 5 -1 6.09
"14" "Jaguars D/ST" "2.43-12.05" 19.58 1.74 0.99 0.62 0.05 0.17 "#18" 12.05 2.43 4.81 23.1361 5 0 331.816 4 0 6.08
"6" "Patriots D/ST" "-0.42-14.10" 31.09 3 1.13 0.9 0.06 0.15 "#1" 14.1 -0.42 7.26 52.7076 6 -1 391.668 5 -1 6.08
"1" "Cowboys D/ST" "0.93-12.81" 22.2 1.7 0.84 0.64 0.04 0.22 "#13" 12.81 0.93 5.94 35.2836 5 0 345.44 4 0 6.06
"12" "Redskins D/ST" "0.56-13.06" 20.1 1.98 0.93 0.52 0.02 0.19 "#22" 13.06 0.56 6.25 39.0625 5 0 334.52 4 0 6.06
"13" "Chargers D/ST" "1.19-11.85" 26.06 2.3 0.96 0.68 0.02 0.24 "#6" 11.85 1.19 5.33 28.4089 5 0 365.512 5 -1 6.06
"14" "Packers D/ST" "-0.09-15.43" 26.99 2.69 1.26 0.79 0.06 0.19 "#8" 15.43 -0.09 7.76 60.2176 6 -1 370.348 5 -1 6.05
"17" "Dolphins D/ST" "1.10-13.62" 23.06 2.21 1.16 0.6 0.06 0.2 "#31" 13.62 1.1 6.26 39.1876 5 0 349.912 5 -1 6.05
"11" "Seahawks D/ST" "0.83-14.51" 27.42 3.16 1.18 0.78 0.03 0.15 "#10" 14.51 0.83 6.84 46.7856 6 -1 372.584 5 -1 6.04
"3" "Broncos D/ST" "3.09-11.35" 16.2 1.68 0.72 0.52 0.02 0.14 "#16" 11.35 3.09 4.13 17.0569 4 1 314.24 4 0 6.04
"16" "49ers D/ST" "0.96-13.08" 25.13 2.65 1.02 0.62 0.04 0.17 "#14" 13.08 0.96 6.06 36.7236 5 0 360.676 5 -1 6.03
"7" "Redskins D/ST" "0.57-14.77" 26.86 2.56 1.26 0.66 0.03 0.26 "#22" 14.77 0.57 7.1 50.41 6 -1 369.672 5 -1 6.02
"13" "Panthers D/ST" "-0.07-14.31" 28.62 2.99 1.09 0.73 0.03 0.22 "#11" 14.31 -0.07 7.19 51.6961 6 -1 378.824 5 -1 6.01
"15" "Redskins D/ST" "3.30-11.38" 17.95 1.83 0.96 0.41 0.03 0.23 "#29" 11.38 3.3 4.04 16.3216 5 0 323.34 4 0 6.01
"12" "Browns D/ST" "3.01-11.43" 19.68 1.86 0.96 0.48 0 0.21 "#21" 11.43 3.01 4.21 17.7241 5 0 332.336 4 0 6
"16" "Jets D/ST" "1.88-13.08" 27.73 2.3 1.31 0.57 0.07 0.3 "#10" 13.08 1.88 5.6 31.36 6 -1 374.196 5 -1 6
"3" "Redskins D/ST" "2.91-11.63" 18.65 2.22 0.9 0.51 0.03 0.15 "#10" 11.63 2.91 4.36 19.0096 5 0 326.98 4 0 6
"10" "Redskins D/ST" "0.97-12.17" 25.64 2.2 1.02 0.6 0.02 0.25 "#11" 12.17 0.97 5.6 31.36 5 0 363.328 5 -1 5.98
"9" "Falcons D/ST" "-0.73-14.85" 28.83 2.83 1.07 1.2 0.03 0.09 "#28" 14.85 -0.73 7.79 60.6841 6 -1 379.916 5 -1 5.97
"11" "Lions D/ST" "-1.50-14.60" 31.79 3.03 0.63 1.13 0.11 0.2 "#13" 14.6 -1.5 8.05 64.8025 6 -1 395.308 5 -1 5.97
"7" "Ravens D/ST" "0.32-14.70" 27.31 2.41 0.98 0.82 0.05 0.31 "#2" 14.7 0.32 7.19 51.6961 6 -1 372.012 5 -1 5.97
"4" "Bills D/ST" "2.59-10.81" 22.2 1.86 0.91 0.45 0.03 0.22 "#10" 10.81 2.59 4.11 16.8921 5 0 345.44 4 0 5.96
"12" "Buccaneers D/ST" "0.74-13.60" 25.16 2.38 1.03 0.91 0.08 0.09 "#25" 13.6 0.74 6.43 41.3449 5 0 360.832 5 -1 5.96
"16" "Lions D/ST" "1.35-11.63" 26.2 1.82 0.98 0.82 0.02 0.25 "#23" 11.63 1.35 5.14 26.4196 5 0 366.24 5 -1 5.96
"16" "Panthers D/ST" "-0.02-14.24" 29.17 2.5 1.08 0.84 0 0.27 "#8" 14.24 -0.02 7.13 50.8369 6 -1 381.684 5 -1 5.96
"16" "Bengals D/ST" "1.58-11.76" 20.44 2.01 0.82 0.68 0.05 0.14 "#27" 11.76 1.58 5.09 25.9081 5 0 336.288 4 0 5.95
"14" "Falcons D/ST" "-0.59-13.71" 30.22 2.61 1.55 0.49 0.03 0.2 "#10" 13.71 -0.59 7.15 51.1225 6 -1 387.144 5 -1 5.95
"9" "Patriots D/ST" "1.76-13.16" 24.36 2.67 1.06 0.72 0 0.12 "#10" 13.16 1.76 5.7 32.49 5 0 356.672 5 -1 5.95
"4" "Steelers D/ST" "0.83-13.79" 23.92 2.91 1.04 0.67 0 0.1 "#16" 13.79 0.83 6.48 41.9904 5 0 354.384 5 -1 5.93
"5" "Lions D/ST" "0.36-14.28" 27.23 2.29 1.33 0.73 0.07 0.23 "#10" 14.28 0.36 6.96 48.4416 6 -1 371.596 5 -1 5.93
"13" "Bills D/ST" "2.45-12.69" 18.06 2.07 0.67 0.6 0.05 0.2 "#24" 12.69 2.45 5.12 26.2144 5 0 323.912 4 0 5.91
"8" "Lions D/ST" "-1.09-15.27" 29.04 2.71 1.09 1.02 0.04 0.15 "#9" 15.27 -1.09 8.18 66.9124 6 -1 381.008 5 -1 5.91
"12" "Packers D/ST" "1.79-11.69" 21.36 1.85 0.84 0.5 0.03 0.22 "#23" 11.69 1.79 4.95 24.5025 5 0 341.072 4 0 5.91
"15" "Cardinals D/ST" "2.53-10.61" 21.3 1.57 1.01 0.61 0 0.18 "#8" 10.61 2.53 4.04 16.3216 5 0 340.76 4 0 5.89
"6" "Dolphins D/ST" "1.49-11.83" 21.43 2.6 0.68 0.68 0.04 0.08 "#14" 11.83 1.49 5.17 26.7289 5 0 341.436 4 0 5.88
"15" "Cowboys D/ST" "0.53-12.79" 23.82 2.24 0.94 0.66 0 0.24 "#7" 12.79 0.53 6.13 37.5769 5 0 353.864 5 -1 5.88
"11" "Giants D/ST" "-0.36-15.02" 27.86 2 1.13 0.82 0 0.33 "#11" 15.02 -0.36 7.69 59.1361 6 -1 374.872 5 -1 5.88
"5" "Browns D/ST" "1.38-12.70" 19.44 1.89 0.93 0.69 0.04 0.11 "#16" 12.7 1.38 5.66 32.0356 5 0 331.088 4 0 5.87
"3" "Cardinals D/ST" "3.10-11.84" 18.22 1.99 0.82 0.82 0.06 0.08 "#14" 11.84 3.1 4.37 19.0969 5 0 324.744 4 0 5.87
"8" "Jaguars D/ST" "2.50-12.02" 17.91 1.66 1.01 0.47 0.02 0.2 "#15" 12.02 2.5 4.76 22.6576 5 0 323.132 4 0 5.86
"16" "Chiefs D/ST" "-1.39-15.21" 31.14 2.25 1.03 0.84 0.03 0.3 "#9" 15.21 -1.39 8.3 68.89 6 -1 391.928 5 -1 5.85
"5" "Steelers D/ST" "0.79-13.45" 27.16 2.68 0.99 0.94 0.08 0.19 "#8" 13.45 0.79 6.33 40.0689 6 -1 371.232 5 -1 5.84
"1" "Bears D/ST" "1.62-11.88" 25.53 2.39 1.02 0.6 0.06 0.18 "#10" 11.88 1.62 5.13 26.3169 5 0 362.756 5 -1 5.83
"11" "Vikings D/ST" "1.65-12.77" 23.59 1.96 0.89 0.72 0.04 0.26 "#14" 12.77 1.65 5.56 30.9136 5 0 352.668 5 -1 5.82
"6" "Browns D/ST" "-0.39-15.25" 27.36 2.75 0.95 0.88 0.13 0.19 "#3" 15.25 -0.39 7.82 61.1524 6 -1 372.272 5 -1 5.81
"11" "Titans D/ST" "1.88-12.12" 24.71 2.23 0.88 0.68 0.04 0.23 "#7" 12.12 1.88 5.12 26.2144 5 0 358.492 5 -1 5.81
"15" "49ers D/ST" "-2.12-15.08" 31.5 3.13 1.04 0.75 0.03 0.17 "#9" 15.08 -2.12 8.6 73.96 6 -1 393.8 5 -1 5.79
"4" "Colts D/ST" "0.75-13.45" 24.63 2.79 0.68 0.7 0.02 0.2 "#12" 13.45 0.75 6.35 40.3225 5 0 358.076 5 -1 5.79
"8" "Saints D/ST" "-0.11-13.91" 28.84 2.54 1.05 0.76 0 0.27 "#23" 13.91 -0.11 7.01 49.1401 6 -1 379.968 5 -1 5.78
"9" "Seahawks D/ST" "0.01-14.79" 26.78 2.92 1.21 0.8 0.03 0.13 "#3" 14.79 0.01 7.39 54.6121 6 -1 369.256 5 -1 5.78
"14" "Vikings D/ST" "0.94-13.04" 25.22 2.09 0.82 0.93 0.02 0.19 "#9" 13.04 0.94 6.05 36.6025 5 0 361.144 5 -1 5.77
"17" "Jaguars D/ST" "0.79-13.01" 23.96 2.12 0.86 0.76 0.04 0.22 "#12" 13.01 0.79 6.11 37.3321 5 0 354.592 5 -1 5.76
"14" "Jets D/ST" "2.80-12.00" 18.21 1.98 0.87 0.51 0 0.17 "#31" 12 2.8 4.6 21.16 5 0 324.692 4 0 5.76
"7" "Browns D/ST" "1.34-11.50" 21.76 1.97 0.86 0.49 0 0.18 "#11" 11.5 1.34 5.08 25.8064 5 0 343.152 4 0 5.75
"14" "Browns D/ST" "1.57-12.79" 23.1 2.25 1.03 0.65 0.06 0.17 "#13" 12.79 1.57 5.61 31.4721 5 0 350.12 5 -1 5.75
"4" "Jets D/ST" "1.23-11.77" 25.26 2.53 1.04 0.56 0.03 0.16 "#29" 11.77 1.23 5.27 27.7729 5 0 361.352 5 -1 5.75
"14" "Eagles D/ST" "1.52-12.36" 24.59 2.44 0.87 0.48 0.02 0.26 "#22" 12.36 1.52 5.42 29.3764 5 0 357.868 5 -1 5.74
"11" "Broncos D/ST" "-0.40-12.82" 31.57 2.85 1.19 0.68 0.03 0.18 "#3" 12.82 -0.4 6.61 43.6921 6 -1 394.164 5 -1 5.73
"8" "Panthers D/ST" "0.82-13.58" 24.58 2.14 0.85 0.58 0.02 0.28 "#16" 13.58 0.82 6.38 40.7044 5 0 357.816 5 -1 5.72
"5" "Vikings D/ST" "2.22-11.28" 20.72 1.9 1.05 0.54 0.02 0.1 "#15" 11.28 2.22 4.53 20.5209 5 0 337.744 4 0 5.72
"3" "Steelers D/ST" "1.21-12.19" 23.72 2.17 0.81 0.75 0.04 0.22 "#11" 12.19 1.21 5.49 30.1401 5 0 353.344 5 -1 5.69
"9" "Chargers D/ST" "0.66-13.46" 28.4 3.15 1.13 0.6 0.09 0.15 "#9" 13.46 0.66 6.4 40.96 6 -1 377.68 5 -1 5.69
"3" "Bengals D/ST" "1.44-12.68" 23.24 2.41 0.94 0.62 0 0.19 "#13" 12.68 1.44 5.62 31.5844 5 0 350.848 5 -1 5.67
"10" "Giants D/ST" "0.26-13.46" 23.94 2.45 0.86 0.7 0.07 0.16 "#25" 13.46 0.26 6.6 43.56 5 0 354.488 5 -1 5.67
"4" "Buccaneers D/ST" "1.06-12.76" 23.2 2.27 1.03 0.59 0.02 0.18 "#14" 12.76 1.06 5.85 34.2225 5 0 350.64 5 -1 5.63
"14" "49ers D/ST" "-0.58-14.58" 28.28 2.55 0.99 0.77 0.05 0.24 "#17" 14.58 -0.58 7.58 57.4564 6 -1 377.056 5 -1 5.61
"11" "Packers D/ST" "-1.85-15.27" 29.51 2.19 1.14 0.61 0.03 0.31 "#9" 15.27 -1.85 8.56 73.2736 6 -1 383.452 5 -1 5.61
"5" "Packers D/ST" "0.84-13.22" 27.08 2.12 1.22 0.74 0 0.26 "#19" 13.22 0.84 6.19 38.3161 6 -1 370.816 5 -1 5.6
"3" "Saints D/ST" "0.82-12.06" 26.4 2.25 0.9 0.78 0.07 0.14 "#8" 12.06 0.82 5.62 31.5844 5 0 367.28 5 -1 5.59
"12" "Titans D/ST" "0.38-13.90" 26.93 3.27 0.7 0.73 0.09 0.21 "#12" 13.9 0.38 6.76 45.6976 6 -1 370.036 5 -1 5.57
"5" "Jaguars D/ST" "0.10-13.34" 28.01 2.28 1.31 0.8 0.05 0.16 "#1" 13.34 0.1 6.62 43.8244 6 -1 375.652 5 -1 5.56
"6" "Bills D/ST" "2.49-10.11" 20.8 1.72 0.59 0.71 0.02 0.2 "#12" 10.11 2.49 3.81 14.5161 5 0 338.16 4 0 5.56
"15" "Dolphins D/ST" "1.49-11.41" 24.84 1.69 0.88 0.75 0.02 0.26 "#23" 11.41 1.49 4.96 24.6016 5 0 359.168 5 -1 5.55
"1" "Chargers D/ST" "0.26-12.24" 25.31 2.22 1 0.54 0.02 0.2 "#1" 12.24 0.26 5.99 35.8801 5 0 361.612 5 -1 5.54
"5" "Cowboys D/ST" "0.09-13.67" 24.46 2.84 0.7 0.72 0.04 0.13 "#12" 13.67 0.09 6.79 46.1041 5 0 357.192 5 -1 5.54
"16" "Raiders D/ST" "0.41-13.35" 29.32 2.79 0.95 0.82 0.02 0.19 "#17" 13.35 0.41 6.47 41.8609 6 -1 382.464 5 -1 5.51
"10" "Cowboys D/ST" "0.40-12.50" 23.86 2.1 0.86 0.57 0.04 0.24 "#15" 12.5 0.4 6.05 36.6025 5 0 354.072 5 -1 5.48
"12" "Broncos D/ST" "0.28-13.38" 26.78 2.3 1.18 0.65 0.04 0.24 "#6" 13.38 0.28 6.55 42.9025 6 -1 369.256 5 -1 5.48
"11" "Jaguars D/ST" "0.07-13.35" 27.36 2.38 1.15 0.73 0.1 0.19 "#6" 13.35 0.07 6.64 44.0896 6 -1 372.272 5 -1 5.48
"2" "Patriots D/ST" "0.58-13.82" 26.82 2.71 0.99 0.65 0.08 0.22 "#29" 13.82 0.58 6.62 43.8244 6 -1 369.464 5 -1 5.47
"13" "Redskins D/ST" "3.65-10.47" 18.7 1.93 0.89 0.54 0.01 0.11 "#15" 10.47 3.65 3.41 11.6281 5 0 327.24 4 0 5.47
"6" "Raiders D/ST" "0.63-13.11" 28 2.56 0.76 1.09 0.06 0.18 "#9" 13.11 0.63 6.24 38.9376 6 -1 375.6 5 -1 5.46
"5" "Dolphins D/ST" "1.13-11.47" 25 1.94 0.98 0.65 0 0.21 "#21" 11.47 1.13 5.17 26.7289 5 0 360 5 -1 5.46
"8" "Jets D/ST" "0.18-12.64" 20.24 1.82 0.8 0.55 0.04 0.14 "#14" 12.64 0.18 6.23 38.8129 5 0 335.248 4 0 5.44
"15" "Buccaneers D/ST" "0.78-11.48" 26.14 2.15 0.83 0.69 0.02 0.2 "#16" 11.48 0.78 5.35 28.6225 5 0 365.928 5 -1 5.43
"1" "Falcons D/ST" "1.16-11.08" 26.37 2.22 0.78 0.7 0.08 0.18 "#15" 11.08 1.16 4.96 24.6016 5 0 367.124 5 -1 5.42
"17" "Giants D/ST" "-0.23-12.59" 25.51 1.9 0.98 0.52 0.04 0.24 "#22" 12.59 -0.23 6.41 41.0881 5 0 362.652 5 -1 5.42
"15" "Chargers D/ST" "-1.06-12.70" 32.55 2.65 1.28 0.65 0.09 0.12 "#1" 12.7 -1.06 6.88 47.3344 6 -1 399.26 5 -1 5.41
"4" "Bengals D/ST" "1.68-11.06" 25.87 2.44 0.71 0.71 0.08 0.16 "#8" 11.06 1.68 4.69 21.9961 5 0 364.524 5 -1 5.4
"11" "Bengals D/ST" "1.28-11.82" 24.53 2.08 1.1 0.62 0.02 0.14 "#16" 11.82 1.28 5.27 27.7729 5 0 357.556 5 -1 5.4
"12" "Giants D/ST" "0.73-11.97" 24.99 2.02 1.18 0.57 0 0.14 "#15" 11.97 0.73 5.62 31.5844 5 0 359.948 5 -1 5.36
"13" "Giants D/ST" "-1.01-13.93" 30.01 3.1 0.95 0.72 0.07 0.13 "#14" 13.93 -1.01 7.47 55.8009 6 -1 386.052 5 -1 5.36
"13" "Browns D/ST" "1.21-11.99" 20.48 2 0.92 0.43 0.02 0.1 "#12" 11.99 1.21 5.39 29.0521 5 0 336.496 4 0 5.34
"11" "Cowboys D/ST" "0.93-12.27" 29.5 2.36 1.07 0.85 0 0.19 "#8" 12.27 0.93 5.67 32.1489 6 -1 383.4 5 -1 5.34
"7" "Bills D/ST" "3.03-10.21" 17.84 1.59 0.74 0.49 0.03 0.2 "#7" 10.21 3.03 3.59 12.8881 5 0 322.768 4 0 5.31
"1" "Broncos D/ST" "0.45-12.99" 23.43 1.95 0.9 0.66 0.02 0.2 "#9" 12.99 0.45 6.27 39.3129 5 0 351.836 5 -1 5.31
"16" "Ravens D/ST" "-0.61-13.79" 28.05 2.29 1.11 0.56 0.12 0.24 "#3" 13.79 -0.61 7.2 51.84 6 -1 375.86 5 -1 5.31
"3" "Falcons D/ST" "-0.66-14.26" 28.17 2.32 1.07 0.79 0 0.21 "#2" 14.26 -0.66 7.46 55.6516 6 -1 376.484 5 -1 5.3
"3" "Titans D/ST" "0.74-11.98" 23.94 2.22 0.67 0.63 0.02 0.24 "#29" 11.98 0.74 5.62 31.5844 5 0 354.488 5 -1 5.3
"15" "Packers D/ST" "-0.08-12.74" 29.22 2.61 0.96 0.79 0.05 0.18 "#14" 12.74 -0.08 6.41 41.0881 6 -1 381.944 5 -1 5.29
"13" "Jaguars D/ST" "1.81-11.65" 27.03 2.14 1.12 0.81 0.04 0.2 "#7" 11.65 1.81 4.92 24.2064 6 -1 370.556 5 -1 5.28
"3" "Buccaneers D/ST" "-0.51-13.33" 30.28 2.72 0.82 0.95 0 0.17 "#6" 13.33 -0.51 6.92 47.8864 6 -1 387.456 5 -1 5.28
"14" "Colts D/ST" "1.26-12.04" 27.67 2.48 0.98 0.83 0.02 0.19 "#12" 12.04 1.26 5.39 29.0521 6 -1 373.884 5 -1 5.28
"16" "Falcons D/ST" "-0.30-13.12" 29.88 2.4 1.02 0.72 0.03 0.22 "#13" 13.12 -0.3 6.71 45.0241 6 -1 385.376 5 -1 5.26
"5" "Giants D/ST" "-1.21-14.13" 27.99 1.92 1.03 0.7 0.04 0.3 "#13" 14.13 -1.21 7.67 58.8289 6 -1 375.548 5 -1 5.26
"15" "Patriots D/ST" "0.92-13.10" 26.66 2.37 1.18 0.64 0.02 0.2 "#6" 13.1 0.92 6.09 37.0881 6 -1 368.632 5 -1 5.25
"9" "Lions D/ST" "0.93-12.25" 27.45 2.5 0.9 0.99 0 0.16 "#23" 12.25 0.93 5.66 32.0356 6 -1 372.74 5 -1 5.24
"17" "Packers D/ST" "0.78-11.92" 24.49 2.28 0.86 0.58 0 0.18 "#19" 11.92 0.78 5.57 31.0249 5 0 357.348 5 -1 5.24
"16" "Redskins D/ST" "-0.21-12.77" 26.11 2.02 0.98 0.48 0.02 0.21 "#18" 12.77 -0.21 6.49 42.1201 5 0 365.772 5 -1 5.24
"15" "Raiders D/ST" "0.42-12.78" 27.79 2.19 1.1 0.85 0 0.19 "#21" 12.78 0.42 6.18 38.1924 6 -1 374.508 5 -1 5.23
"5" "Redskins D/ST" "0.64-11.54" 30.29 2.19 1.11 0.63 0 0.26 "#2" 11.54 0.64 5.45 29.7025 6 -1 387.508 5 -1 5.23
"1" "Dolphins D/ST" "1.97-10.99" 23.48 2.2 0.8 0.72 0.06 0.14 "#18" 10.99 1.97 4.51 20.3401 5 0 352.096 5 -1 5.2
"13" "Bengals D/ST" "1.21-12.39" 28.76 2.42 0.94 0.74 0 0.23 "#17" 12.39 1.21 5.59 31.2481 6 -1 379.552 5 -1 5.16
"6" "Broncos D/ST" "-0.50-12.46" 31.72 2.7 1.07 0.74 0.03 0.13 "#4" 12.46 -0.5 6.48 41.9904 6 -1 394.944 5 -1 5.16
"8" "Dolphins D/ST" "0.75-12.09" 23.86 2.28 0.67 0.64 0.06 0.19 "#12" 12.09 0.75 5.67 32.1489 5 0 354.072 5 -1 5.16
"17" "Titans D/ST" "1.91-11.83" 26.75 2.04 0.92 0.74 0.06 0.28 "#7" 11.83 1.91 4.96 24.6016 6 -1 369.1 5 -1 5.16
"15" "Jets D/ST" "-0.15-12.47" 28.38 2.33 0.87 0.73 0 0.27 "#12" 12.47 -0.15 6.31 39.8161 6 -1 377.576 5 -1 5.15
"7" "Giants D/ST" "-0.64-13.08" 28.32 2.25 0.98 0.56 0.03 0.29 "#8" 13.08 -0.64 6.86 47.0596 6 -1 377.264 5 -1 5.13
"10" "Titans D/ST" "-1.34-12.96" 30.92 2.61 0.75 0.75 0.07 0.23 "#5" 12.96 -1.34 7.15 51.1225 6 -1 390.784 5 -1 5.13
"8" "Raiders D/ST" "0.40-12.14" 27.93 1.91 1.23 0.71 0.02 0.21 "#7" 12.14 0.4 5.87 34.4569 6 -1 375.236 5 -1 5.09
"2" "Steelers D/ST" "1.26-10.46" 26.26 2.06 0.92 0.48 0 0.2 "#1" 10.46 1.26 4.6 21.16 5 0 366.552 5 -1 5.06
"13" "Jets D/ST" "1.16-11.76" 23.64 2.25 0.77 0.53 0 0.2 "#18" 11.76 1.16 5.3 28.09 5 0 352.928 5 -1 5.05
"3" "Chargers D/ST" "-0.70-12.16" 29.72 2.46 1.07 0.59 0.03 0.2 "#4" 12.16 -0.7 6.43 41.3449 6 -1 384.544 5 -1 5.04
"7" "Saints D/ST" "-0.23-13.77" 27.33 2.32 0.93 0.8 0 0.21 "#16" 13.77 -0.23 7 49 6 -1 372.116 5 -1 5.04
"5" "Falcons D/ST" "0.62-11.54" 24.86 1.6 1.16 0.46 0.02 0.19 "#6" 11.54 0.62 5.46 29.8116 5 0 359.272 5 -1 5.02
"5" "Raiders D/ST" "-0.51-12.81" 29.31 2.27 1.07 0.88 0.03 0.13 "#3" 12.81 -0.51 6.66 44.3556 6 -1 382.412 5 -1 5.01
"14" "Ravens D/ST" "0.03-12.27" 29.1 2.15 1.02 0.61 0.02 0.26 "#1" 12.27 0.03 6.12 37.4544 6 -1 381.32 5 -1 5.01
"1" "Chiefs D/ST" "0.07-10.91" 25.49 1.76 0.84 0.7 0.04 0.18 "#3" 10.91 0.07 5.42 29.3764 5 0 362.548 5 -1 5
"15" "Steelers D/ST" "-0.61-12.55" 29.35 2.11 0.91 0.93 0.03 0.19 "#5" 12.55 -0.61 6.58 43.2964 6 -1 382.62 5 -1 4.99
"5" "Seahawks D/ST" "-0.88-12.54" 29.77 2.34 0.81 0.88 0.02 0.2 "#4" 12.54 -0.88 6.71 45.0241 6 -1 384.804 5 -1 4.96
"6" "Buccaneers D/ST" "0.47-11.67" 29.52 2.53 0.78 1.05 0.05 0.11 "#8" 11.67 0.47 5.6 31.36 6 -1 383.504 5 -1 4.95
"13" "Vikings D/ST" "0.92-11.48" 24.76 1.99 0.87 0.75 0 0.12 "#5" 11.48 0.92 5.28 27.8784 5 0 358.752 5 -1 4.95
"4" "Giants D/ST" "-0.22-12.40" 29.9 2.28 1.03 0.79 0.03 0.16 "#2" 12.4 -0.22 6.31 39.8161 6 -1 385.48 5 -1 4.94
"9" "Bills D/ST" "0.56-12.12" 23.64 2.14 0.83 0.72 0.04 0.1 "#14" 12.12 0.56 5.78 33.4084 5 0 352.928 5 -1 4.92
"6" "Cardinals D/ST" "1.65-10.55" 25.37 2.02 0.69 0.62 0.07 0.19 "#23" 10.55 1.65 4.45 19.8025 5 0 361.924 5 -1 4.92
"8" "Buccaneers D/ST" "0.03-11.95" 28.86 2.11 0.9 0.84 0.03 0.21 "#21" 11.95 0.03 5.96 35.5216 6 -1 380.072 5 -1 4.91
"10" "Browns D/ST" "-1.19-13.61" 27.91 2.09 1 0.62 0 0.26 "#8" 13.61 -1.19 7.4 54.76 6 -1 375.132 5 -1 4.89
"14" "Bears D/ST" "1.06-12.10" 27.62 2.72 0.73 0.76 0.02 0.19 "#4" 12.1 1.06 5.52 30.4704 6 -1 373.624 5 -1 4.88
"12" "Raiders D/ST" "-0.14-11.46" 30 3.02 0.82 0.7 0.08 0.11 "#16" 11.46 -0.14 5.8 33.64 6 -1 386 5 -1 4.88
"1" "Giants D/ST" "-0.32-12.30" 24.41 1.98 0.82 0.52 0 0.2 "#29" 12.3 -0.32 6.31 39.8161 5 0 356.932 5 -1 4.86
"12" "49ers D/ST" "0.27-12.53" 26.88 1.77 1.01 0.63 0 0.3 "#11" 12.53 0.27 6.13 37.5769 6 -1 369.776 5 -1 4.85
"11" "Buccaneers D/ST" "1.18-11.66" 26.56 1.99 0.8 0.68 0.04 0.3 "#20" 11.66 1.18 5.24 27.4576 6 -1 368.112 5 -1 4.83
"16" "Seahawks D/ST" "-1.52-13.90" 29.1 2.29 1.02 0.77 0.03 0.15 "#1" 13.9 -1.52 7.71 59.4441 6 -1 381.32 5 -1 4.83
"4" "49ers D/ST" "-0.87-11.75" 31.69 2.2 0.7 0.98 0.03 0.2 "#3" 11.75 -0.87 6.31 39.8161 6 -1 394.788 5 -1 4.82
"6" "49ers D/ST" "0.23-11.75" 28.16 2.08 1 0.59 0.09 0.23 "#10" 11.75 0.23 5.76 33.1776 6 -1 376.432 5 -1 4.82
"3" "Colts D/ST" "-0.33-12.61" 29.87 2.54 0.79 0.87 0.03 0.15 "#15" 12.61 -0.33 6.47 41.8609 6 -1 385.324 5 -1 4.82
"10" "Bengals D/ST" "-0.03-11.03" 30.81 2.71 0.84 0.72 0.03 0.15 "#2" 11.03 -0.03 5.53 30.5809 6 -1 390.212 5 -1 4.79
"4" "Dolphins D/ST" "0.85-10.97" 23.81 1.67 0.9 0.63 0.02 0.17 "#5" 10.97 0.85 5.06 25.6036 5 0 353.812 5 -1 4.79
"5" "Colts D/ST" "-0.27-11.21" 30.06 3.17 0.76 0.64 0.03 0.12 "#5" 11.21 -0.27 5.74 32.9476 6 -1 386.312 5 -1 4.75
"11" "Eagles D/ST" "-1.56-12.62" 31.13 3.05 0.82 0.73 0.03 0.09 "#2" 12.62 -1.56 7.09 50.2681 6 -1 391.876 5 -1 4.75
"12" "Jets D/ST" "0.10-10.54" 26.43 1.75 0.71 0.63 0 0.22 "#5" 10.54 0.1 5.22 27.2484 5 0 367.436 5 -1 4.75
"16" "Steelers D/ST" "-0.84-11.44" 30.94 2.36 0.9 0.84 0.03 0.14 "#2" 11.44 -0.84 6.14 37.6996 6 -1 390.888 5 -1 4.74
"7" "Bengals D/ST" "-1.32-12.56" 31.6 2.17 1.18 0.67 0 0.14 "#1" 12.56 -1.32 6.94 48.1636 6 -1 394.32 5 -1 4.71
"1" "Eagles D/ST" "0.95-10.81" 23.21 1.66 0.76 0.82 0.02 0.14 "#8" 10.81 0.95 4.93 24.3049 5 0 350.692 5 -1 4.7
"1" "Panthers D/ST" "-0.19-12.55" 23.37 1.9 0.86 0.58 0.04 0.14 "#22" 12.55 -0.19 6.37 40.5769 5 0 351.524 5 -1 4.7
"8" "Vikings D/ST" "-0.97-13.57" 28.4 2.06 0.96 0.82 0 0.18 "#2" 13.57 -0.97 7.27 52.8529 6 -1 377.68 5 -1 4.7
"8" "Broncos D/ST" "-0.25-11.29" 31.09 1.87 0.92 0.5 0 0.33 "#1" 11.29 -0.25 5.77 33.2929 6 -1 391.668 5 -1 4.69
"4" "Broncos D/ST" "-0.17-12.25" 27.92 2.34 0.83 0.71 0 0.21 "#1" 12.25 -0.17 6.21 38.5641 6 -1 375.184 5 -1 4.68
"2" "Panthers D/ST" "0.57-10.59" 25.48 2 0.7 0.74 0.04 0.12 "#8" 10.59 0.57 5.01 25.1001 5 0 362.496 5 -1 4.68
"4" "Vikings D/ST" "0.26-11.76" 27.16 2.3 0.95 0.83 0.05 0.12 "#4" 11.76 0.26 5.75 33.0625 6 -1 371.232 5 -1 4.68
"3" "49ers D/ST" "-0.92-12.08" 31.2 2.65 0.82 0.92 0 0.09 "#1" 12.08 -0.92 6.5 42.25 6 -1 392.24 5 -1 4.67
"12" "Dolphins D/ST" "-0.23-11.51" 30.43 2.45 0.8 0.67 0.02 0.2 "#7" 11.51 -0.23 5.87 34.4569 6 -1 388.236 5 -1 4.63
"9" "Packers D/ST" "-0.10-11.70" 27.87 2.57 0.63 0.87 0.03 0.16 "#5" 11.7 -0.1 5.9 34.81 6 -1 374.924 5 -1 4.59
"2" "Jaguars D/ST" "0.15-11.33" 27.61 2.02 1 0.7 0.04 0.18 "#5" 11.33 0.15 5.59 31.2481 6 -1 373.572 5 -1 4.58
"13" "49ers D/ST" "-0.49-11.79" 29.2 2.61 0.87 0.62 0.05 0.14 "#9" 11.79 -0.49 6.14 37.6996 6 -1 381.84 5 -1 4.53
"17" "Bengals D/ST" "0.55-12.23" 26.72 1.74 1.3 0.58 0.02 0.16 "#6" 12.23 0.55 5.84 34.1056 6 -1 368.944 5 -1 4.5
"9" "Browns D/ST" "-0.34-11.92" 28.54 2.27 0.85 0.73 0.05 0.16 "#1" 11.92 -0.34 6.13 37.5769 6 -1 378.408 5 -1 4.49
"17" "Colts D/ST" "1.40-8.70" 26.05 2.54 0.5 0.64 0.02 0.1 "#18" 8.7 1.4 3.65 13.3225 5 0 365.46 5 -1 4.46
"14" "Raiders D/ST" "-0.50-11.42" 28.66 2.03 1.18 0.67 0 0.12 "#6" 11.42 -0.5 5.96 35.5216 6 -1 379.032 5 -1 4.45
"12" "Cardinals D/ST" "-1.02-11.88" 29.93 2.62 0.83 0.59 0.05 0.14 "#3" 11.88 -1.02 6.45 41.6025 6 -1 385.636 5 -1 4.4
"8" "Bills D/ST" "-1.12-11.32" 30.37 2.57 0.79 0.65 0.08 0.13 "#5" 11.32 -1.12 6.22 38.6884 6 -1 387.924 5 -1 4.39
"16" "Buccaneers D/ST" "-0.57-12.53" 26.58 2.22 1 0.7 0.05 0.11 "#22" 12.53 -0.57 6.55 42.9025 6 -1 368.216 5 -1 4.38
"16" "Giants D/ST" "-0.14-11.78" 27.95 1.57 0.9 0.44 0.04 0.33 "#7" 11.78 -0.14 5.96 35.5216 6 -1 375.34 5 -1 4.31
"13" "Cowboys D/ST" "-1.74-12.88" 29.25 2.18 0.93 0.66 0 0.14 "#2" 12.88 -1.74 7.31 53.4361 6 -1 382.1 5 -1 4.2
"2" "Giants D/ST" "0.36-9.62" 25.4 2.1 0.78 0.4 0 0.12 "#22" 9.62 0.36 4.63 21.4369 5 0 362.08 5 -1 4.18
"13" "Cardinals D/ST" "0.53-11.27" 26.81 2.14 0.89 0.5 0.02 0.2 "#10" 11.27 0.53 5.37 28.8369 6 -1 369.412 5 -1 4.16
"10" "Seahawks D/ST" "-1.02-11.48" 28.32 2.72 0.88 0.65 0 0.06 "#4" 11.48 -1.02 6.25 39.0625 6 -1 377.264 5 -1 4.14
"2" "49ers D/ST" "0.12-8.82" 26.26 1.75 0.78 0.6 0 0.1 "#19" 8.82 0.12 4.35 18.9225 5 0 366.552 5 -1 4.11
"16" "Cardinals D/ST" "0.67-9.37" 30.54 1.9 0.87 0.58 0.02 0.21 "#4" 9.37 0.67 4.35 18.9225 6 -1 388.808 5 -1 4.1
"1" "Colts D/ST" "-0.42-9.68" 26.32 1.78 0.86 0.42 0.04 0.1 "#21" 9.68 -0.42 5.05 25.5025 5 0 366.864 5 -1 4.02
"3" "Lions D/ST" "-0.68-11.68" 27.95 1.78 0.93 0.77 0.03 0.13 "#5" 11.68 -0.68 6.18 38.1924 6 -1 375.34 5 -1 4.02
"11" "Rams D/ST" "-0.68-13.76" 33.69 2.3 1.08 0.74 0.03 0.33 "#1" 13.76 -0.68 7.22 52.1284 6 -1 405.188 6 -3 3.98
"2" "Packers D/ST" "0.43-10.53" 27.56 1.8 0.72 0.7 0.06 0.2 "#23" 10.53 0.43 5.05 25.5025 6 -1 373.312 5 -1 3.96
"2" "Bills D/ST" "0.65-9.45" 27.63 1.88 0.88 0.54 0.04 0.18 "#3" 9.45 0.65 4.4 19.36 6 -1 373.676 5 -1 3.88
"15" "Eagles D/ST" "-1.01-10.27" 30.77 2.01 0.83 0.59 0.02 0.15 "#4" 10.27 -1.01 5.64 31.8096 6 -1 390.004 5 -1 3.79
"6" "Chiefs D/ST" "-1.40-13.02" 34.44 2.25 0.96 0.8 0 0.33 "#5" 13.02 -1.4 7.21 51.9841 6 -1 409.088 6 -3 3.75
"17" "Falcons D/ST" "0.09-9.27" 28.72 1.87 0.88 0.56 0.02 0.16 "#11" 9.27 0.09 4.59 21.0681 6 -1 379.344 5 -1 3.75
"16" "Bills D/ST" "-0.63-11.03" 27.76 2.54 0.63 0.68 0.05 0.08 "#5" 11.03 -0.63 5.83 33.9889 6 -1 374.352 5 -1 3.74
"2" "Buccaneers D/ST" "-0.10-10.24" 27.35 1.98 0.72 0.64 0.04 0.16 "#15" 10.24 -0.1 5.17 26.7289 6 -1 372.22 5 -1 3.74
"10" "Cardinals D/ST" "-1.14-9.76" 30.89 2.49 0.65 0.76 0.03 0.06 "#1" 9.76 -1.14 5.45 29.7025 6 -1 390.628 5 -1 3.73
"3" "Bills D/ST" "-0.91-11.17" 27.26 1.98 0.72 0.79 0.04 0.1 "#23" 11.17 -0.91 6.04 36.4816 6 -1 371.752 5 -1 3.68
"10" "Dolphins D/ST" "-0.93-11.81" 26.61 2.08 0.75 0.49 0.02 0.18 "#10" 11.81 -0.93 6.37 40.5769 6 -1 368.372 5 -1 3.68
"17" "Buccaneers D/ST" "-1.28-10.24" 29.3 1.74 0.74 0.62 0.02 0.18 "#8" 10.24 -1.28 5.76 33.1776 6 -1 382.36 5 -1 3.58
"10" "Lions D/ST" "-0.25-12.17" 32.69 2.4 0.84 1.04 0.09 0.18 "#14" 12.17 -0.25 6.21 38.5641 6 -1 399.988 6 -3 3.42
"13" "Buccaneers D/ST" "-1.52-12.96" 32.64 3.07 0.74 0.97 0.04 0.12 "#13" 12.96 -1.52 7.24 52.4176 6 -1 399.728 6 -3 3.29
"17" "Broncos D/ST" "0.04-8.46" 29.97 2.16 0.68 0.58 0 0.1 "#3" 8.46 0.04 4.21 17.7241 6 -1 385.844 5 -1 3.28
"1" "Texans D/ST" "-1.11-9.47" 29.36 2.11 0.62 0.59 0.07 0.1 "#5" 9.47 -1.11 5.29 27.9841 6 -1 382.672 5 -1 3.27
"9" "Buccaneers D/ST" "-1.16-12.58" 33.71 2.8 0.66 0.96 0.06 0.18 "#13" 12.58 -1.16 6.87 47.1969 6 -1 405.292 6 -3 3.24
"17" "Jets D/ST" "-0.68-9.38" 28.38 1.64 0.68 0.64 0.02 0.14 "#5" 9.38 -0.68 5.03 25.3009 6 -1 377.576 5 -1 3.16
"15" "Chiefs D/ST" "-1.72-15.08" 37.42 2.05 1.2 0.72 0 0.54 "#3" 15.08 -1.72 8.4 70.56 7 -3 424.584 6 -3 3.13
"2" "Colts D/ST" "-0.31-8.83" 27.83 1.56 0.82 0.62 0 0.1 "#28" 8.83 -0.31 4.57 20.8849 6 -1 374.716 5 -1 3.04
"2" "Chiefs D/ST" "-1.05-8.65" 29.79 1.4 0.82 0.62 0.04 0.1 "#6" 8.65 -1.05 4.85 23.5225 6 -1 384.908 5 -1 2.96
"17" "Cardinals D/ST" "-0.07-8.15" 29.06 1.98 0.56 0.5 0 0.14 "#9" 8.15 -0.07 4.11 16.8921 6 -1 381.112 5 -1 2.94
"10" "Raiders D/ST" "-1.91-12.05" 33.91 2.06 0.84 0.94 0.03 0.21 "#3" 12.05 -1.91 6.98 48.7204 6 -1 406.332 6 -3 2.94
"17" "Lions D/ST" "-1.13-8.61" 30.44 1.9 0.68 0.36 0.02 0.14 "#10" 8.61 -1.13 4.87 23.7169 6 -1 388.288 5 -1 2.86
"1" "49ers D/ST" "-0.12-8.04" 28.39 1.66 0.64 0.68 0.02 0.08 "#23" 8.04 -0.12 4.08 16.6464 6 -1 377.628 5 -1 2.82
"1" "Buccaneers D/ST" "-1.98-8.48" 31.37 1.42 0.62 0.54 0.02 0.14 "#2" 8.48 -1.98 5.23 27.3529 6 -1 393.124 5 -1 2.62
"14" "Bengals D/ST" "0.18-9.14" 33.64 2.13 0.68 0.78 0.02 0.25 "#3" 9.14 0.18 4.48 20.0704 6 -1 404.928 6 -3 2.59
"7" "Titans D/ST" "-1.79-14.51" 35.26 3.01 0.91 0.98 0.07 0.27 "#3" 14.51 -1.79 8.15 66.4225 7 -3 413.352 6 -3 2.55
"9" "Saints D/ST" "-4.68-17.30" 34.6 3.47 1.04 1.19 0 0.05 "#4" 17.3 -4.68 10.99 120.7801 7 -3 409.92 6 -3 2.23
"1" "Browns D/ST" "-1.42-7.00" 32.24 1.4 0.48 0.56 0 0.1 "#6" 7 -1.42 4.21 17.7241 6 -1 397.648 5 -1 2.08
"1" "Raiders D/ST" "-0.79-7.99" 28.09 1.52 0.52 0.4 0 0.12 "#4" 7.99 -0.79 4.39 19.2721 6 -1 376.068 5 -1 2.08
"11" "Chiefs D/ST" "-1.96-13.16" 37.51 2.13 1.02 0.79 0 0.34 "#4" 13.16 -1.96 7.56 57.1536 7 -3 425.052 6 -3 1.79
"7" "49ers D/ST" "-2.90-14.08" 34.55 3.49 1.16 0.73 0.03 0.06 "#4" 14.08 -2.9 8.49 72.0801 7 -3 409.66 6 -3 1.69
"14" "Buccaneers D/ST" "-3.02-13.42" 37.3 2.52 0.89 0.96 0.09 0.21 "#2" 13.42 -3.02 8.22 67.5684 7 -3 423.96 6 -3 1.66
"14" "Dolphins D/ST" "-1.44-12.76" 35.65 2.37 0.93 1 0.06 0.21 "#5" 12.76 -1.44 7.1 50.41 7 -3 415.38 6 -3 1.61
"15" "Panthers D/ST" "-3.77-14.57" 35.6 2.85 0.92 0.96 0 0.16 "#2" 14.57 -3.77 9.17 84.0889 7 -3 415.12 6 -3 1.57
"8" "Packers D/ST" "-2.25-11.95" 35.35 2.79 0.85 0.73 0.03 0.16 "#4" 11.95 -2.25 7.1 50.41 7 -3 413.82 6 -3 0.97
"13" "Lions D/ST" "-3.02-12.10" 35.18 2.3 0.85 0.81 0.04 0.2 "#4" 12.1 -3.02 7.56 57.1536 7 -3 412.936 6 -3 0.9
"12" "Falcons D/ST" "-2.62-11.50" 35.07 2.02 0.8 0.86 0.06 0.18 "#2" 11.5 -2.62 7.06 49.8436 7 -3 412.364 6 -3 0.54
"17" "49ers D/ST" "-3.62-8.96" 33.68 1.82 0.58 0.36 0 0.12 "#4" 8.96 -3.62 6.29 39.5641 6 -1 405.136 6 -3 0.419999999999999
"13" "Raiders D/ST" "-3.26-11.64" 36.1 1.78 0.89 0.75 0.07 0.2 "#1" 11.64 -3.26 7.45 55.5025 7 -3 417.72 6 -3 0.4
"2" "Browns D/ST" "-2.64-6.62" 34.48 1.34 0.48 0.54 0 0.08 "#2" 6.62 -2.64 4.63 21.4369 6 -1 409.296 6 -3 -0.14
"17" "Panthers D/ST" "-1.99-5.41" 36.59 1.9 0.34 0.46 0 0.12 "#2" 5.41 -1.99 3.7 13.69 7 -3 420.268 6 -3 -1.78
"17" "Raiders D/ST" "-3.05-5.99" 35.96 1.18 0.54 0.42 0.02 0.12 "#1" 5.99 -3.05 4.52 20.4304 7 -3 416.992 6 -3 -2.14
