"Week" "Player" "range" "pts_all" "sacks" "INT" "fum" "SAF" "TD" "rnk" "max" "min" "std" "Var" "pts_all_grp" "pts_all_score" "yrds_est" "yrds_all_grp" "yrds_all_score" "Full_Proj"
"6" "Vikings D/ST" "6.44-18.70" 13.23 3 1.38 0.98 0.02 0.24 "#31" 18.7 6.44 6.13 37.5769 3 3 298.796 3 2 14.2
"3" "Vikings D/ST" "4.71-16.87" 12.51 2.32 0.89 0.71 0.05 0.32 "#32" 16.87 4.71 6.08 36.9664 3 3 295.052 3 2 12.54
"2" "Rams D/ST" "6.96-19.84" 15.35 3.54 1.5 0.92 0.04 0.42 "#31" 19.84 6.96 6.44 41.4736 4 1 309.82 4 0 11.98
"16" "Rams D/ST" "5.47-20.31" 14.74 3.05 1.51 0.88 0.04 0.36 "#31" 20.31 5.47 7.42 55.0564 4 1 306.648 4 0 11.07
"16" "Jaguars D/ST" "5.07-19.07" 15.27 2.9 1.28 0.86 0.06 0.44 "#15" 19.07 5.07 7 49 4 1 309.404 4 0 10.94
"1" "Ravens D/ST" "6.47-17.25" 16.72 3.11 1.56 0.66 0.1 0.35 "#32" 17.25 6.47 5.39 29.0521 4 1 316.944 4 0 10.85
"7" "Broncos D/ST" "5.71-18.05" 16.68 3.23 1.2 0.88 0.08 0.38 "#31" 18.05 5.71 6.17 38.0689 4 1 316.736 4 0 10.83
"5" "Ravens D/ST" "6.23-18.31" 15.02 2.96 1.38 0.82 0.12 0.36 "#27" 18.31 6.23 6.04 36.4816 4 1 308.104 4 0 10.76
"17" "Ravens D/ST" "6.23-18.31" 15.02 2.96 1.38 0.82 0.12 0.36 "#27" 18.31 6.23 6.04 36.4816 4 1 308.104 4 0 10.76
"1" "Jaguars D/ST" "5.18-19.26" 14.21 3.18 1.24 0.76 0.08 0.34 "#20" 19.26 5.18 7.04 49.5616 4 1 303.892 4 0 10.38
"12" "Jaguars D/ST" "5.16-18.72" 15.13 2.76 1.31 0.74 0.04 0.4 "#32" 18.72 5.16 6.78 45.9684 4 1 308.676 4 0 10.34
"10" "Jaguars D/ST" "5.64-17.50" 15.82 3.08 1.42 0.68 0.06 0.32 "#22" 17.5 5.64 5.93 35.1649 4 1 312.264 4 0 10.32
"13" "Jaguars D/ST" "5.64-17.50" 15.82 3.08 1.42 0.68 0.06 0.32 "#22" 17.5 5.64 5.93 35.1649 4 1 312.264 4 0 10.32
"5" "Broncos D/ST" "3.57-18.77" 16.94 2.88 1.12 1.04 0.04 0.32 "#28" 18.77 3.57 7.6 57.76 4 1 318.088 4 0 10.2
"11" "Vikings D/ST" "4.36-19.08" 14.77 2.54 1.46 0.76 0.08 0.3 "#24" 19.08 4.36 7.36 54.1696 4 1 306.804 4 0 9.94
"17" "Vikings D/ST" "4.36-19.08" 14.77 2.54 1.46 0.76 0.08 0.3 "#24" 19.08 4.36 7.36 54.1696 4 1 306.804 4 0 9.94
"17" "Seahawks D/ST" "5.07-17.09" 15.66 2.96 1.24 0.88 0.02 0.28 "#31" 17.09 5.07 6.01 36.1201 4 1 311.432 4 0 9.92
"14" "Jaguars D/ST" "5.20-17.66" 15.08 2.82 1.34 0.62 0.06 0.34 "#30" 17.66 5.2 6.23 38.8129 4 1 308.416 4 0 9.9
"13" "Packers D/ST" "4.32-18.30" 18.95 2.85 1.3 0.92 0.04 0.42 "#31" 18.3 4.32 6.99 48.8601 5 0 328.54 4 0 9.89
"12" "Ravens D/ST" "3.94-17.34" 17.16 2.7 1.34 0.8 0.04 0.3 "#14" 17.34 3.94 6.7 44.89 4 1 319.232 4 0 9.86
"13" "Rams D/ST" "3.97-18.09" 20.58 2.76 1.32 0.78 0.06 0.46 "#26" 18.09 3.97 7.06 49.8436 5 0 337.016 4 0 9.84
"6" "Rams D/ST" "3.34-17.90" 17.3 2.52 1.4 0.66 0.08 0.32 "#18" 17.9 3.34 7.28 52.9984 4 1 319.96 4 0 9.72
"6" "Ravens D/ST" "5.24-16.98" 15.71 2.88 1.32 0.64 0.06 0.3 "#30" 16.98 5.24 5.87 34.4569 4 1 311.692 4 0 9.72
"6" "Eagles D/ST" "4.19-17.43" 16.48 3.16 1.08 0.96 0.12 0.2 "#20" 17.43 4.19 6.62 43.8244 4 1 315.696 4 0 9.68
"12" "Eagles D/ST" "4.19-17.43" 16.48 3.16 1.08 0.96 0.12 0.2 "#20" 17.43 4.19 6.62 43.8244 4 1 315.696 4 0 9.68
"15" "Falcons D/ST" "3.80-16.92" 16.49 2.55 1.12 0.86 0.06 0.34 "#31" 16.92 3.8 6.56 43.0336 4 1 315.748 4 0 9.67
"1" "Vikings D/ST" "4.09-18.43" 15.49 2.9 1.18 0.72 0.04 0.3 "#13" 18.43 4.09 7.17 51.4089 4 1 310.548 4 0 9.58
"1" "Seahawks D/ST" "4.13-16.29" 16.34 3.02 1.16 0.72 0.02 0.26 "#18" 16.29 4.13 6.08 36.9664 4 1 314.968 4 0 9.38
"12" "Vikings D/ST" "3.72-16.88" 17.02 2.66 1.26 0.74 0.02 0.26 "#23" 16.88 3.72 6.58 43.2964 4 1 318.504 4 0 9.26
"5" "49ers D/ST" "3.50-16.10" 21.87 2.75 0.98 0.98 0.02 0.4 "#31" 16.1 3.5 6.3 39.69 5 0 343.724 4 0 9.11
"8" "49ers D/ST" "3.50-16.10" 21.87 2.75 0.98 0.98 0.02 0.4 "#31" 16.1 3.5 6.3 39.69 5 0 343.724 4 0 9.11
"8" "Redskins D/ST" "4.10-17.36" 18.66 2.52 1.6 0.78 0.06 0.28 "#20" 17.36 4.1 6.63 43.9569 5 0 327.032 4 0 9.08
"14" "Redskins D/ST" "4.10-17.36" 18.66 2.52 1.6 0.78 0.06 0.28 "#20" 17.36 4.1 6.63 43.9569 5 0 327.032 4 0 9.08
"1" "Redskins D/ST" "4.97-16.75" 17.6 2.79 1.46 0.53 0.02 0.37 "#31" 16.75 4.97 5.89 34.6921 5 0 321.52 4 0 9.03
"11" "Seahawks D/ST" "4.00-15.40" 20.43 2.86 1.58 0.7 0.02 0.26 "#23" 15.4 4 5.7 32.49 5 0 336.236 4 0 9.02
"12" "Chargers D/ST" "5.00-15.74" 14.68 2.44 1.27 0.68 0.04 0.26 "#31" 15.74 5 5.37 28.8369 4 1 306.336 4 0 8.98
"8" "Bears D/ST" "3.17-16.63" 16.58 2.92 0.96 0.92 0.02 0.2 "#28" 16.63 3.17 6.73 45.2929 4 1 316.216 4 0 8.92
"14" "Lions D/ST" "5.07-14.77" 16.58 2.55 1.42 0.64 0.02 0.2 "#31" 14.77 5.07 4.85 23.5225 4 1 316.216 4 0 8.91
"2" "Seahawks D/ST" "3.37-15.73" 16.85 3.1 1.16 0.8 0.02 0.14 "#24" 15.73 3.37 6.18 38.1924 4 1 317.62 4 0 8.9
"15" "Broncos D/ST" "4.21-16.65" 17.69 2.61 1.34 0.94 0.02 0.28 "#27" 16.65 4.21 6.22 38.6884 5 0 321.988 4 0 8.89
"15" "Browns D/ST" "3.82-17.12" 18.79 2.92 1.2 0.9 0.1 0.26 "#18" 17.12 3.82 6.65 44.2225 5 0 327.708 4 0 8.88
"13" "Dolphins D/ST" "3.14-16.30" 16.55 2.94 0.98 0.92 0.08 0.16 "#32" 16.3 3.14 6.58 43.2964 4 1 316.06 4 0 8.86
"17" "Dolphins D/ST" "3.14-16.30" 16.55 2.94 0.98 0.92 0.08 0.16 "#32" 16.3 3.14 6.58 43.2964 4 1 316.06 4 0 8.86
"4" "Packers D/ST" "1.59-16.73" 22.29 2.89 1.11 0.91 0.08 0.29 "#32" 16.73 1.59 7.57 57.3049 5 0 345.908 4 0 8.83
"2" "Texans D/ST" "2.99-16.23" 22.84 3.42 1.22 1.08 0.04 0.12 "#30" 16.23 2.99 6.62 43.8244 5 0 348.768 4 0 8.82
"2" "Broncos D/ST" "2.66-15.96" 21.88 2.86 1.08 0.66 0.06 0.38 "#14" 15.96 2.66 6.65 44.2225 5 0 343.776 4 0 8.74
"7" "Redskins D/ST" "1.71-16.35" 22.53 2.52 1.45 0.7 0.04 0.3 "#29" 16.35 1.71 7.32 53.5824 5 0 347.156 4 0 8.7
"12" "Redskins D/ST" "1.71-16.35" 22.53 2.52 1.45 0.7 0.04 0.3 "#29" 16.35 1.71 7.32 53.5824 5 0 347.156 4 0 8.7
"2" "Chargers D/ST" "1.37-17.85" 19.46 2.77 1.42 0.88 0.09 0.19 "#32" 17.85 1.37 8.24 67.8976 5 0 331.192 4 0 8.69
"7" "Jaguars D/ST" "4.09-14.99" 16.76 2.93 1.16 0.6 0.02 0.2 "#17" 14.99 4.09 5.45 29.7025 4 1 317.152 4 0 8.69
"17" "Jaguars D/ST" "4.09-14.99" 16.76 2.93 1.16 0.6 0.02 0.2 "#17" 14.99 4.09 5.45 29.7025 4 1 317.152 4 0 8.69
"14" "Panthers D/ST" "3.66-15.54" 21.18 2.6 0.98 0.8 0.06 0.4 "#27" 15.54 3.66 5.94 35.2836 5 0 340.136 4 0 8.68
"9" "Bears D/ST" "3.57-16.61" 14.89 2.61 1.02 0.82 0.02 0.22 "#32" 16.61 3.57 6.52 42.5104 4 1 307.428 4 0 8.65
"2" "Saints D/ST" "3.61-15.35" 17.02 2.27 1.17 0.68 0.02 0.27 "#27" 15.35 3.61 5.87 34.4569 4 1 318.504 4 0 8.63
"6" "Seahawks D/ST" "4.31-15.95" 18.69 2.74 1.46 0.72 0.04 0.24 "#14" 15.95 4.31 5.82 33.8724 5 0 327.188 4 0 8.62
"10" "Chiefs D/ST" "3.91-15.25" 20.24 2.73 1.16 0.88 0 0.3 "#31" 15.25 3.91 5.67 32.1489 5 0 335.248 4 0 8.61
"11" "Ravens D/ST" "3.43-16.75" 18.09 2.66 1.2 0.8 0.06 0.3 "#7" 16.75 3.43 6.66 44.3556 5 0 324.068 4 0 8.58
"3" "Jaguars D/ST" "5.28-14.44" 15.14 2.57 1.17 0.49 0.03 0.27 "#30" 14.44 5.28 4.58 20.9764 4 1 308.728 4 0 8.57
"5" "Bengals D/ST" "4.23-15.57" 18.32 2.4 1.34 0.92 0.04 0.26 "#15" 15.57 4.23 5.67 32.1489 5 0 325.264 4 0 8.56
"15" "Bills D/ST" "3.83-15.09" 20.39 2.52 1.24 0.98 0.02 0.26 "#26" 15.09 3.83 5.63 31.6969 5 0 336.028 4 0 8.56
"15" "Vikings D/ST" "3.44-16.80" 18.32 2.63 0.96 0.96 0.08 0.32 "#15" 16.8 3.44 6.68 44.6224 5 0 325.264 4 0 8.55
"2" "Lions D/ST" "2.72-15.64" 21.36 2.12 1.4 0.68 0.04 0.36 "#13" 15.64 2.72 6.46 41.7316 5 0 341.072 4 0 8.52
"13" "Bills D/ST" "4.69-15.17" 17.72 2.56 1.26 0.94 0.04 0.24 "#15" 15.17 4.69 5.24 27.4576 5 0 322.144 4 0 8.48
"17" "Bills D/ST" "4.69-15.17" 17.72 2.56 1.26 0.94 0.04 0.24 "#15" 15.17 4.69 5.24 27.4576 5 0 322.144 4 0 8.48
"8" "Seahawks D/ST" "4.58-15.30" 17.97 2.73 1.38 0.78 0.04 0.22 "#26" 15.3 4.58 5.36 28.7296 5 0 323.444 4 0 8.45
"12" "Browns D/ST" "1.75-17.17" 19.96 2.44 1.1 0.78 0.04 0.36 "#7" 17.17 1.75 7.71 59.4441 5 0 333.792 4 0 8.44
"16" "Browns D/ST" "1.75-17.17" 19.96 2.44 1.1 0.78 0.04 0.36 "#7" 17.17 1.75 7.71 59.4441 5 0 333.792 4 0 8.44
"5" "Lions D/ST" "3.44-14.84" 22.77 2.51 1.2 0.64 0.04 0.36 "#23" 14.84 3.44 5.7 32.49 5 0 348.404 4 0 8.43
"17" "Lions D/ST" "3.44-14.84" 22.77 2.51 1.2 0.64 0.04 0.36 "#23" 14.84 3.44 5.7 32.49 5 0 348.404 4 0 8.43
"15" "Titans D/ST" "2.15-16.95" 18.37 2.97 0.96 0.74 0.04 0.32 "#20" 16.95 2.15 7.4 54.76 5 0 325.524 4 0 8.37
"2" "Jets D/ST" "4.33-14.41" 15.78 2.58 1.1 0.72 0.02 0.18 "#15" 14.41 4.33 5.04 25.4016 4 1 312.056 4 0 8.34
"5" "Panthers D/ST" "4.49-14.95" 18.84 2.9 1.34 0.68 0.04 0.22 "#20" 14.95 4.49 5.23 27.3529 5 0 327.968 4 0 8.34
"8" "Patriots D/ST" "2.75-15.41" 21.67 2.18 1.22 0.86 0.04 0.32 "#32" 15.41 2.75 6.33 40.0689 5 0 342.684 4 0 8.34
"16" "Patriots D/ST" "2.75-15.41" 21.67 2.18 1.22 0.86 0.04 0.32 "#32" 15.41 2.75 6.33 40.0689 5 0 342.684 4 0 8.34
"13" "Seahawks D/ST" "3.76-14.82" 20.17 2.96 1.44 0.52 0 0.24 "#13" 14.82 3.76 5.53 30.5809 5 0 334.884 4 0 8.32
"15" "Seahawks D/ST" "3.76-14.82" 20.17 2.96 1.44 0.52 0 0.24 "#13" 14.82 3.76 5.53 30.5809 5 0 334.884 4 0 8.32
"2" "Redskins D/ST" "2.66-14.82" 21.72 2.12 1.36 0.7 0.04 0.32 "#22" 14.82 2.66 6.08 36.9664 5 0 342.944 4 0 8.24
"3" "Bears D/ST" "3.72-14.46" 16.01 2.44 1.09 0.49 0.02 0.26 "#31" 14.46 3.72 5.37 28.8369 4 1 313.252 4 0 8.2
"4" "Jaguars D/ST" "4.06-14.64" 15.29 2.48 1.06 0.61 0.02 0.22 "#28" 14.64 4.06 5.29 27.9841 4 1 309.508 4 0 8.18
"14" "Vikings D/ST" "2.76-16.40" 19.26 2.77 0.96 0.98 0.04 0.24 "#25" 16.4 2.76 6.82 46.5124 5 0 330.152 4 0 8.17
"16" "Jets D/ST" "4.10-15.60" 18.83 2.84 1.36 0.72 0.04 0.18 "#23" 15.6 4.1 5.75 33.0625 5 0 327.916 4 0 8.16
"2" "Vikings D/ST" "2.99-16.13" 18.67 2.35 1.34 0.8 0.04 0.24 "#23" 16.13 2.99 6.57 43.1649 5 0 327.084 4 0 8.15
"1" "Steelers D/ST" "3.28-16.28" 18.21 2.46 1.16 0.82 0.02 0.28 "#27" 16.28 3.28 6.5 42.25 5 0 324.692 4 0 8.14
"6" "Jets D/ST" "3.33-15.35" 18.56 2.89 1.14 0.8 0.06 0.2 "#22" 15.35 3.33 6.01 36.1201 5 0 326.512 4 0 8.09
"1" "Rams D/ST" "3.44-15.00" 20.04 2.72 1.18 0.8 0.04 0.22 "#14" 15 3.44 5.78 33.4084 5 0 334.208 4 0 8.08
"5" "Patriots D/ST" "2.55-15.51" 24.17 2.62 1.34 0.82 0.04 0.34 "#22" 15.51 2.55 6.48 41.9904 5 0 355.684 5 -1 8.06
"5" "Jets D/ST" "3.20-14.90" 20.11 2.97 1.14 0.84 0.02 0.18 "#18" 14.9 3.2 5.85 34.2225 5 0 334.572 4 0 8.05
"13" "Broncos D/ST" "3.39-15.09" 19.2 2.64 1 0.84 0.02 0.28 "#7" 15.09 3.39 5.85 34.2225 5 0 329.84 4 0 8.04
"3" "Texans D/ST" "2.57-14.63" 22.06 2.56 0.95 0.79 0.04 0.32 "#20" 14.63 2.57 6.03 36.3609 5 0 344.712 4 0 8.04
"14" "Seahawks D/ST" "3.07-14.81" 20.66 2.34 1.28 0.78 0.06 0.24 "#16" 14.81 3.07 5.87 34.4569 5 0 337.432 4 0 8.02
"5" "Titans D/ST" "3.38-15.86" 18.28 2.5 0.96 1 0.02 0.26 "#32" 15.86 3.38 6.24 38.9376 5 0 325.056 4 0 8.02
"12" "Bengals D/ST" "3.62-15.14" 18.68 2.45 1.18 0.74 0.02 0.28 "#27" 15.14 3.62 5.76 33.1776 5 0 327.136 4 0 8.01
"16" "Bengals D/ST" "3.62-15.14" 18.68 2.45 1.18 0.74 0.02 0.28 "#27" 15.14 3.62 5.76 33.1776 5 0 327.136 4 0 8.01
"1" "Jets D/ST" "0.99-16.83" 21.84 2.3 1.09 0.8 0 0.32 "#26" 16.83 0.99 7.92 62.7264 5 0 343.568 4 0 8
"13" "Bears D/ST" "3.37-16.13" 17.66 2.99 0.98 0.74 0.12 0.22 "#20" 16.13 3.37 6.38 40.7044 5 0 321.832 4 0 7.99
"1" "Saints D/ST" "2.89-14.39" 22.48 2.3 1.02 0.94 0.04 0.28 "#4" 14.39 2.89 5.75 33.0625 5 0 346.896 4 0 7.98
"16" "Eagles D/ST" "2.05-16.07" 19.95 2.4 1.06 0.74 0.02 0.32 "#17" 16.07 2.05 7.01 49.1401 5 0 333.74 4 0 7.96
"9" "Jets D/ST" "3.41-14.43" 16.2 2.6 0.94 0.62 0.02 0.2 "#15" 14.43 3.41 5.51 30.3601 4 1 314.24 4 0 7.96
"7" "Saints D/ST" "2.44-15.08" 21.06 2.2 1.18 0.66 0.02 0.34 "#11" 15.08 2.44 6.32 39.9424 5 0 339.512 4 0 7.96
"6" "Dolphins D/ST" "1.56-16.88" 19.63 2.29 1.18 0.92 0.06 0.22 "#24" 16.88 1.56 7.66 58.6756 5 0 332.076 4 0 7.93
"8" "Jets D/ST" "2.53-15.05" 20.66 2.85 1.04 0.92 0.04 0.18 "#24" 15.05 2.53 6.26 39.1876 5 0 337.432 4 0 7.93
"10" "Jets D/ST" "3.79-14.61" 18.73 3.23 0.88 0.86 0.06 0.18 "#32" 14.61 3.79 5.41 29.2681 5 0 327.396 4 0 7.91
"14" "Jets D/ST" "3.79-14.61" 18.73 3.23 0.88 0.86 0.06 0.18 "#32" 14.61 3.79 5.41 29.2681 5 0 327.396 4 0 7.91
"14" "Broncos D/ST" "1.94-16.24" 20.13 2.78 1 0.74 0.04 0.26 "#13" 16.24 1.94 7.15 51.1225 5 0 334.676 4 0 7.9
"2" "Bears D/ST" "1.92-16.08" 19.47 2.38 1 0.78 0.06 0.3 "#25" 16.08 1.92 7.08 50.1264 5 0 331.244 4 0 7.86
"7" "Cardinals D/ST" "3.68-15.44" 18.07 2.52 1.16 0.94 0.02 0.18 "#18" 15.44 3.68 5.88 34.5744 5 0 323.964 4 0 7.84
"13" "Eagles D/ST" "2.35-15.49" 20.91 2.72 1.02 0.7 0 0.28 "#10" 15.49 2.35 6.57 43.1649 5 0 338.732 4 0 7.84
"17" "Eagles D/ST" "2.35-15.49" 20.91 2.72 1.02 0.7 0 0.28 "#10" 15.49 2.35 6.57 43.1649 5 0 338.732 4 0 7.84
"11" "Panthers D/ST" "4.30-14.40" 18.57 3.02 1.06 0.76 0.04 0.18 "#26" 14.4 4.3 5.05 25.5025 5 0 326.564 4 0 7.82
"11" "Titans D/ST" "3.09-14.23" 20.3 2.86 1.08 0.72 0.02 0.22 "#22" 14.23 3.09 5.57 31.0249 5 0 335.56 4 0 7.82
"17" "Titans D/ST" "3.09-14.23" 20.3 2.86 1.08 0.72 0.02 0.22 "#22" 14.23 3.09 5.57 31.0249 5 0 335.56 4 0 7.82
"13" "Titans D/ST" "3.48-14.30" 18.98 2.68 0.92 0.78 0.02 0.28 "#28" 14.3 3.48 5.41 29.2681 5 0 328.696 4 0 7.8
"5" "Rams D/ST" "3.51-15.07" 18.63 2.08 1.14 0.98 0.02 0.24 "#25" 15.07 3.51 5.78 33.4084 5 0 326.876 4 0 7.8
"10" "Rams D/ST" "3.51-15.07" 18.63 2.08 1.14 0.98 0.02 0.24 "#25" 15.07 3.51 5.78 33.4084 5 0 326.876 4 0 7.8
"13" "Jets D/ST" "2.68-14.88" 20.37 2.83 0.92 0.9 0.06 0.2 "#30" 14.88 2.68 6.1 37.21 5 0 335.924 4 0 7.79
"8" "Rams D/ST" "4.51-13.89" 18.26 2.78 1.1 0.72 0.08 0.2 "#23" 13.89 4.51 4.69 21.9961 5 0 324.952 4 0 7.78
"14" "Rams D/ST" "2.63-16.25" 17.93 2.26 1.32 0.58 0.08 0.26 "#24" 16.25 2.63 6.81 46.3761 5 0 323.236 4 0 7.78
"11" "Raiders D/ST" "4.20-12.92" 20.91 2.32 0.92 0.74 0.04 0.34 "#31" 12.92 4.2 4.36 19.0096 5 0 338.732 4 0 7.76
"4" "Chargers D/ST" "1.55-16.57" 24.07 3.13 1.3 0.79 0.03 0.23 "#13" 16.57 1.55 7.51 56.4001 5 0 355.164 5 -1 7.75
"4" "Rams D/ST" "1.25-15.17" 22.92 2.48 1.18 0.62 0.02 0.27 "#16" 15.17 1.25 6.96 48.4416 5 0 349.184 4 0 7.74
"17" "Cowboys D/ST" "1.38-15.28" 21.62 1.94 1.36 0.68 0 0.28 "#20" 15.28 1.38 6.95 48.3025 5 0 342.424 4 0 7.7
"15" "Cowboys D/ST" "1.92-14.70" 21.46 1.92 1.28 0.64 0.06 0.3 "#22" 14.7 1.92 6.39 40.8321 5 0 341.592 4 0 7.68
"7" "Dolphins D/ST" "1.66-17.02" 18.34 2.56 0.94 0.72 0 0.3 "#26" 17.02 1.66 7.68 58.9824 5 0 325.368 4 0 7.68
"15" "Bears D/ST" "3.78-14.60" 18.23 2.54 1.26 0.64 0.06 0.2 "#23" 14.6 3.78 5.41 29.2681 5 0 324.796 4 0 7.66
"8" "Panthers D/ST" "2.51-13.47" 22.32 2.74 0.78 0.72 0.06 0.3 "#11" 13.47 2.51 5.48 30.0304 5 0 346.064 4 0 7.66
"12" "Dolphins D/ST" "1.83-16.21" 19.49 2.24 1.28 0.74 0.06 0.2 "#22" 16.21 1.83 7.19 51.6961 5 0 331.348 4 0 7.6
"2" "Bengals D/ST" "2.91-14.19" 19.99 2.4 1.14 0.66 0.02 0.26 "#11" 14.19 2.91 5.64 31.8096 5 0 333.948 4 0 7.6
"4" "Seahawks D/ST" "4.31-13.03" 15.66 2.15 0.9 0.64 0.02 0.22 "#31" 13.03 4.31 4.36 19.0096 4 1 311.432 4 0 7.59
"1" "Titans D/ST" "3.59-14.83" 17.91 2.76 0.86 0.78 0.04 0.24 "#15" 14.83 3.59 5.62 31.5844 5 0 323.132 4 0 7.56
"1" "Patriots D/ST" "2.39-13.99" 21.84 2.42 1.12 0.7 0.02 0.24 "#17" 13.99 2.39 5.8 33.64 5 0 343.568 4 0 7.54
"9" "Vikings D/ST" "3.60-15.30" 17.89 2.74 1.14 0.7 0.08 0.16 "#26" 15.3 3.6 5.85 34.2225 5 0 323.028 4 0 7.54
"16" "Vikings D/ST" "3.60-15.30" 17.89 2.74 1.14 0.7 0.08 0.16 "#26" 15.3 3.6 5.85 34.2225 5 0 323.028 4 0 7.54
"3" "Chiefs D/ST" "1.66-13.94" 22.72 2.41 1.07 0.66 0.04 0.26 "#13" 13.94 1.66 6.14 37.6996 5 0 348.144 4 0 7.51
"6" "Bears D/ST" "2.92-14.76" 18.41 2.9 0.94 0.72 0.04 0.2 "#15" 14.76 2.92 5.92 35.0464 5 0 325.732 4 0 7.5
"13" "Cardinals D/ST" "3.48-14.88" 18.81 2.74 1.1 0.7 0.04 0.18 "#23" 14.88 3.48 5.7 32.49 5 0 327.812 4 0 7.5
"7" "Buccaneers D/ST" "2.27-14.51" 20.51 2.51 1.08 0.66 0.02 0.24 "#27" 14.51 2.27 6.12 37.4544 5 0 336.652 4 0 7.47
"16" "Redskins D/ST" "1.33-14.69" 21.8 2.26 1.32 0.44 0.06 0.26 "#30" 14.69 1.33 6.68 44.6224 5 0 343.36 4 0 7.46
"13" "Giants D/ST" "1.58-14.30" 21.78 2.2 1.06 0.64 0.02 0.3 "#24" 14.3 1.58 6.36 40.4496 5 0 343.256 4 0 7.44
"12" "Panthers D/ST" "3.23-13.51" 20.21 2.56 0.9 0.9 0.04 0.2 "#25" 13.51 3.23 5.14 26.4196 5 0 335.092 4 0 7.44
"7" "Patriots D/ST" "1.75-15.21" 23.77 2.26 1.31 0.82 0.06 0.3 "#24" 15.21 1.75 6.73 45.2929 5 0 353.604 5 -1 7.44
"10" "Bills D/ST" "1.79-13.71" 22.53 1.86 0.92 0.88 0.02 0.32 "#28" 13.71 1.79 5.96 35.5216 5 0 347.156 4 0 7.42
"14" "Bills D/ST" "1.79-13.71" 22.53 1.86 0.92 0.88 0.02 0.32 "#28" 13.71 1.79 5.96 35.5216 5 0 347.156 4 0 7.42
"10" "Dolphins D/ST" "3.08-15.18" 19 2.34 1 0.68 0.08 0.26 "#23" 15.18 3.08 6.05 36.6025 5 0 328.8 4 0 7.42
"15" "Giants D/ST" "2.18-14.30" 20.71 2.18 1.04 0.66 0.02 0.3 "#30" 14.3 2.18 6.06 36.7236 5 0 337.692 4 0 7.42
"10" "Falcons D/ST" "2.83-13.95" 19.37 2.37 1.16 0.68 0.08 0.2 "#27" 13.95 2.83 5.56 30.9136 5 0 330.724 4 0 7.41
"13" "Vikings D/ST" "2.39-13.37" 22.15 2.08 0.98 1 0.02 0.22 "#21" 13.37 2.39 5.49 30.1401 5 0 345.18 4 0 7.4
"15" "Jaguars D/ST" "2.96-14.62" 19.23 2.42 1.02 0.78 0.02 0.22 "#10" 14.62 2.96 5.83 33.9889 5 0 329.996 4 0 7.38
"6" "Jaguars D/ST" "3.03-15.51" 18.31 2.76 1.14 0.64 0.04 0.16 "#29" 15.51 3.03 6.24 38.9376 5 0 325.212 4 0 7.36
"11" "Bengals D/ST" "1.74-14.48" 21.06 2.22 1 0.7 0.02 0.28 "#11" 14.48 1.74 6.37 40.5769 5 0 339.512 4 0 7.34
"7" "Lions D/ST" "2.93-13.51" 19.68 2.14 1.16 0.92 0.04 0.16 "#15" 13.51 2.93 5.29 27.9841 5 0 332.336 4 0 7.34
"14" "Cardinals D/ST" "2.89-15.21" 17.81 2.4 0.92 0.82 0 0.24 "#26" 15.21 2.89 6.16 37.9456 5 0 322.612 4 0 7.32
"3" "Panthers D/ST" "2.08-14.36" 20.15 2.03 1 0.72 0.05 0.29 "#7" 14.36 2.08 6.14 37.6996 5 0 334.78 4 0 7.31
"2" "Raiders D/ST" "1.81-13.99" 20.89 2.5 0.86 0.7 0 0.28 "#18" 13.99 1.81 6.09 37.0881 5 0 338.628 4 0 7.3
"9" "Bills D/ST" "2.34-13.38" 21.42 2.18 0.94 0.68 0.02 0.3 "#24" 13.38 2.34 5.52 30.4704 5 0 341.384 4 0 7.26
"6" "Panthers D/ST" "2.59-12.55" 22.27 2.08 0.94 0.72 0.02 0.3 "#10" 12.55 2.59 4.98 24.8004 5 0 345.804 4 0 7.24
"12" "Patriots D/ST" "2.01-14.79" 23.55 2.46 1.18 0.82 0.04 0.28 "#28" 14.79 2.01 6.39 40.8321 5 0 352.46 5 -1 7.22
"17" "Patriots D/ST" "2.01-14.79" 23.55 2.46 1.18 0.82 0.04 0.28 "#28" 14.79 2.01 6.39 40.8321 5 0 352.46 5 -1 7.22
"16" "Broncos D/ST" "2.78-13.82" 19.37 2.16 0.84 0.7 0.02 0.32 "#14" 13.82 2.78 5.52 30.4704 5 0 330.724 4 0 7.2
"9" "Cowboys D/ST" "2.24-14.32" 20.23 2.12 1.04 0.68 0.04 0.26 "#30" 14.32 2.24 6.04 36.4816 5 0 335.196 4 0 7.2
"13" "Texans D/ST" "2.16-13.44" 21.61 2.66 0.85 0.74 0.02 0.22 "#27" 13.44 2.16 5.64 31.8096 5 0 342.372 4 0 7.2
"3" "Browns D/ST" "2.86-13.58" 20.76 2.78 0.77 0.73 0.02 0.23 "#28" 13.58 2.86 5.36 28.7296 5 0 337.952 4 0 7.2
"10" "Bears D/ST" "2.19-14.03" 21.11 2.78 0.88 0.74 0.04 0.18 "#26" 14.03 2.19 5.92 35.0464 5 0 339.772 4 0 7.18
"12" "Bears D/ST" "2.19-14.03" 21.11 2.78 0.88 0.74 0.04 0.18 "#26" 14.03 2.19 5.92 35.0464 5 0 339.772 4 0 7.18
"2" "Cowboys D/ST" "1.69-14.73" 20.48 2.27 1.34 0.72 0.02 0.12 "#20" 14.73 1.69 6.52 42.5104 5 0 336.496 4 0 7.15
"2" "Eagles D/ST" "1.88-15.58" 18.59 2.42 1 0.78 0.04 0.18 "#4" 15.58 1.88 6.85 46.9225 5 0 326.668 4 0 7.14
"4" "Raiders D/ST" "1.76-14.26" 25.62 3.39 1.03 0.72 0.11 0.17 "#27" 14.26 1.76 6.25 39.0625 5 0 363.224 5 -1 7.13
"13" "Bengals D/ST" "2.44-14.04" 19.61 2.12 1.06 0.68 0.04 0.24 "#18" 14.04 2.44 5.8 33.64 5 0 331.972 4 0 7.12
"5" "Bills D/ST" "2.12-13.78" 20.68 1.96 0.94 0.8 0 0.28 "#30" 13.78 2.12 5.83 33.9889 5 0 337.536 4 0 7.12
"9" "Chargers D/ST" "1.73-13.57" 22.26 2.52 0.76 0.76 0 0.26 "#25" 13.57 1.73 5.92 35.0464 5 0 345.752 4 0 7.12
"14" "Chargers D/ST" "1.37-13.65" 22.51 2.28 0.94 0.7 0 0.26 "#7" 13.65 1.37 6.14 37.6996 5 0 347.052 4 0 7.12
"5" "Cardinals D/ST" "3.44-13.58" 18.59 2.59 1.18 0.66 0.04 0.12 "#13" 13.58 3.44 5.07 25.7049 5 0 326.668 4 0 7.07
"8" "Cardinals D/ST" "3.44-13.58" 18.59 2.59 1.18 0.66 0.04 0.12 "#13" 13.58 3.44 5.07 25.7049 5 0 326.668 4 0 7.07
"6" "Chargers D/ST" "3.12-14.22" 18.27 2.29 1.16 0.66 0.02 0.18 "#27" 14.22 3.12 5.55 30.8025 5 0 325.004 4 0 7.05
"7" "Falcons D/ST" "1.69-13.27" 22.16 2.25 0.96 0.7 0.02 0.24 "#20" 13.27 1.69 5.79 33.5241 5 0 345.232 4 0 7.05
"12" "Steelers D/ST" "3.47-13.43" 19.71 2.44 1.1 0.62 0.04 0.18 "#18" 13.43 3.47 4.98 24.8004 5 0 332.492 4 0 7.04
"3" "Ravens D/ST" "4.17-13.25" 13.94 1.93 0.96 0.39 0.04 0.22 "#18" 13.25 4.17 4.54 20.6116 4 1 302.488 4 0 7.03
"5" "Cowboys D/ST" "2.39-13.41" 20.49 2.02 1 0.7 0.02 0.26 "#17" 13.41 2.39 5.51 30.3601 5 0 336.548 4 0 7.02
"10" "Lions D/ST" "2.12-13.18" 20.84 2.02 1 0.7 0.02 0.26 "#24" 13.18 2.12 5.53 30.5809 5 0 338.368 4 0 7.02
"12" "Lions D/ST" "2.12-13.18" 20.84 2.02 1 0.7 0.02 0.26 "#24" 13.18 2.12 5.53 30.5809 5 0 338.368 4 0 7.02
"12" "Seahawks D/ST" "1.73-13.51" 21.93 2.26 1.1 0.52 0.04 0.24 "#8" 13.51 1.73 5.89 34.6921 5 0 344.036 4 0 7.02
"2" "Cardinals D/ST" "1.86-13.04" 22.9 2.2 1.12 0.66 0.02 0.2 "#2" 13.04 1.86 5.59 31.2481 5 0 349.08 4 0 7
"11" "Cardinals D/ST" "2.55-13.71" 20.03 2.2 1.1 0.72 0.04 0.18 "#14" 13.71 2.55 5.58 31.1364 5 0 334.156 4 0 7
"2" "Ravens D/ST" "2.66-14.68" 18.21 2.36 1.04 0.68 0.06 0.18 "#7" 14.68 2.66 6.01 36.1201 5 0 324.692 4 0 7
"4" "Patriots D/ST" "1.93-14.77" 23.11 2.48 1.3 0.75 0.04 0.22 "#15" 14.77 1.93 6.42 41.2164 5 0 350.172 5 -1 6.98
"1" "Lions D/ST" "2.34-14.12" 20.43 2.3 1.16 0.74 0.02 0.14 "#28" 14.12 2.34 5.89 34.6921 5 0 336.236 4 0 6.98
"5" "Dolphins D/ST" "3.04-14.62" 17.76 2.21 1.14 0.66 0.04 0.18 "#7" 14.62 3.04 5.79 33.5241 5 0 322.352 4 0 6.97
"2" "Titans D/ST" "2.19-12.69" 22.53 2.68 0.88 0.7 0.02 0.18 "#17" 12.69 2.19 5.25 27.5625 5 0 347.156 4 0 6.96
"16" "Bears D/ST" "2.22-14.44" 18.43 2.04 1.02 0.76 0.02 0.22 "#13" 14.44 2.22 6.11 37.3321 5 0 325.836 4 0 6.96
"3" "Rams D/ST" "-0.99-16.57" 25.75 2.44 1.4 0.7 0 0.22 "#5" 16.57 -0.99 8.78 77.0884 5 0 363.9 5 -1 6.96
"4" "Chiefs D/ST" "2.54-12.08" 22.06 2.71 0.94 0.65 0.02 0.17 "#18" 12.08 2.54 4.77 22.7529 5 0 344.712 4 0 6.95
"3" "Patriots D/ST" "2.01-13.89" 19.75 2.08 1.07 0.54 0.04 0.26 "#26" 13.89 2.01 5.94 35.2836 5 0 332.7 4 0 6.94
"3" "Jets D/ST" "3.81-12.03" 16.64 1.83 0.8 0.63 0.05 0.19 "#27" 12.03 3.81 4.11 16.8921 4 1 316.528 4 0 6.93
"15" "Bengals D/ST" "1.31-14.51" 24.55 2.1 1.02 0.72 0.02 0.38 "#14" 14.51 1.31 6.6 43.56 5 0 357.66 5 -1 6.9
"2" "Dolphins D/ST" "2.62-12.70" 20.86 2.22 0.94 0.7 0.04 0.22 "#28" 12.7 2.62 5.04 25.4016 5 0 338.472 4 0 6.9
"15" "Lions D/ST" "2.42-13.52" 19.44 2.34 0.94 0.7 0.04 0.2 "#32" 13.52 2.42 5.55 30.8025 5 0 331.088 4 0 6.9
"15" "Packers D/ST" "1.39-13.13" 22.48 2.18 0.92 0.78 0.06 0.2 "#24" 13.13 1.39 5.87 34.4569 5 0 346.896 4 0 6.9
"8" "Steelers D/ST" "2.66-14.26" 19.23 2.1 1.12 0.56 0 0.24 "#27" 14.26 2.66 5.8 33.64 5 0 329.996 4 0 6.9
"16" "Giants D/ST" "1.20-13.96" 21.66 1.8 1.18 0.7 0.06 0.2 "#22" 13.96 1.2 6.38 40.7044 5 0 342.632 4 0 6.88
"10" "Eagles D/ST" "1.81-14.73" 20.14 2.65 0.9 0.87 0.04 0.1 "#29" 14.73 1.81 6.46 41.7316 5 0 334.728 4 0 6.87
"14" "Eagles D/ST" "1.81-14.73" 20.14 2.65 0.9 0.87 0.04 0.1 "#29" 14.73 1.81 6.46 41.7316 5 0 334.728 4 0 6.87
"7" "Vikings D/ST" "3.04-13.92" 18.4 2.46 0.92 0.64 0.04 0.2 "#28" 13.92 3.04 5.44 29.5936 5 0 325.68 4 0 6.86
"11" "Colts D/ST" "1.28-12.86" 22.94 2.02 0.86 0.68 0.04 0.28 "#30" 12.86 1.28 5.79 33.5241 5 0 349.288 4 0 6.86
"17" "Colts D/ST" "1.28-12.86" 22.94 2.02 0.86 0.68 0.04 0.28 "#30" 12.86 1.28 5.79 33.5241 5 0 349.288 4 0 6.86
"3" "Eagles D/ST" "2.66-14.66" 17.87 2.29 0.96 0.82 0.02 0.16 "#22" 14.66 2.66 6 36 5 0 322.924 4 0 6.85
"9" "Dolphins D/ST" "1.23-15.27" 19.3 2.2 1.04 0.66 0.08 0.18 "#28" 15.27 1.23 7.02 49.2804 5 0 330.36 4 0 6.84
"14" "49ers D/ST" "1.93-12.69" 22.25 2.44 0.94 0.6 0 0.22 "#18" 12.69 1.93 5.38 28.9444 5 0 345.7 4 0 6.84
"10" "Giants D/ST" "2.13-13.93" 23.97 2.08 1.28 0.56 0.08 0.32 "#13" 13.93 2.13 5.9 34.81 5 0 354.644 5 -1 6.84
"4" "Lions D/ST" "1.98-12.44" 22.93 2.34 1.04 0.61 0 0.2 "#29" 12.44 1.98 5.23 27.3529 5 0 349.236 4 0 6.84
"11" "Redskins D/ST" "1.99-13.21" 20.53 2.02 1.06 0.68 0.04 0.2 "#17" 13.21 1.99 5.61 31.4721 5 0 336.756 4 0 6.78
"4" "Cowboys D/ST" "0.92-15.12" 23.07 2.08 1.43 0.79 0 0.21 "#26" 15.12 0.92 7.1 50.41 5 0 349.964 5 -1 6.78
"6" "Texans D/ST" "1.03-13.09" 22.89 2.54 0.76 0.66 0.04 0.22 "#32" 13.09 1.03 6.03 36.3609 5 0 349.028 4 0 6.78
"3" "Cowboys D/ST" "2.21-13.19" 21.76 2.27 0.93 0.66 0 0.22 "#25" 13.19 2.21 5.49 30.1401 5 0 343.152 4 0 6.77
"4" "Texans D/ST" "2.02-12.28" 22.54 2.39 0.79 0.83 0.02 0.18 "#22" 12.28 2.02 5.13 26.3169 5 0 347.208 4 0 6.75
"6" "Titans D/ST" "1.79-12.55" 21.75 2.54 0.98 0.64 0 0.16 "#11" 12.55 1.79 5.38 28.9444 5 0 343.1 4 0 6.74
"3" "Seahawks D/ST" "0.61-14.99" 24.05 2.87 0.95 0.64 0.02 0.27 "#29" 14.99 0.61 7.19 51.6961 5 0 355.06 5 -1 6.71
"17" "Giants D/ST" "1.72-14.18" 23.74 2.03 1.2 0.68 0 0.32 "#29" 14.18 1.72 6.23 38.8129 5 0 353.448 5 -1 6.71
"14" "Patriots D/ST" "1.89-14.23" 23.11 2.38 1.24 0.72 0.04 0.22 "#15" 14.23 1.89 6.17 38.0689 5 0 350.172 5 -1 6.7
"10" "Patriots D/ST" "1.60-13.98" 24.15 2.1 1.2 0.78 0.04 0.26 "#30" 13.98 1.6 6.19 38.3161 5 0 355.58 5 -1 6.7
"4" "Falcons D/ST" "1.70-14.20" 24.48 2.21 1.16 0.58 0.04 0.32 "#7" 14.2 1.7 6.25 39.0625 5 0 357.296 5 -1 6.69
"7" "Chargers D/ST" "2.28-13.54" 19.75 1.86 1.12 0.7 0.04 0.18 "#30" 13.54 2.28 5.63 31.6969 5 0 332.7 4 0 6.66
"16" "Chargers D/ST" "0.94-13.62" 22.63 2.14 0.88 0.58 0.02 0.26 "#11" 13.62 0.94 6.34 40.1956 5 0 347.676 4 0 6.66
"16" "Raiders D/ST" "2.61-11.99" 22.21 2.5 0.86 0.62 0.06 0.18 "#18" 11.99 2.61 4.69 21.9961 5 0 345.492 4 0 6.66
"5" "Vikings D/ST" "1.56-12.98" 21.46 2.26 0.96 0.72 0.04 0.16 "#12" 12.98 1.56 5.71 32.6041 5 0 341.592 4 0 6.66
"7" "Colts D/ST" "1.36-12.32" 22.46 2.22 0.78 0.72 0.04 0.22 "#32" 12.32 1.36 5.48 30.0304 5 0 346.792 4 0 6.62
"11" "Buccaneers D/ST" "1.97-13.37" 23.43 2.46 0.98 0.68 0.02 0.3 "#20" 13.37 1.97 5.7 32.49 5 0 351.836 5 -1 6.62
"15" "Buccaneers D/ST" "0.83-13.17" 22.86 2.38 0.86 0.6 0 0.22 "#11" 13.17 0.83 6.17 38.0689 5 0 348.872 4 0 6.62
"11" "Bears D/ST" "2.85-13.91" 23.37 2.48 0.86 1 0.04 0.22 "#16" 13.91 2.85 5.53 30.5809 5 0 351.524 5 -1 6.6
"17" "Bears D/ST" "2.85-13.91" 23.37 2.48 0.86 1 0.04 0.22 "#16" 13.91 2.85 5.53 30.5809 5 0 351.524 5 -1 6.6
"3" "Dolphins D/ST" "2.89-13.31" 17.87 2.02 1.02 0.67 0.09 0.17 "#14" 13.31 2.89 5.21 27.1441 5 0 322.924 4 0 6.6
"4" "Cardinals D/ST" "1.59-13.43" 20.75 2.05 1.03 0.78 0.04 0.14 "#25" 13.43 1.59 5.92 35.0464 5 0 337.9 4 0 6.59
"2" "Falcons D/ST" "0.90-13.12" 22.43 2.1 0.98 0.66 0 0.2 "#8" 13.12 0.9 6.11 37.3321 5 0 346.636 4 0 6.58
"9" "Texans D/ST" "1.72-12.00" 22.57 2.52 0.72 0.8 0.02 0.16 "#18" 12 1.72 5.14 26.4196 5 0 347.364 4 0 6.56
"14" "Falcons D/ST" "1.99-12.17" 26.48 2.14 1.2 0.68 0.04 0.26 "#23" 12.17 1.99 5.09 25.9081 5 0 367.696 5 -1 6.54
"14" "Texans D/ST" "1.99-11.85" 22.54 2.3 0.76 0.8 0.02 0.18 "#22" 11.85 1.99 4.93 24.3049 5 0 347.208 4 0 6.54
"4" "Browns D/ST" "1.53-12.69" 21.34 1.97 0.87 0.74 0.04 0.21 "#14" 12.69 1.53 5.58 31.1364 5 0 340.968 4 0 6.53
"1" "Bills D/ST" "2.70-11.86" 21 2.16 1.18 0.44 0.08 0.16 "#11" 11.86 2.7 4.58 20.9764 5 0 339.2 4 0 6.52
"4" "Eagles D/ST" "1.36-15.28" 17.6 2.15 0.91 0.72 0 0.18 "#30" 15.28 1.36 6.96 48.4416 5 0 321.52 4 0 6.49
"16" "49ers D/ST" "1.60-11.92" 22.73 2.28 0.86 0.7 0 0.18 "#24" 11.92 1.6 5.16 26.6256 5 0 348.196 4 0 6.48
"1" "Cardinals D/ST" "1.46-13.52" 20.98 2.06 1 0.59 0.02 0.2 "#10" 13.52 1.46 6.03 36.3609 5 0 339.096 4 0 6.48
"5" "Chargers D/ST" "1.29-13.91" 24.8 2.36 0.92 0.6 0.02 0.34 "#14" 13.91 1.29 6.31 39.8161 5 0 358.96 5 -1 6.48
"10" "Chargers D/ST" "1.29-13.91" 24.8 2.36 0.92 0.6 0.02 0.34 "#14" 13.91 1.29 6.31 39.8161 5 0 358.96 5 -1 6.48
"5" "Eagles D/ST" "1.81-12.19" 22.72 2.44 0.78 0.6 0.04 0.2 "#16" 12.19 1.81 5.19 26.9361 5 0 348.144 4 0 6.48
"4" "Ravens D/ST" "0.42-12.92" 22.93 2.09 0.87 0.85 0.02 0.15 "#9" 12.92 0.42 6.25 39.0625 5 0 349.236 4 0 6.47
"8" "Jaguars D/ST" "1.62-13.12" 19.72 2.14 1.04 0.58 0 0.18 "#12" 13.12 1.62 5.75 33.0625 5 0 332.544 4 0 6.46
"9" "Broncos D/ST" "2.34-13.64" 18.89 2.34 0.92 0.76 0.02 0.12 "#17" 13.64 2.34 5.65 31.9225 5 0 328.228 4 0 6.46
"5" "Browns D/ST" "1.86-12.24" 21.06 2.44 0.76 0.78 0.04 0.14 "#11" 12.24 1.86 5.19 26.9361 5 0 339.512 4 0 6.44
"17" "Browns D/ST" "1.86-12.24" 21.06 2.44 0.76 0.78 0.04 0.14 "#11" 12.24 1.86 5.19 26.9361 5 0 339.512 4 0 6.44
"3" "Packers D/ST" "1.00-14.22" 24.25 2.9 0.81 0.71 0.03 0.24 "#10" 14.22 1 6.61 43.6921 5 0 356.1 5 -1 6.44
"7" "Rams D/ST" "2.35-12.73" 20.25 2.31 1.08 0.64 0.06 0.08 "#13" 12.73 2.35 5.19 26.9361 5 0 335.3 4 0 6.35
"17" "Rams D/ST" "2.35-12.73" 20.25 2.31 1.08 0.64 0.06 0.08 "#13" 12.73 2.35 5.19 26.9361 5 0 335.3 4 0 6.35
"4" "Steelers D/ST" "0.88-14.66" 23.92 3.1 1.1 0.72 0 0.1 "#11" 14.66 0.88 6.89 47.4721 5 0 354.384 5 -1 6.34
"10" "Saints D/ST" "1.47-13.85" 23.08 2.12 1.22 0.74 0.04 0.2 "#7" 13.85 1.47 6.19 38.3161 5 0 350.016 5 -1 6.32
"17" "Cardinals D/ST" "1.59-12.91" 20.75 1.96 0.98 0.74 0.04 0.14 "#25" 12.91 1.59 5.66 32.0356 5 0 337.9 4 0 6.32
"4" "Saints D/ST" "1.34-14.06" 23.05 2.23 1.16 0.6 0 0.26 "#20" 14.06 1.34 6.36 40.4496 5 0 349.86 5 -1 6.31
"3" "Raiders D/ST" "2.56-11.80" 20.47 2.01 0.76 0.69 0 0.23 "#15" 11.8 2.56 4.62 21.3444 5 0 336.444 4 0 6.29
"1" "Packers D/ST" "1.67-11.45" 22.16 2.36 0.6 0.8 0.02 0.18 "#24" 11.45 1.67 4.89 23.9121 5 0 345.232 4 0 6.28
"6" "Bills D/ST" "1.34-12.60" 21.09 2.06 0.94 0.62 0 0.18 "#17" 12.6 1.34 5.63 31.6969 5 0 339.668 4 0 6.26
"8" "Chiefs D/ST" "2.35-10.85" 22.06 2.42 0.84 0.58 0.02 0.16 "#18" 10.85 2.35 4.25 18.0625 5 0 344.712 4 0 6.26
"4" "Bears D/ST" "2.42-13.08" 24.42 2.36 0.79 0.87 0.06 0.24 "#4" 13.08 2.42 5.33 28.4089 5 0 356.984 5 -1 6.24
"11" "Chargers D/ST" "2.33-13.29" 18.08 2.08 1.02 0.62 0.02 0.14 "#18" 13.29 2.33 5.48 30.0304 5 0 324.016 4 0 6.24
"17" "Chargers D/ST" "2.33-13.29" 18.08 2.08 1.02 0.62 0.02 0.14 "#18" 13.29 2.33 5.48 30.0304 5 0 324.016 4 0 6.24
"1" "Bengals D/ST" "1.31-11.83" 22.96 2.14 0.74 0.64 0 0.22 "#22" 11.83 1.31 5.26 27.6676 5 0 349.392 4 0 6.22
"10" "49ers D/ST" "1.95-11.99" 25.04 2.57 0.7 0.66 0.06 0.3 "#20" 11.99 1.95 5.02 25.2004 5 0 360.208 5 -1 6.21
"7" "Bills D/ST" "1.54-13.18" 23.05 2.22 1.04 0.64 0.02 0.26 "#22" 13.18 1.54 5.82 33.8724 5 0 349.86 5 -1 6.18
"4" "Titans D/ST" "-0.11-14.41" 25.42 2.71 1.01 0.73 0.07 0.14 "#12" 14.41 -0.11 7.26 52.7076 5 0 362.184 5 -1 6.17
"16" "Cowboys D/ST" "0.68-13.10" 25.72 1.96 1.02 0.72 0.02 0.28 "#4" 13.1 0.68 6.21 38.5641 5 0 363.744 5 -1 6.16
"9" "Chiefs D/ST" "2.04-10.80" 22.56 2.67 0.72 0.58 0.02 0.14 "#27" 10.8 2.04 4.38 19.1844 5 0 347.312 4 0 6.15
"5" "Saints D/ST" "0.31-12.65" 22.83 2.02 0.94 0.5 0.02 0.2 "#10" 12.65 0.31 6.17 38.0689 5 0 348.716 4 0 6.14
"3" "Giants D/ST" "1.18-12.42" 21.06 1.93 0.81 0.64 0.02 0.21 "#17" 12.42 1.18 5.62 31.5844 5 0 339.512 4 0 6.13
"4" "Colts D/ST" "0.70-14.14" 24.63 2.95 0.72 0.74 0.02 0.2 "#17" 14.14 0.7 6.72 45.1584 5 0 358.076 5 -1 6.11
"6" "49ers D/ST" "0.96-13.32" 25.36 2.32 0.96 0.64 0.06 0.24 "#23" 13.32 0.96 6.18 38.1924 5 0 361.872 5 -1 6.08
"8" "Lions D/ST" "1.49-12.35" 24.54 2.32 0.76 0.84 0 0.26 "#25" 12.35 1.49 5.43 29.4849 5 0 357.608 5 -1 6.08
"9" "Patriots D/ST" "1.38-12.62" 25.55 2.16 1.14 0.62 0.04 0.22 "#23" 12.62 1.38 5.62 31.5844 5 0 362.86 5 -1 6.08
"15" "Ravens D/ST" "1.31-12.53" 20.83 2 0.76 0.74 0 0.18 "#4" 12.53 1.31 5.61 31.4721 5 0 338.316 4 0 6.08
"1" "Cowboys D/ST" "0.93-12.81" 22.2 1.7 0.84 0.64 0.04 0.22 "#8" 12.81 0.93 5.94 35.2836 5 0 345.44 4 0 6.06
"7" "Cowboys D/ST" "2.02-11.30" 22.32 1.98 0.9 0.64 0.02 0.16 "#10" 11.3 2.02 4.64 21.5296 5 0 346.064 4 0 6.06
"12" "Cowboys D/ST" "2.02-11.30" 22.32 1.98 0.9 0.64 0.02 0.16 "#10" 11.3 2.02 4.64 21.5296 5 0 346.064 4 0 6.06
"13" "Saints D/ST" "2.24-12.46" 23.79 2.13 1.04 0.56 0.02 0.28 "#29" 12.46 2.24 5.11 26.1121 5 0 353.708 5 -1 6.05
"6" "Giants D/ST" "1.90-11.94" 25.77 2.04 1.04 0.64 0.04 0.26 "#12" 11.94 1.9 5.02 25.2004 5 0 364.004 5 -1 6.04
"12" "Giants D/ST" "1.90-11.94" 25.77 2.04 1.04 0.64 0.04 0.26 "#12" 11.94 1.9 5.02 25.2004 5 0 364.004 5 -1 6.04
"7" "Ravens D/ST" "0.73-12.55" 25.62 2.04 1 0.8 0.04 0.22 "#3" 12.55 0.73 5.91 34.9281 5 0 363.224 5 -1 6.04
"3" "Broncos D/ST" "3.09-11.35" 16.2 1.68 0.72 0.52 0.02 0.14 "#11" 11.35 3.09 4.13 17.0569 4 1 314.24 4 0 6.04
"13" "Ravens D/ST" "0.77-12.17" 21.9 1.86 0.78 0.88 0 0.14 "#6" 12.17 0.77 5.7 32.49 5 0 343.88 4 0 6.02
"7" "Bears D/ST" "1.64-12.94" 23.98 2.1 0.9 0.72 0.06 0.26 "#21" 12.94 1.64 5.65 31.9225 5 0 354.696 5 -1 6.02
"10" "Packers D/ST" "1.76-12.52" 24.11 2.2 0.9 0.64 0.02 0.28 "#15" 12.52 1.76 5.38 28.9444 5 0 355.372 5 -1 6
"3" "Redskins D/ST" "2.91-11.63" 18.65 2.22 0.9 0.51 0.03 0.15 "#23" 11.63 2.91 4.36 19.0096 5 0 326.98 4 0 6
"6" "Colts D/ST" "1.81-12.75" 23.34 2.42 0.78 0.66 0.06 0.26 "#28" 12.75 1.81 5.47 29.9209 5 0 351.368 5 -1 5.98
"4" "Jets D/ST" "1.34-12.38" 25.26 2.64 1.08 0.58 0.03 0.16 "#19" 12.38 1.34 5.52 30.4704 5 0 361.352 5 -1 5.98
"14" "Steelers D/ST" "1.26-12.92" 24.39 2.24 1.12 0.62 0.02 0.2 "#14" 12.92 1.26 5.83 33.9889 5 0 356.828 5 -1 5.96
"8" "Dolphins D/ST" "1.70-12.44" 20.25 2 0.92 0.72 0.04 0.1 "#17" 12.44 1.7 5.37 28.8369 5 0 335.3 4 0 5.96
"9" "Titans D/ST" "2.48-12.36" 23.52 2.38 1.04 0.54 0.04 0.22 "#29" 12.36 2.48 4.94 24.4036 5 0 352.304 5 -1 5.94
"8" "Bills D/ST" "2.00-11.48" 25.95 2.14 0.8 0.74 0.06 0.26 "#21" 11.48 2 4.74 22.4676 5 0 364.94 5 -1 5.9
"16" "Bills D/ST" "2.00-11.48" 25.95 2.14 0.8 0.74 0.06 0.26 "#21" 11.48 2 4.74 22.4676 5 0 364.94 5 -1 5.9
"3" "Cardinals D/ST" "3.10-11.84" 18.22 1.99 0.82 0.82 0.06 0.08 "#24" 11.84 3.1 4.37 19.0969 5 0 324.744 4 0 5.87
"6" "Steelers D/ST" "1.98-12.40" 23.39 2.46 1.02 0.64 0 0.18 "#7" 12.4 1.98 5.21 27.1441 5 0 351.628 5 -1 5.86
"17" "Steelers D/ST" "1.98-12.40" 23.39 2.46 1.02 0.64 0 0.18 "#7" 12.4 1.98 5.21 27.1441 5 0 351.628 5 -1 5.86
"13" "Falcons D/ST" "0.44-12.96" 25.36 2.16 0.9 0.72 0 0.24 "#11" 12.96 0.44 6.26 39.1876 5 0 361.872 5 -1 5.84
"1" "Bears D/ST" "1.62-11.88" 25.53 2.39 1.02 0.6 0.06 0.18 "#23" 11.88 1.62 5.13 26.3169 5 0 362.756 5 -1 5.83
"9" "Ravens D/ST" "0.38-11.60" 22.93 1.87 0.78 0.76 0.02 0.14 "#9" 11.6 0.38 5.61 31.4721 5 0 349.236 4 0 5.83
"10" "Redskins D/ST" "0.78-12.48" 25.71 1.9 1.02 0.7 0.02 0.24 "#4" 12.48 0.78 5.85 34.2225 5 0 363.692 5 -1 5.82
"15" "Jets D/ST" "1.05-11.91" 21.93 1.96 0.78 0.76 0.02 0.12 "#17" 11.91 1.05 5.43 29.4849 5 0 344.036 4 0 5.8
"6" "Cowboys D/ST" "1.04-12.60" 24.78 2.06 0.96 0.58 0.02 0.26 "#19" 12.6 1.04 5.78 33.4084 5 0 358.856 5 -1 5.74
"8" "Ravens D/ST" "1.50-11.44" 21.62 2.14 0.92 0.54 0.04 0.1 "#8" 11.44 1.5 4.97 24.7009 5 0 342.424 4 0 5.74
"3" "Steelers D/ST" "1.21-12.19" 23.72 2.17 0.81 0.75 0.04 0.22 "#4" 12.19 1.21 5.49 30.1401 5 0 353.344 5 -1 5.69
"3" "Bengals D/ST" "1.44-12.68" 23.24 2.41 0.94 0.62 0 0.19 "#8" 12.68 1.44 5.62 31.5844 5 0 350.848 5 -1 5.67
"8" "Bengals D/ST" "0.96-11.80" 25.49 2.07 0.76 0.8 0.02 0.24 "#4" 11.8 0.96 5.42 29.3764 5 0 362.548 5 -1 5.67
"12" "Bills D/ST" "1.79-11.03" 25.37 2.46 0.88 0.64 0.04 0.18 "#19" 11.03 1.79 4.62 21.3444 5 0 361.924 5 -1 5.66
"9" "Falcons D/ST" "0.58-12.34" 25.78 2.02 0.72 0.74 0.02 0.28 "#10" 12.34 0.58 5.88 34.5744 5 0 364.056 5 -1 5.66
"14" "Colts D/ST" "0.73-13.15" 24.63 2.73 0.66 0.68 0.02 0.2 "#17" 13.15 0.73 6.21 38.5641 5 0 358.076 5 -1 5.65
"8" "Eagles D/ST" "2.00-11.68" 22.99 2.14 0.9 0.66 0.02 0.22 "#19" 11.68 2 4.84 23.4256 5 0 349.548 5 -1 5.62
"16" "Colts D/ST" "1.46-11.72" 24.11 2.21 0.98 0.66 0.02 0.18 "#20" 11.72 1.46 5.13 26.3169 5 0 355.372 5 -1 5.61
"3" "Saints D/ST" "0.82-12.06" 26.4 2.25 0.9 0.78 0.07 0.14 "#6" 12.06 0.82 5.62 31.5844 5 0 367.28 5 -1 5.59
"15" "Texans D/ST" "1.14-10.92" 22.48 2.32 0.58 0.54 0.02 0.16 "#28" 10.92 1.14 4.89 23.9121 5 0 346.896 4 0 5.56
"1" "Chargers D/ST" "0.26-12.24" 25.31 2.22 1 0.54 0.02 0.2 "#1" 12.24 0.26 5.99 35.8801 5 0 361.612 5 -1 5.54
"9" "Panthers D/ST" "1.56-12.60" 23.38 2.46 0.82 0.84 0.02 0.12 "#4" 12.6 1.56 5.52 30.4704 5 0 351.576 5 -1 5.54
"13" "Panthers D/ST" "1.56-12.60" 23.38 2.46 0.82 0.84 0.02 0.12 "#4" 12.6 1.56 5.52 30.4704 5 0 351.576 5 -1 5.54
"4" "Buccaneers D/ST" "1.01-12.47" 23.2 2.23 1.01 0.58 0.02 0.18 "#24" 12.47 1.01 5.73 32.8329 5 0 350.64 5 -1 5.53
"6" "Falcons D/ST" "0.54-12.94" 24.45 1.92 1 0.66 0.02 0.2 "#4" 12.94 0.54 6.2 38.44 5 0 357.14 5 -1 5.48
"11" "Falcons D/ST" "0.03-12.93" 25.12 1.92 1.02 0.6 0.12 0.18 "#29" 12.93 0.03 6.45 41.6025 5 0 360.624 5 -1 5.48
"17" "Falcons D/ST" "0.54-12.94" 24.45 1.92 1 0.66 0.02 0.2 "#4" 12.94 0.54 6.2 38.44 5 0 357.14 5 -1 5.48
"2" "Patriots D/ST" "0.58-13.82" 26.82 2.71 0.99 0.65 0.08 0.22 "#19" 13.82 0.58 6.62 43.8244 6 -1 369.464 5 -1 5.47
"8" "Vikings D/ST" "0.97-11.09" 26.39 2 0.9 0.76 0.02 0.18 "#3" 11.09 0.97 5.06 25.6036 5 0 367.228 5 -1 5.44
"12" "Colts D/ST" "1.89-11.35" 23.96 2.1 0.98 0.64 0 0.18 "#15" 11.35 1.89 4.73 22.3729 5 0 354.592 5 -1 5.42
"1" "Falcons D/ST" "1.16-11.08" 26.37 2.22 0.78 0.7 0.08 0.18 "#12" 11.08 1.16 4.96 24.6016 5 0 367.124 5 -1 5.42
"10" "Titans D/ST" "1.05-11.67" 25.84 2.24 0.68 0.76 0.02 0.2 "#21" 11.67 1.05 5.31 28.1961 5 0 364.368 5 -1 5.36
"8" "Texans D/ST" "1.65-11.17" 24.83 2.44 0.62 0.54 0.02 0.26 "#15" 11.17 1.65 4.76 22.6576 5 0 359.116 5 -1 5.36
"7" "Eagles D/ST" "1.08-11.68" 24.7 2.1 0.72 0.76 0.04 0.2 "#8" 11.68 1.08 5.3 28.09 5 0 358.44 5 -1 5.34
"4" "Giants D/ST" "-0.15-13.23" 29.9 2.42 1.09 0.83 0.03 0.17 "#3" 13.23 -0.15 6.69 44.7561 6 -1 385.48 5 -1 5.34
"4" "Bills D/ST" "2.39-9.67" 22.2 1.65 0.81 0.4 0.03 0.2 "#23" 9.67 2.39 3.64 13.2496 5 0 345.44 4 0 5.33
"1" "Broncos D/ST" "0.45-12.99" 23.43 1.95 0.9 0.66 0.02 0.2 "#25" 12.99 0.45 6.27 39.3129 5 0 351.836 5 -1 5.31
"3" "Falcons D/ST" "-0.66-14.26" 28.17 2.32 1.07 0.79 0 0.21 "#3" 14.26 -0.66 7.46 55.6516 6 -1 376.484 5 -1 5.3
"11" "Giants D/ST" "0.82-11.80" 25.02 1.94 0.86 0.62 0.04 0.22 "#4" 11.8 0.82 5.49 30.1401 5 0 360.104 5 -1 5.3
"3" "Titans D/ST" "0.74-11.98" 23.94 2.22 0.67 0.63 0.02 0.24 "#19" 11.98 0.74 5.62 31.5844 5 0 354.488 5 -1 5.3
"5" "Packers D/ST" "0.68-11.42" 25.41 2.12 0.82 0.66 0 0.2 "#26" 11.42 0.68 5.37 28.8369 5 0 362.132 5 -1 5.28
"17" "Packers D/ST" "0.68-11.42" 25.41 2.12 0.82 0.66 0 0.2 "#26" 11.42 0.68 5.37 28.8369 5 0 362.132 5 -1 5.28
"3" "Buccaneers D/ST" "-0.51-13.33" 30.28 2.72 0.82 0.95 0 0.17 "#9" 13.33 -0.51 6.92 47.8864 6 -1 387.456 5 -1 5.28
"16" "Ravens D/ST" "0.64-11.82" 24.3 1.78 0.9 0.82 0.04 0.16 "#5" 11.82 0.64 5.59 31.2481 5 0 356.36 5 -1 5.26
"16" "Panthers D/ST" "0.91-11.37" 24.86 2.06 0.96 0.76 0 0.12 "#6" 11.37 0.91 5.23 27.3529 5 0 359.272 5 -1 5.22
"1" "Dolphins D/ST" "1.97-10.99" 23.48 2.2 0.8 0.72 0.06 0.14 "#30" 10.99 1.97 4.51 20.3401 5 0 352.096 5 -1 5.2
"16" "Packers D/ST" "1.35-11.49" 23.3 2.2 0.7 0.64 0.06 0.2 "#28" 11.49 1.35 5.07 25.7049 5 0 351.16 5 -1 5.2
"8" "Saints D/ST" "0.16-11.78" 24.94 2.18 0.9 0.62 0 0.16 "#16" 11.78 0.16 5.81 33.7561 5 0 359.688 5 -1 5.18
"4" "Bengals D/ST" "1.56-10.52" 25.87 2.33 0.68 0.68 0.08 0.16 "#6" 10.52 1.56 4.48 20.0704 5 0 364.524 5 -1 5.17
"13" "Redskins D/ST" "1.34-11.38" 23.89 2.36 0.96 0.4 0 0.18 "#12" 11.38 1.34 5.02 25.2004 5 0 354.228 5 -1 5.16
"17" "Redskins D/ST" "1.34-11.38" 23.89 2.36 0.96 0.4 0 0.18 "#12" 11.38 1.34 5.02 25.2004 5 0 354.228 5 -1 5.16
"6" "Redskins D/ST" "0.78-10.54" 25.76 2.26 0.88 0.5 0.02 0.18 "#8" 10.54 0.78 4.88 23.8144 5 0 363.952 5 -1 5.14
"8" "Buccaneers D/ST" "-0.77-12.33" 25.66 2.16 0.78 0.48 0 0.24 "#7" 12.33 -0.77 6.55 42.9025 5 0 363.432 5 -1 5.12
"9" "Lions D/ST" "1.12-10.52" 25.56 1.99 0.74 0.76 0.02 0.18 "#16" 10.52 1.12 4.7 22.09 5 0 362.912 5 -1 5.11
"16" "Lions D/ST" "1.12-10.52" 25.56 1.99 0.74 0.76 0.02 0.18 "#16" 10.52 1.12 4.7 22.09 5 0 362.912 5 -1 5.11
"11" "Lions D/ST" "0.93-11.41" 25.64 2.24 0.72 0.76 0.02 0.14 "#8" 11.41 0.93 5.24 27.4576 5 0 363.328 5 -1 5.08
"2" "Steelers D/ST" "1.26-10.46" 26.26 2.06 0.92 0.48 0 0.2 "#1" 10.46 1.26 4.6 21.16 5 0 366.552 5 -1 5.06
"3" "Chargers D/ST" "-0.70-12.16" 29.72 2.46 1.07 0.59 0.03 0.2 "#2" 12.16 -0.7 6.43 41.3449 6 -1 384.544 5 -1 5.04
"11" "Saints D/ST" "1.00-12.02" 26.69 2.22 1 0.54 0.02 0.28 "#12" 12.02 1 5.51 30.3601 6 -1 368.788 5 -1 5.02
"1" "Chiefs D/ST" "0.07-10.91" 25.49 1.76 0.84 0.7 0.04 0.18 "#5" 10.91 0.07 5.42 29.3764 5 0 362.548 5 -1 5
"4" "49ers D/ST" "-0.80-12.20" 31.69 2.26 0.72 1.01 0.03 0.2 "#5" 12.2 -0.8 6.5 42.25 6 -1 394.788 5 -1 4.98
"4" "Dolphins D/ST" "0.94-11.46" 23.81 1.74 0.94 0.65 0.02 0.17 "#21" 11.46 0.94 5.26 27.6676 5 0 353.812 5 -1 4.98
"9" "49ers D/ST" "0.16-11.70" 24.97 2.14 0.8 0.56 0 0.18 "#14" 11.7 0.16 5.77 33.2929 5 0 359.844 5 -1 4.94
"6" "Packers D/ST" "0.31-11.79" 24.4 2.18 0.74 0.54 0 0.2 "#13" 11.79 0.31 5.74 32.9476 5 0 356.88 5 -1 4.94
"13" "Browns D/ST" "1.44-10.66" 23.07 2.3 0.62 0.78 0.04 0.12 "#17" 10.66 1.44 4.61 21.2521 5 0 349.964 5 -1 4.9
"12" "Buccaneers D/ST" "-0.14-11.94" 24.91 1.88 0.9 0.44 0 0.22 "#13" 11.94 -0.14 6.04 36.4816 5 0 359.532 5 -1 4.88
"1" "Giants D/ST" "-0.32-12.30" 24.41 1.98 0.82 0.52 0 0.2 "#19" 12.3 -0.32 6.31 39.8161 5 0 356.932 5 -1 4.86
"10" "Cowboys D/ST" "0.65-12.03" 27.45 2.12 0.92 0.5 0.04 0.3 "#12" 12.03 0.65 5.69 32.3761 6 -1 372.74 5 -1 4.84
"14" "Cowboys D/ST" "0.65-12.03" 27.45 2.12 0.92 0.5 0.04 0.3 "#12" 12.03 0.65 5.69 32.3761 6 -1 372.74 5 -1 4.84
"3" "Colts D/ST" "-0.33-12.61" 29.87 2.54 0.79 0.87 0.03 0.15 "#12" 12.61 -0.33 6.47 41.8609 6 -1 385.324 5 -1 4.82
"12" "Titans D/ST" "1.17-10.87" 23.03 2.22 0.74 0.64 0 0.14 "#17" 10.87 1.17 4.85 23.5225 5 0 349.756 5 -1 4.82
"4" "Vikings D/ST" "0.34-12.10" 27.16 2.35 0.97 0.85 0.05 0.12 "#2" 12.1 0.34 5.88 34.5744 6 -1 371.232 5 -1 4.81
"8" "Giants D/ST" "1.24-11.06" 23.66 1.96 0.8 0.56 0.02 0.18 "#10" 11.06 1.24 4.91 24.1081 5 0 353.032 5 -1 4.8
"14" "Giants D/ST" "1.24-11.06" 23.66 1.96 0.8 0.56 0.02 0.18 "#10" 11.06 1.24 4.91 24.1081 5 0 353.032 5 -1 4.8
"10" "Browns D/ST" "0.44-10.68" 26.09 1.72 0.88 0.6 0.02 0.18 "#6" 10.68 0.44 5.12 26.2144 5 0 365.668 5 -1 4.8
"6" "Cardinals D/ST" "0.51-10.71" 24.85 1.68 0.88 0.82 0 0.12 "#16" 10.71 0.51 5.1 26.01 5 0 359.22 5 -1 4.8
"15" "Eagles D/ST" "0.60-10.94" 25.04 1.94 0.92 0.66 0.04 0.1 "#2" 10.94 0.6 5.17 26.7289 5 0 360.208 5 -1 4.78
"14" "Ravens D/ST" "0.45-11.83" 27.1 2.2 0.96 0.68 0.04 0.2 "#1" 11.83 0.45 5.69 32.3761 6 -1 370.92 5 -1 4.76
"13" "Patriots D/ST" "0.18-10.80" 25.78 1.86 0.88 0.56 0.02 0.16 "#16" 10.8 0.18 5.31 28.1961 5 0 364.056 5 -1 4.74
"9" "Steelers D/ST" "0.72-11.48" 23.92 2.42 0.86 0.56 0 0.08 "#11" 11.48 0.72 5.38 28.9444 5 0 354.384 5 -1 4.74
"14" "Titans D/ST" "0.86-11.24" 23.31 2.18 0.66 0.76 0.04 0.1 "#19" 11.24 0.86 5.19 26.9361 5 0 351.212 5 -1 4.7
"1" "Eagles D/ST" "0.95-10.81" 23.21 1.66 0.76 0.82 0.02 0.14 "#6" 10.81 0.95 4.93 24.3049 5 0 350.692 5 -1 4.7
"8" "Colts D/ST" "0.52-11.04" 24.87 2.1 0.7 0.72 0.02 0.12 "#14" 11.04 0.52 5.26 27.6676 5 0 359.324 5 -1 4.7
"1" "Panthers D/ST" "-0.19-12.55" 23.37 1.9 0.86 0.58 0.04 0.14 "#29" 12.55 -0.19 6.37 40.5769 5 0 351.524 5 -1 4.7
"15" "Rams D/ST" "0.43-11.15" 24.52 2.1 0.94 0.5 0 0.12 "#12" 11.15 0.43 5.36 28.7296 5 0 357.504 5 -1 4.7
"14" "Bengals D/ST" "0.69-10.29" 26.31 2.08 0.7 0.62 0.06 0.14 "#5" 10.29 0.69 4.8 23.04 5 0 366.812 5 -1 4.68
"2" "Panthers D/ST" "0.57-10.59" 25.48 2 0.7 0.74 0.04 0.12 "#6" 10.59 0.57 5.01 25.1001 5 0 362.496 5 -1 4.68
"3" "49ers D/ST" "-0.92-12.08" 31.2 2.65 0.82 0.92 0 0.09 "#1" 12.08 -0.92 6.5 42.25 6 -1 392.24 5 -1 4.67
"8" "Raiders D/ST" "0.38-10.56" 25.78 2.12 0.86 0.4 0.06 0.14 "#22" 10.56 0.38 5.09 25.9081 5 0 364.056 5 -1 4.6
"15" "Colts D/ST" "-0.30-11.24" 25.67 2.35 0.6 0.52 0.02 0.16 "#29" 11.24 -0.3 5.77 33.2929 5 0 363.484 5 -1 4.59
"2" "Jaguars D/ST" "0.15-11.33" 27.61 2.02 1 0.7 0.04 0.18 "#21" 11.33 0.15 5.59 31.2481 6 -1 373.572 5 -1 4.58
"11" "Packers D/ST" "-0.61-11.75" 24.91 2.26 0.56 0.58 0.04 0.16 "#25" 11.75 -0.61 6.18 38.1924 5 0 359.532 5 -1 4.58
"12" "Texans D/ST" "1.19-10.37" 23.4 2.34 0.6 0.6 0.06 0.12 "#30" 10.37 1.19 4.59 21.0681 5 0 351.68 5 -1 4.58
"13" "49ers D/ST" "-0.37-10.99" 25.93 1.92 0.7 0.58 0.02 0.16 "#25" 10.99 -0.37 5.68 32.2624 5 0 364.836 5 -1 4.48
"15" "49ers D/ST" "-0.37-10.99" 25.93 1.92 0.7 0.58 0.02 0.16 "#25" 10.99 -0.37 5.68 32.2624 5 0 364.836 5 -1 4.48
"7" "Browns D/ST" "-0.38-12.28" 26.99 1.68 0.98 0.74 0.02 0.22 "#4" 12.28 -0.38 6.33 40.0689 6 -1 370.348 5 -1 4.48
"4" "Broncos D/ST" "-0.21-12.01" 27.92 2.3 0.82 0.69 0 0.19 "#1" 12.01 -0.21 6.11 37.3321 6 -1 375.184 5 -1 4.46
"14" "Browns D/ST" "0.40-10.18" 24.75 2.44 0.56 0.5 0.02 0.14 "#8" 10.18 0.4 4.89 23.9121 5 0 358.7 5 -1 4.44
"7" "Jets D/ST" "0.34-11.16" 24.31 1.95 0.72 0.8 0.04 0.06 "#16" 11.16 0.34 5.41 29.2681 5 0 356.412 5 -1 4.43
"15" "Dolphins D/ST" "1.27-9.77" 23.59 1.74 0.94 0.62 0.04 0.08 "#16" 9.77 1.27 4.25 18.0625 5 0 352.668 5 -1 4.42
"12" "Raiders D/ST" "0.22-11.60" 27.31 2.06 0.88 0.42 0.04 0.28 "#11" 11.6 0.22 5.69 32.3761 6 -1 372.012 5 -1 4.42
"15" "Saints D/ST" "0.25-10.09" 26.42 1.98 0.76 0.42 0 0.18 "#8" 10.09 0.25 4.92 24.2064 5 0 367.384 5 -1 4.42
"17" "Saints D/ST" "0.25-10.09" 26.42 1.98 0.76 0.42 0 0.18 "#8" 10.09 0.25 4.92 24.2064 5 0 367.384 5 -1 4.42
"6" "Bengals D/ST" "0.75-11.33" 26.89 2.2 0.78 0.6 0.06 0.22 "#9" 11.33 0.75 5.29 27.9841 6 -1 369.828 5 -1 4.4
"17" "Bengals D/ST" "0.75-11.33" 26.89 2.2 0.78 0.6 0.06 0.22 "#9" 11.33 0.75 5.29 27.9841 6 -1 369.828 5 -1 4.4
"16" "Titans D/ST" "1.27-9.07" 25.75 1.78 0.6 0.66 0 0.18 "#10" 9.07 1.27 3.9 15.21 5 0 363.9 5 -1 4.38
"7" "Texans D/ST" "-0.21-10.47" 26.46 2.06 0.68 0.52 0.02 0.14 "#19" 10.47 -0.21 5.34 28.5156 5 0 367.592 5 -1 4.34
"17" "Texans D/ST" "-0.21-10.47" 26.46 2.06 0.68 0.52 0.02 0.14 "#19" 10.47 -0.21 5.34 28.5156 5 0 367.592 5 -1 4.34
"16" "Falcons D/ST" "-1.29-12.23" 27.66 1.78 0.98 0.58 0.04 0.22 "#8" 12.23 -1.29 6.76 45.6976 6 -1 373.832 5 -1 4.3
"12" "Jets D/ST" "0.45-9.81" 25.66 1.84 0.76 0.7 0.02 0.08 "#21" 9.81 0.45 4.68 21.9024 5 0 363.432 5 -1 4.28
"17" "Jets D/ST" "0.45-9.81" 25.66 1.84 0.76 0.7 0.02 0.08 "#21" 9.81 0.45 4.68 21.9024 5 0 363.432 5 -1 4.28
"15" "Patriots D/ST" "-1.62-12.06" 30.89 1.64 0.78 0.68 0.02 0.28 "#9" 12.06 -1.62 6.84 46.7856 6 -1 390.628 5 -1 4.28
"15" "Redskins D/ST" "-0.21-10.19" 23.79 2.17 0.88 0.42 0 0.08 "#19" 10.19 -0.21 5.2 27.04 5 0 353.708 5 -1 4.25
"11" "Broncos D/ST" "0.26-10.40" 28.35 1.96 0.82 0.56 0.04 0.24 "#5" 10.4 0.26 5.07 25.7049 6 -1 377.42 5 -1 4.24
"17" "Broncos D/ST" "0.26-10.40" 28.35 1.96 0.82 0.56 0.04 0.24 "#5" 10.4 0.26 5.07 25.7049 6 -1 377.42 5 -1 4.24
"13" "Chargers D/ST" "0.19-10.69" 28.57 2.07 0.92 0.52 0.04 0.2 "#9" 10.69 0.19 5.25 27.5625 6 -1 378.564 5 -1 4.23
"6" "Broncos D/ST" "0.93-10.63" 26.74 2.06 0.88 0.62 0.02 0.18 "#2" 10.63 0.93 4.85 23.5225 6 -1 369.048 5 -1 4.18
"2" "Giants D/ST" "0.36-9.62" 25.4 2.1 0.78 0.4 0 0.12 "#29" 9.62 0.36 4.63 21.4369 5 0 362.08 5 -1 4.18
"11" "Jaguars D/ST" "0.42-10.02" 23.32 1.94 0.8 0.58 0.04 0.06 "#9" 10.02 0.42 4.8 23.04 5 0 351.264 5 -1 4.14
"2" "49ers D/ST" "0.12-8.82" 26.26 1.75 0.78 0.6 0 0.1 "#26" 8.82 0.12 4.35 18.9225 5 0 366.552 5 -1 4.11
"13" "Chiefs D/ST" "0.45-9.51" 25.73 1.78 0.78 0.5 0.02 0.12 "#14" 9.51 0.45 4.53 20.5209 5 0 363.796 5 -1 4.1
"17" "Chiefs D/ST" "0.45-9.51" 25.73 1.78 0.78 0.5 0.02 0.12 "#14" 9.51 0.45 4.53 20.5209 5 0 363.796 5 -1 4.1
"14" "Chiefs D/ST" "0.02-9.40" 25.95 2.01 0.68 0.62 0 0.08 "#11" 9.4 0.02 4.69 21.9961 5 0 364.94 5 -1 4.09
"14" "Dolphins D/ST" "0.78-9.74" 23.81 1.48 0.8 0.56 0.02 0.14 "#21" 9.74 0.78 4.48 20.0704 5 0 353.812 5 -1 4.08
"11" "Texans D/ST" "-0.52-12.18" 26.79 2.04 0.76 0.68 0.04 0.18 "#10" 12.18 -0.52 6.35 40.3225 6 -1 369.308 5 -1 4.08
"12" "Broncos D/ST" "-0.07-10.65" 27.44 1.94 0.76 0.62 0.02 0.22 "#9" 10.65 -0.07 5.36 28.7296 6 -1 372.688 5 -1 4.06
"14" "Saints D/ST" "0.44-10.64" 26.89 2 0.86 0.64 0.04 0.16 "#4" 10.64 0.44 5.1 26.01 6 -1 369.828 5 -1 4.04
"1" "Colts D/ST" "-0.42-9.68" 26.32 1.78 0.86 0.42 0.04 0.1 "#7" 9.68 -0.42 5.05 25.5025 5 0 366.864 5 -1 4.02
"3" "Lions D/ST" "-0.68-11.68" 27.95 1.78 0.93 0.77 0.03 0.13 "#21" 11.68 -0.68 6.18 38.1924 6 -1 375.34 5 -1 4.02
"5" "Jaguars D/ST" "0.04-10.18" 27.7 2.06 0.82 0.7 0.04 0.14 "#1" 10.18 0.04 5.07 25.7049 6 -1 374.04 5 -1 4.02
"16" "Buccaneers D/ST" "-1.23-10.85" 25.91 1.9 0.87 0.48 0.02 0.06 "#29" 10.85 -1.23 6.04 36.4816 5 0 364.732 5 -1 4
"6" "Raiders D/ST" "0.52-10.40" 26.85 1.92 0.84 0.72 0.06 0.14 "#25" 10.4 0.52 4.94 24.4036 6 -1 369.62 5 -1 4
"2" "Packers D/ST" "0.43-10.53" 27.56 1.8 0.72 0.7 0.06 0.2 "#16" 10.53 0.43 5.05 25.5025 6 -1 373.312 5 -1 3.96
"16" "Dolphins D/ST" "1.34-8.62" 23.92 1.95 0.78 0.52 0 0.06 "#19" 8.62 1.34 3.64 13.2496 5 0 354.384 5 -1 3.91
"2" "Bills D/ST" "0.65-9.45" 27.63 1.88 0.88 0.54 0.04 0.18 "#5" 9.45 0.65 4.4 19.36 6 -1 373.676 5 -1 3.88
"10" "Steelers D/ST" "0.35-9.35" 25.93 1.76 0.56 0.44 0.02 0.18 "#8" 9.35 0.35 4.5 20.25 5 0 364.836 5 -1 3.88
"10" "Panthers D/ST" "0.30-10.04" 27.47 2.06 0.9 0.7 0 0.1 "#9" 10.04 0.3 4.87 23.7169 6 -1 372.844 5 -1 3.86
"5" "Redskins D/ST" "0.00-10.14" 28.39 1.76 0.86 0.38 0 0.26 "#3" 10.14 0 5.07 25.7049 6 -1 377.628 5 -1 3.8
"16" "Saints D/ST" "0.40-9.92" 27.43 1.86 0.86 0.66 0.02 0.14 "#9" 9.92 0.4 4.76 22.6576 6 -1 372.636 5 -1 3.78
"7" "Panthers D/ST" "0.48-9.24" 24.51 1.84 0.88 0.4 0 0.06 "#12" 9.24 0.48 4.38 19.1844 5 0 357.452 5 -1 3.76
"5" "Texans D/ST" "-1.10-11.84" 27.01 2.02 0.62 0.62 0.02 0.2 "#29" 11.84 -1.1 6.47 41.8609 6 -1 370.452 5 -1 3.74
"7" "Titans D/ST" "0.08-11.06" 27.17 2.02 0.72 0.66 0 0.16 "#5" 11.06 0.08 5.49 30.1401 6 -1 371.284 5 -1 3.74
"2" "Buccaneers D/ST" "-0.10-10.24" 27.35 1.98 0.72 0.64 0.04 0.16 "#12" 10.24 -0.1 5.17 26.7289 6 -1 372.22 5 -1 3.74
"5" "Giants D/ST" "-0.42-11.40" 26.58 1.82 0.84 0.56 0 0.18 "#8" 11.4 -0.42 5.91 34.9281 6 -1 368.216 5 -1 3.7
"12" "Saints D/ST" "0.29-10.11" 26.98 2.14 0.68 0.66 0.02 0.14 "#6" 10.11 0.29 4.91 24.1081 6 -1 370.296 5 -1 3.7
"3" "Bills D/ST" "-0.91-11.17" 27.26 1.98 0.72 0.79 0.04 0.1 "#16" 11.17 -0.91 6.04 36.4816 6 -1 371.752 5 -1 3.68
"11" "Steelers D/ST" "0.81-10.21" 26.67 1.7 0.86 0.54 0.04 0.18 "#19" 10.21 0.81 4.7 22.09 6 -1 368.684 5 -1 3.66
"9" "Raiders D/ST" "-0.35-10.23" 28.66 2.16 0.78 0.38 0.02 0.18 "#13" 10.23 -0.35 5.29 27.9841 6 -1 379.032 5 -1 3.6
"5" "Falcons D/ST" "-0.98-11.06" 27.85 1.6 0.88 0.56 0.02 0.18 "#9" 11.06 -0.98 6.02 36.2404 6 -1 374.82 5 -1 3.6
"7" "Chiefs D/ST" "0.59-9.57" 26.84 1.96 0.76 0.6 0.02 0.14 "#7" 9.57 0.59 4.49 20.1601 6 -1 369.568 5 -1 3.56
"16" "Cardinals D/ST" "-0.16-10.32" 27.21 1.9 0.72 0.62 0 0.16 "#2" 10.32 -0.16 5.24 27.4576 6 -1 371.492 5 -1 3.54
"6" "Browns D/ST" "-0.41-10.77" 26.62 1.56 0.98 0.54 0.02 0.14 "#5" 10.77 -0.41 5.59 31.2481 6 -1 368.424 5 -1 3.48
"5" "Steelers D/ST" "-0.12-9.52" 27.84 2.04 0.62 0.64 0.04 0.14 "#6" 9.52 -0.12 4.82 23.2324 6 -1 374.768 5 -1 3.48
"13" "Cowboys D/ST" "0.10-8.88" 30.34 1.78 0.72 0.56 0.02 0.18 "#3" 8.88 0.1 4.39 19.2721 6 -1 387.768 5 -1 3.46
"10" "Cardinals D/ST" "0.16-9.48" 26.84 1.85 0.72 0.6 0 0.16 "#1" 9.48 0.16 4.66 21.7156 6 -1 369.568 5 -1 3.45
"15" "Steelers D/ST" "-0.11-9.95" 27.49 1.92 0.66 0.54 0.02 0.18 "#21" 9.95 -0.11 5.03 25.3009 6 -1 372.948 5 -1 3.44
"10" "Colts D/ST" "-0.21-10.67" 26.58 2.34 0.58 0.54 0.06 0.12 "#19" 10.67 -0.21 5.44 29.5936 6 -1 368.216 5 -1 3.42
"13" "Colts D/ST" "-0.21-10.67" 26.58 2.34 0.58 0.54 0.06 0.12 "#19" 10.67 -0.21 5.44 29.5936 6 -1 368.216 5 -1 3.42
"15" "Raiders D/ST" "-0.02-10.10" 27.03 1.82 0.82 0.42 0.02 0.18 "#7" 10.1 -0.02 5.06 25.6036 6 -1 370.556 5 -1 3.42
"9" "Seahawks D/ST" "0.11-9.81" 26.56 2 0.92 0.54 0 0.08 "#5" 9.81 0.11 4.85 23.5225 6 -1 368.112 5 -1 3.4
"5" "Colts D/ST" "-1.09-9.07" 31.15 1.64 0.48 0.72 0.02 0.22 "#21" 9.07 -1.09 5.08 25.8064 6 -1 391.98 5 -1 3.4
"10" "Bengals D/ST" "-0.21-10.09" 27.03 1.94 0.78 0.52 0.04 0.12 "#3" 10.09 -0.21 5.15 26.5225 6 -1 370.556 5 -1 3.34
"5" "Chiefs D/ST" "-0.19-9.33" 28.08 2.12 0.56 0.62 0 0.14 "#19" 9.33 -0.19 4.76 22.6576 6 -1 376.016 5 -1 3.32
"9" "Redskins D/ST" "-0.49-9.53" 27.89 1.8 0.88 0.4 0 0.16 "#6" 9.53 -0.49 5.01 25.1001 6 -1 375.028 5 -1 3.32
"12" "Falcons D/ST" "-1.36-10.00" 30.3 1.55 0.78 0.7 0.04 0.12 "#3" 10 -1.36 5.68 32.2624 6 -1 387.56 5 -1 3.31
"5" "Seahawks D/ST" "-0.41-9.73" 27.84 1.88 0.74 0.46 0.02 0.16 "#2" 9.73 -0.41 5.07 25.7049 6 -1 374.768 5 -1 3.28
"10" "Seahawks D/ST" "-0.41-9.73" 27.84 1.88 0.74 0.46 0.02 0.16 "#2" 9.73 -0.41 5.07 25.7049 6 -1 374.768 5 -1 3.28
"1" "Texans D/ST" "-1.11-9.47" 29.36 2.11 0.62 0.59 0.07 0.1 "#21" 9.47 -1.11 5.29 27.9841 6 -1 382.672 5 -1 3.27
"8" "Broncos D/ST" "-0.28-9.58" 27.92 1.86 0.66 0.56 0 0.16 "#1" 9.58 -0.28 4.93 24.3049 6 -1 375.184 5 -1 3.26
"11" "Cowboys D/ST" "-1.02-10.38" 27.64 1.88 0.64 0.6 0.02 0.14 "#6" 10.38 -1.02 5.7 32.49 6 -1 373.728 5 -1 3.24
"16" "Seahawks D/ST" "-0.64-9.58" 27.42 2 0.88 0.42 0.02 0.1 "#1" 9.58 -0.64 5.11 26.1121 6 -1 372.584 5 -1 3.24
"8" "Browns D/ST" "-0.29-9.67" 27.58 1.46 0.94 0.44 0.02 0.16 "#9" 9.67 -0.29 4.98 24.8004 6 -1 373.416 5 -1 3.22
"11" "Eagles D/ST" "-0.52-9.98" 26.75 1.94 0.82 0.5 0.02 0.1 "#3" 9.98 -0.52 5.25 27.5625 6 -1 369.1 5 -1 3.22
"9" "Rams D/ST" "-0.61-9.75" 28.12 1.7 0.86 0.3 0 0.2 "#3" 9.75 -0.61 5.18 26.8324 6 -1 376.224 5 -1 3.22
"7" "Giants D/ST" "-0.40-9.92" 27.41 1.84 0.66 0.58 0.02 0.14 "#6" 9.92 -0.4 5.16 26.6256 6 -1 372.532 5 -1 3.2
"13" "Steelers D/ST" "-0.24-8.76" 29 1.84 0.72 0.58 0 0.12 "#5" 8.76 -0.24 4.5 20.25 6 -1 380.8 5 -1 3.16
"11" "Rams D/ST" "-0.46-9.16" 28.28 1.84 0.74 0.28 0 0.2 "#1" 9.16 -0.46 4.81 23.1361 6 -1 377.056 5 -1 3.08
"16" "Steelers D/ST" "-0.46-8.62" 29.91 1.96 0.84 0.52 0.02 0.06 "#3" 8.62 -0.46 4.54 20.6116 6 -1 385.532 5 -1 3.08
"2" "Colts D/ST" "-0.31-8.83" 27.83 1.56 0.82 0.62 0 0.1 "#10" 8.83 -0.31 4.57 20.8849 6 -1 374.716 5 -1 3.04
"14" "Bears D/ST" "-0.21-9.19" 26.73 2.21 0.56 0.64 0 0.06 "#2" 9.19 -0.21 4.7 22.09 6 -1 368.996 5 -1 2.97
"9" "Browns D/ST" "-0.89-10.43" 26.9 1.4 0.86 0.6 0.02 0.1 "#1" 10.43 -0.89 5.66 32.0356 6 -1 369.88 5 -1 2.96
"2" "Chiefs D/ST" "-1.05-8.65" 29.79 1.4 0.82 0.62 0.04 0.1 "#9" 8.65 -1.05 4.85 23.5225 6 -1 384.908 5 -1 2.96
"6" "Chiefs D/ST" "-1.06-8.10" 31.51 1.64 0.72 0.52 0 0.14 "#21" 8.1 -1.06 4.58 20.9764 6 -1 393.852 5 -1 2.96
"14" "Raiders D/ST" "-1.74-8.76" 31.81 1.84 0.62 0.64 0.02 0.08 "#9" 8.76 -1.74 5.25 27.5625 6 -1 395.412 5 -1 2.88
"1" "49ers D/ST" "-0.12-8.04" 28.39 1.66 0.64 0.68 0.02 0.08 "#16" 8.04 -0.12 4.08 16.6464 6 -1 377.628 5 -1 2.82
"6" "Buccaneers D/ST" "-0.92-8.36" 29.19 1.8 0.62 0.54 0.04 0.1 "#6" 8.36 -0.92 4.64 21.5296 6 -1 381.788 5 -1 2.8
"17" "Buccaneers D/ST" "-0.92-8.36" 29.19 1.8 0.62 0.54 0.04 0.1 "#6" 8.36 -0.92 4.64 21.5296 6 -1 381.788 5 -1 2.8
"13" "Lions D/ST" "-0.05-7.87" 27.93 1.68 0.62 0.64 0.04 0.08 "#2" 7.87 -0.05 3.96 15.6816 6 -1 375.236 5 -1 2.76
"9" "Packers D/ST" "-0.80-8.20" 29.22 1.66 0.54 0.54 0.04 0.14 "#21" 8.2 -0.8 4.5 20.25 6 -1 381.944 5 -1 2.74
"12" "Packers D/ST" "-0.65-8.63" 27.49 1.6 0.62 0.5 0.02 0.14 "#16" 8.63 -0.65 4.64 21.5296 6 -1 372.948 5 -1 2.72
"16" "Texans D/ST" "-0.97-8.77" 29.89 1.6 0.56 0.5 0.02 0.16 "#12" 8.77 -0.97 4.87 23.7169 6 -1 385.428 5 -1 2.72
"7" "Bengals D/ST" "-0.80-8.98" 28.05 1.68 0.74 0.56 0.04 0.06 "#1" 8.98 -0.8 4.89 23.9121 6 -1 375.86 5 -1 2.72
"16" "Chiefs D/ST" "0.22-7.98" 27.66 1.86 0.66 0.44 0.02 0.1 "#25" 7.98 0.22 3.88 15.0544 6 -1 373.832 5 -1 2.7
"9" "Buccaneers D/ST" "-0.98-8.26" 29.47 1.78 0.64 0.6 0.02 0.06 "#8" 8.26 -0.98 4.62 21.3444 6 -1 383.244 5 -1 2.66
"13" "Buccaneers D/ST" "-0.98-8.26" 29.47 1.78 0.64 0.6 0.02 0.06 "#8" 8.26 -0.98 4.62 21.3444 6 -1 383.244 5 -1 2.66
"12" "49ers D/ST" "-0.18-7.66" 28.6 1.58 0.7 0.54 0.04 0.08 "#4" 7.66 -0.18 3.92 15.3664 6 -1 378.72 5 -1 2.62
"1" "Buccaneers D/ST" "-1.98-8.48" 31.37 1.42 0.62 0.54 0.02 0.14 "#3" 8.48 -1.98 5.23 27.3529 6 -1 393.124 5 -1 2.62
"15" "Cardinals D/ST" "0.52-7.40" 27.2 1.42 0.74 0.66 0.02 0.06 "#6" 7.4 0.52 3.44 11.8336 6 -1 371.44 5 -1 2.62
"15" "Chargers D/ST" "-0.85-8.45" 27.83 1.94 0.78 0.36 0.04 0.04 "#1" 8.45 -0.85 4.65 21.6225 6 -1 374.716 5 -1 2.54
"10" "Buccaneers D/ST" "-1.47-9.59" 26.93 1.78 0.58 0.4 0.02 0.12 "#10" 9.59 -1.47 5.53 30.5809 6 -1 370.036 5 -1 2.5
"12" "Cardinals D/ST" "0.21-6.63" 29.26 1.48 0.66 0.56 0.02 0.08 "#5" 6.63 0.21 3.21 10.3041 6 -1 382.152 5 -1 2.44
"14" "Packers D/ST" "-0.93-7.41" 29.57 1.66 0.42 0.46 0.06 0.14 "#6" 7.41 -0.93 4.17 17.3889 6 -1 383.764 5 -1 2.38
"9" "Saints D/ST" "-0.80-6.68" 32.2 1.52 0.52 0.4 0 0.16 "#2" 6.68 -0.8 3.74 13.9876 6 -1 397.44 5 -1 2.32
"1" "Browns D/ST" "-1.42-7.00" 32.24 1.4 0.48 0.56 0 0.1 "#9" 7 -1.42 4.21 17.7241 6 -1 397.648 5 -1 2.08
"1" "Raiders D/ST" "-0.79-7.99" 28.09 1.52 0.52 0.4 0 0.12 "#2" 7.99 -0.79 4.39 19.2721 6 -1 376.068 5 -1 2.08
"6" "Patriots D/ST" "-1.73-9.49" 33.32 1.82 0.6 0.62 0 0.22 "#1" 9.49 -1.73 5.61 31.4721 6 -1 403.264 6 -3 1.58
"11" "Chiefs D/ST" "-1.20-7.38" 33.42 1.62 0.5 0.6 0.02 0.18 "#2" 7.38 -1.2 4.29 18.4041 6 -1 403.784 6 -3 0.94
"5" "Raiders D/ST" "-1.92-8.30" 32.81 1.62 0.74 0.6 0.02 0.08 "#5" 8.3 -1.92 5.11 26.1121 6 -1 400.612 6 -3 0.82
"10" "Raiders D/ST" "-1.92-8.30" 32.81 1.62 0.74 0.6 0.02 0.08 "#5" 8.3 -1.92 5.11 26.1121 6 -1 400.612 6 -3 0.82
"15" "Panthers D/ST" "-1.61-7.07" 33.26 1.68 0.76 0.5 0.02 0.08 "#3" 7.07 -1.61 4.34 18.8356 6 -1 402.952 6 -3 0.72
"17" "Panthers D/ST" "-1.61-7.07" 33.26 1.68 0.76 0.5 0.02 0.08 "#3" 7.07 -1.61 4.34 18.8356 6 -1 402.952 6 -3 0.72
"7" "49ers D/ST" "-2.50-7.28" 34.21 1.5 0.58 0.5 0 0.14 "#2" 7.28 -2.5 4.89 23.9121 6 -1 407.892 6 -3 0.5
"17" "49ers D/ST" "-2.50-7.28" 34.21 1.5 0.58 0.5 0 0.14 "#2" 7.28 -2.5 4.89 23.9121 6 -1 407.892 6 -3 0.5
"8" "Packers D/ST" "-2.86-7.38" 34.39 1.72 0.42 0.5 0 0.12 "#2" 7.38 -2.86 5.12 26.2144 6 -1 408.828 6 -3 0.28
"14" "Buccaneers D/ST" "-2.17-6.69" 32.68 1.38 0.4 0.56 0 0.12 "#3" 6.69 -2.17 4.43 19.6249 6 -1 399.936 6 -3 0.0199999999999998
"2" "Browns D/ST" "-2.64-6.62" 34.48 1.34 0.48 0.54 0 0.08 "#3" 6.62 -2.64 4.63 21.4369 6 -1 409.296 6 -3 -0.14
"15" "Chiefs D/ST" "-1.84-5.68" 32.99 1.34 0.5 0.58 0 0.06 "#5" 5.68 -1.84 3.76 14.1376 6 -1 401.548 6 -3 -0.14
"13" "Raiders D/ST" "-2.69-6.15" 35.07 1.4 0.66 0.46 0.02 0.06 "#1" 6.15 -2.69 4.42 19.5364 7 -3 412.364 6 -3 -1.96
"17" "Raiders D/ST" "-2.69-6.15" 35.07 1.4 0.66 0.46 0.02 0.06 "#1" 6.15 -2.69 4.42 19.5364 7 -3 412.364 6 -3 -1.96
