"Week" "Player" "range" "pts_all" "sacks" "INT" "fum" "SAF" "TD" "rnk" "max" "min" "std" "Var" "pts_all_grp" "pts_all_score" "yrds_est" "yrds_all_grp" "yrds_all_score" "Full_Proj"
"12" "Jaguars D/ST" "5.06-21.54" 12.83 3.33 1.1 0.96 0.1 0.38 "#32" 21.54 5.06 8.24 67.8976 3 3 296.716 3 2 14.93
"9" "Bears D/ST" "5.45-18.99" 12.59 3.32 1 0.86 0.04 0.3 "#32" 18.99 5.45 6.77 45.8329 3 3 295.468 3 2 13.92
"3" "Vikings D/ST" "4.71-16.87" 12.51 2.32 0.89 0.71 0.05 0.32 "#32" 16.87 4.71 6.08 36.9664 3 3 295.052 3 2 12.54
"16" "Jaguars D/ST" "6.78-20.62" 14.16 3.2 1.34 0.98 0 0.58 "#29" 20.62 6.78 6.92 47.8864 4 1 303.632 4 0 12.32
"2" "Rams D/ST" "6.96-19.84" 15.35 3.54 1.5 0.92 0.04 0.42 "#31" 19.84 6.96 6.44 41.4736 4 1 309.82 4 0 11.98
"1" "Ravens D/ST" "6.47-17.25" 16.72 3.11 1.56 0.66 0.1 0.35 "#32" 17.25 6.47 5.39 29.0521 4 1 316.944 4 0 10.85
"13" "Bears D/ST" "4.80-18.96" 16.24 2.71 1.52 0.9 0.04 0.34 "#22" 18.96 4.8 7.08 50.1264 4 1 314.448 4 0 10.67
"17" "Ravens D/ST" "5.43-19.57" 13.96 3.28 1.44 0.88 0.08 0.26 "#26" 19.57 5.43 7.07 49.9849 4 1 302.592 4 0 10.64
"1" "Jaguars D/ST" "5.18-19.26" 14.21 3.18 1.24 0.76 0.08 0.34 "#22" 19.26 5.18 7.04 49.5616 4 1 303.892 4 0 10.38
"5" "Ravens D/ST" "4.18-12.00" 13.34 1.66 0.7 0.45 0.04 0.2 "#26" 12 4.18 3.91 15.2881 3 3 299.368 3 2 10.24
"10" "Jaguars D/ST" "3.92-18.12" 16.33 2.72 1.4 0.6 0.02 0.4 "#20" 18.12 3.92 7.1 50.41 4 1 314.916 4 0 10.16
"13" "Jaguars D/ST" "3.92-18.12" 16.33 2.72 1.4 0.6 0.02 0.4 "#20" 18.12 3.92 7.1 50.41 4 1 314.916 4 0 10.16
"1" "Vikings D/ST" "4.09-18.43" 15.49 2.9 1.18 0.72 0.04 0.3 "#30" 18.43 4.09 7.17 51.4089 4 1 310.548 4 0 9.58
"17" "Steelers D/ST" "3.23-17.25" 22.14 2.68 1.16 0.98 0.02 0.42 "#4" 17.25 3.23 7.01 49.1401 5 0 345.128 4 0 9.52
"15" "Broncos D/ST" "4.89-17.49" 18.92 2.9 1.22 1.06 0.06 0.32 "#26" 17.49 4.89 6.3 39.69 5 0 328.384 4 0 9.5
"1" "Seahawks D/ST" "4.13-16.29" 16.34 3.02 1.16 0.72 0.02 0.26 "#14" 16.29 4.13 6.08 36.9664 4 1 314.968 4 0 9.38
"14" "Jaguars D/ST" "4.80-17.16" 14.81 3.14 1.2 0.68 0.12 0.2 "#25" 17.16 4.8 6.18 38.1924 4 1 307.012 4 0 9.34
"13" "Bills D/ST" "3.40-17.30" 16.24 2.95 1.2 0.66 0.04 0.24 "#29" 17.3 3.4 6.95 48.3025 4 1 314.448 4 0 9.19
"17" "Bills D/ST" "3.40-17.30" 16.24 2.95 1.2 0.66 0.04 0.24 "#29" 17.3 3.4 6.95 48.3025 4 1 314.448 4 0 9.19
"7" "Cardinals D/ST" "2.93-17.21" 16.99 2.58 1.06 0.76 0.02 0.32 "#14" 17.21 2.93 7.14 50.9796 4 1 318.348 4 0 9.18
"13" "Dolphins D/ST" "3.49-18.47" 17.78 2.5 1.34 0.76 0.04 0.38 "#32" 18.47 3.49 7.49 56.1001 5 0 322.456 4 0 9.06
"17" "Dolphins D/ST" "3.49-18.47" 17.78 2.5 1.34 0.76 0.04 0.38 "#32" 18.47 3.49 7.49 56.1001 5 0 322.456 4 0 9.06
"10" "Jets D/ST" "3.77-17.41" 18.16 2.92 1.16 0.84 0.04 0.34 "#32" 17.41 3.77 6.82 46.5124 5 0 324.432 4 0 9.04
"14" "Jets D/ST" "3.77-17.41" 18.16 2.92 1.16 0.84 0.04 0.34 "#32" 17.41 3.77 6.82 46.5124 5 0 324.432 4 0 9.04
"1" "Redskins D/ST" "4.97-16.75" 17.6 2.79 1.46 0.53 0.02 0.37 "#31" 16.75 4.97 5.89 34.6921 5 0 321.52 4 0 9.03
"15" "Browns D/ST" "3.25-16.69" 16.07 2.73 1.04 0.72 0.02 0.28 "#14" 16.69 3.25 6.72 45.1584 4 1 313.564 4 0 8.97
"2" "Seahawks D/ST" "3.37-15.73" 16.85 3.1 1.16 0.8 0.02 0.14 "#17" 15.73 3.37 6.18 38.1924 4 1 317.62 4 0 8.9
"6" "Texans D/ST" "2.09-16.65" 22.94 3.4 0.95 1.05 0.02 0.24 "#32" 16.65 2.09 7.28 52.9984 5 0 349.288 4 0 8.88
"17" "Seahawks D/ST" "3.79-16.83" 18.42 2.84 1.1 0.84 0.04 0.34 "#31" 16.83 3.79 6.52 42.5104 5 0 325.784 4 0 8.84
"2" "Texans D/ST" "2.99-16.23" 22.84 3.42 1.22 1.08 0.04 0.12 "#25" 16.23 2.99 6.62 43.8244 5 0 348.768 4 0 8.82
"9" "Jets D/ST" "4.01-16.09" 18.92 2.69 1.28 0.78 0.1 0.3 "#29" 16.09 4.01 6.04 36.4816 5 0 328.384 4 0 8.81
"8" "Bears D/ST" "3.53-17.49" 18.07 2.72 1.1 0.86 0.04 0.34 "#24" 17.49 3.53 6.98 48.7204 5 0 323.964 4 0 8.76
"2" "Broncos D/ST" "2.66-15.96" 21.88 2.86 1.08 0.66 0.06 0.38 "#13" 15.96 2.66 6.65 44.2225 5 0 343.776 4 0 8.74
"14" "Steelers D/ST" "3.09-16.05" 21.43 2.64 1.14 0.98 0.02 0.3 "#13" 16.05 3.09 6.48 41.9904 5 0 341.436 4 0 8.72
"12" "Ravens D/ST" "2.15-17.35" 21.22 2.54 1.04 0.9 0.06 0.36 "#13" 17.35 2.15 7.6 57.76 5 0 340.344 4 0 8.7
"2" "Chargers D/ST" "1.37-17.85" 19.46 2.77 1.42 0.88 0.09 0.19 "#32" 17.85 1.37 8.24 67.8976 5 0 331.192 4 0 8.69
"14" "49ers D/ST" "3.95-14.83" 20.81 2.9 1.32 0.72 0.12 0.24 "#14" 14.83 3.95 5.44 29.5936 5 0 338.212 4 0 8.66
"2" "Saints D/ST" "3.61-15.35" 17.02 2.27 1.17 0.68 0.02 0.27 "#26" 15.35 3.61 5.87 34.4569 4 1 318.504 4 0 8.63
"16" "Rams D/ST" "3.78-14.58" 17.41 2.54 1.22 0.58 0.06 0.22 "#31" 14.58 3.78 5.4 29.16 4 1 320.532 4 0 8.58
"3" "Jaguars D/ST" "5.28-14.44" 15.14 2.57 1.17 0.49 0.03 0.27 "#25" 14.44 5.28 4.58 20.9764 4 1 308.728 4 0 8.57
"2" "Lions D/ST" "2.72-15.64" 21.36 2.12 1.4 0.68 0.04 0.36 "#30" 15.64 2.72 6.46 41.7316 5 0 341.072 4 0 8.52
"16" "Bears D/ST" "3.54-16.54" 17.94 2.76 1.08 0.82 0.06 0.3 "#30" 16.54 3.54 6.5 42.25 5 0 323.288 4 0 8.48
"8" "Jaguars D/ST" "4.39-15.31" 18.93 2.52 1.06 0.68 0.08 0.38 "#28" 15.31 4.39 5.46 29.8116 5 0 328.436 4 0 8.44
"14" "Panthers D/ST" "2.92-16.18" 20.4 2.63 1.3 0.78 0.04 0.26 "#26" 16.18 2.92 6.63 43.9569 5 0 336.08 4 0 8.43
"14" "Broncos D/ST" "3.39-13.81" 22.37 2.82 1.18 0.74 0.02 0.28 "#30" 13.81 3.39 5.21 27.1441 5 0 346.324 4 0 8.38
"15" "Vikings D/ST" "4.09-15.63" 17.81 2.9 1.2 0.88 0.06 0.2 "#29" 15.63 4.09 5.77 33.2929 5 0 322.612 4 0 8.38
"12" "Eagles D/ST" "4.61-15.61" 17.82 2.78 1.08 0.74 0.08 0.3 "#22" 15.61 4.61 5.5 30.25 5 0 322.664 4 0 8.38
"13" "Seahawks D/ST" "3.51-15.25" 16.62 2.46 1.06 0.72 0.08 0.2 "#30" 15.25 3.51 5.87 34.4569 4 1 316.424 4 0 8.38
"15" "Seahawks D/ST" "3.51-15.25" 16.62 2.46 1.06 0.72 0.08 0.2 "#30" 15.25 3.51 5.87 34.4569 4 1 316.424 4 0 8.38
"4" "Packers D/ST" "1.43-15.97" 22.29 2.78 1.07 0.87 0.07 0.26 "#32" 15.97 1.43 7.27 52.8529 5 0 345.908 4 0 8.36
"7" "Bills D/ST" "4.36-14.70" 15.59 2.86 1.12 0.6 0.04 0.16 "#20" 14.7 4.36 5.17 26.7289 4 1 311.068 4 0 8.34
"2" "Jets D/ST" "4.33-14.41" 15.78 2.58 1.1 0.72 0.02 0.18 "#29" 14.41 4.33 5.04 25.4016 4 1 312.056 4 0 8.34
"16" "Eagles D/ST" "4.14-15.20" 20.22 2.5 1.06 0.9 0.1 0.28 "#11" 15.2 4.14 5.53 30.5809 5 0 335.144 4 0 8.3
"11" "Seahawks D/ST" "3.88-15.34" 18.91 3.3 1.1 0.8 0.04 0.18 "#16" 15.34 3.88 5.73 32.8329 5 0 328.332 4 0 8.26
"2" "Redskins D/ST" "2.66-14.82" 21.72 2.12 1.36 0.7 0.04 0.32 "#20" 14.82 2.66 6.08 36.9664 5 0 342.944 4 0 8.24
"3" "Bears D/ST" "3.72-14.46" 16.01 2.44 1.09 0.49 0.02 0.26 "#31" 14.46 3.72 5.37 28.8369 4 1 313.252 4 0 8.2
"15" "Redskins D/ST" "3.25-14.79" 20.7 2 1.32 0.78 0.02 0.32 "#23" 14.79 3.25 5.77 33.2929 5 0 337.64 4 0 8.16
"2" "Vikings D/ST" "2.99-16.13" 18.67 2.35 1.34 0.8 0.04 0.24 "#16" 16.13 2.99 6.57 43.1649 5 0 327.084 4 0 8.15
"4" "Jaguars D/ST" "4.01-14.65" 15.29 2.5 1.06 0.61 0.02 0.21 "#24" 14.65 4.01 5.32 28.3024 4 1 309.508 4 0 8.14
"1" "Steelers D/ST" "3.28-16.28" 18.21 2.46 1.16 0.82 0.02 0.28 "#26" 16.28 3.28 6.5 42.25 5 0 324.692 4 0 8.14
"16" "Jets D/ST" "2.21-14.29" 22.95 3.12 0.96 0.72 0.08 0.24 "#16" 14.29 2.21 6.04 36.4816 5 0 349.34 4 0 8.08
"1" "Rams D/ST" "3.44-15.00" 20.04 2.72 1.18 0.8 0.04 0.22 "#13" 15 3.44 5.78 33.4084 5 0 334.208 4 0 8.08
"9" "Dolphins D/ST" "2.21-16.49" 19.3 2.84 0.89 0.88 0.06 0.26 "#24" 16.49 2.21 7.14 50.9796 5 0 330.36 4 0 8.06
"3" "Texans D/ST" "2.57-14.63" 22.06 2.56 0.95 0.79 0.04 0.32 "#22" 14.63 2.57 6.03 36.3609 5 0 344.712 4 0 8.04
"6" "Vikings D/ST" "3.70-14.88" 18.58 2.78 1.18 0.86 0.04 0.18 "#31" 14.88 3.7 5.59 31.2481 5 0 326.616 4 0 8.02
"1" "Jets D/ST" "0.99-16.83" 21.84 2.3 1.09 0.8 0 0.32 "#15" 16.83 0.99 7.92 62.7264 5 0 343.568 4 0 8
"13" "Browns D/ST" "3.26-14.44" 22.01 2.42 1.14 0.78 0.08 0.26 "#11" 14.44 3.26 5.59 31.2481 5 0 344.452 4 0 7.98
"1" "Saints D/ST" "2.89-14.39" 22.48 2.3 1.02 0.94 0.04 0.28 "#8" 14.39 2.89 5.75 33.0625 5 0 346.896 4 0 7.98
"10" "Chiefs D/ST" "3.63-14.29" 20.92 2.68 1.12 0.86 0.06 0.2 "#31" 14.29 3.63 5.33 28.4089 5 0 338.784 4 0 7.96
"6" "Bears D/ST" "3.67-14.19" 16.98 2.3 0.75 0.79 0.01 0.26 "#29" 14.19 3.67 5.26 27.6676 4 1 318.296 4 0 7.96
"15" "Cowboys D/ST" "3.91-13.07" 22.2 2.84 1.08 0.7 0 0.26 "#20" 13.07 3.91 4.58 20.9764 5 0 345.44 4 0 7.96
"12" "Giants D/ST" "2.72-14.70" 21.59 2.18 0.96 0.66 0.06 0.4 "#28" 14.7 2.72 5.99 35.8801 5 0 342.268 4 0 7.94
"11" "Raiders D/ST" "3.46-13.54" 22.3 2.12 0.92 0.68 0.04 0.42 "#31" 13.54 3.46 5.04 25.4016 5 0 345.96 4 0 7.92
"13" "Redskins D/ST" "2.99-14.57" 20.54 2.28 1.44 0.62 0.1 0.22 "#28" 14.57 2.99 5.79 33.5241 5 0 336.808 4 0 7.92
"17" "Redskins D/ST" "2.99-14.57" 20.54 2.28 1.44 0.62 0.1 0.22 "#28" 14.57 2.99 5.79 33.5241 5 0 336.808 4 0 7.92
"4" "Seahawks D/ST" "4.29-13.39" 15.66 2.24 0.94 0.67 0.02 0.23 "#31" 13.39 4.29 4.55 20.7025 4 1 311.432 4 0 7.88
"2" "Bears D/ST" "1.92-16.08" 19.47 2.38 1 0.78 0.06 0.3 "#18" 16.08 1.92 7.08 50.1264 5 0 331.244 4 0 7.86
"12" "Colts D/ST" "2.40-15.50" 20.61 2.26 1.16 0.82 0.04 0.26 "#29" 15.5 2.4 6.55 42.9025 5 0 337.172 4 0 7.86
"15" "Falcons D/ST" "2.45-14.67" 21.56 2.64 1.12 0.82 0 0.22 "#31" 14.67 2.45 6.11 37.3321 5 0 342.112 4 0 7.84
"15" "Jaguars D/ST" "3.90-14.90" 18.61 2.56 1.16 0.68 0.08 0.24 "#21" 14.9 3.9 5.5 30.25 5 0 326.772 4 0 7.84
"4" "Rams D/ST" "1.28-15.34" 22.92 2.5 1.2 0.63 0.02 0.27 "#10" 15.34 1.28 7.03 49.4209 5 0 349.184 4 0 7.82
"13" "Cardinals D/ST" "3.29-14.73" 19.37 3.04 1.16 0.68 0 0.18 "#16" 14.73 3.29 5.72 32.7184 5 0 330.724 4 0 7.8
"9" "Steelers D/ST" "3.11-14.21" 21.35 2.5 1.1 0.8 0.02 0.24 "#9" 14.21 3.11 5.55 30.8025 5 0 341.02 4 0 7.78
"8" "Eagles D/ST" "3.06-14.80" 20 2.36 1.12 0.76 0.04 0.26 "#23" 14.8 3.06 5.87 34.4569 5 0 334 4 0 7.76
"9" "Vikings D/ST" "2.83-14.29" 20.44 2.55 1.2 0.84 0.02 0.18 "#15" 14.29 2.83 5.73 32.8329 5 0 336.288 4 0 7.75
"16" "Vikings D/ST" "2.83-14.29" 20.44 2.55 1.2 0.84 0.02 0.18 "#15" 14.29 2.83 5.73 32.8329 5 0 336.288 4 0 7.75
"5" "Panthers D/ST" "3.73-13.83" 19.18 2.1 1.3 0.56 0.05 0.3 "#22" 13.83 3.73 5.05 25.5025 5 0 329.736 4 0 7.72
"17" "Browns D/ST" "3.34-14.06" 20.51 2.2 1.26 0.68 0.04 0.26 "#9" 14.06 3.34 5.36 28.7296 5 0 336.652 4 0 7.72
"12" "Vikings D/ST" "2.00-14.28" 22.16 2.83 1.02 0.7 0.06 0.22 "#16" 14.28 2 6.14 37.6996 5 0 345.232 4 0 7.71
"8" "49ers D/ST" "2.47-15.37" 20.35 2.54 0.96 0.64 0.02 0.32 "#31" 15.37 2.47 6.45 41.6025 5 0 335.82 4 0 7.7
"11" "Titans D/ST" "3.34-13.28" 22.2 2.62 0.98 0.72 0 0.28 "#20" 13.28 3.34 4.97 24.7009 5 0 345.44 4 0 7.7
"17" "Titans D/ST" "3.34-13.28" 22.2 2.62 0.98 0.72 0 0.28 "#20" 13.28 3.34 4.97 24.7009 5 0 345.44 4 0 7.7
"15" "Bears D/ST" "3.77-14.33" 19.58 2.6 1.15 0.72 0.02 0.22 "#16" 14.33 3.77 5.28 27.8784 5 0 331.816 4 0 7.7
"5" "49ers D/ST" "3.00-13.78" 21.45 2.58 0.92 0.77 0.02 0.28 "#31" 13.78 3 5.39 29.0521 5 0 341.54 4 0 7.68
"10" "Bills D/ST" "2.23-14.39" 21.7 2.88 0.7 0.92 0.06 0.24 "#24" 14.39 2.23 6.08 36.9664 5 0 342.84 4 0 7.68
"14" "Bills D/ST" "2.23-14.39" 21.7 2.88 0.7 0.92 0.06 0.24 "#24" 14.39 2.23 6.08 36.9664 5 0 342.84 4 0 7.68
"7" "Colts D/ST" "2.47-14.99" 20.65 2.23 1.03 0.79 0.06 0.28 "#32" 14.99 2.47 6.26 39.1876 5 0 337.38 4 0 7.67
"15" "Rams D/ST" "2.89-14.35" 20.5 2.26 1.42 0.58 0.1 0.2 "#28" 14.35 2.89 5.73 32.8329 5 0 336.6 4 0 7.66
"7" "Broncos D/ST" "3.49-13.77" 19.81 2.29 1.2 0.62 0.02 0.28 "#31" 13.77 3.49 5.14 26.4196 5 0 333.012 4 0 7.65
"2" "Bengals D/ST" "2.91-14.19" 19.99 2.4 1.14 0.66 0.02 0.26 "#9" 14.19 2.91 5.64 31.8096 5 0 333.948 4 0 7.6
"11" "Steelers D/ST" "2.30-14.66" 21.54 2.18 1.2 0.82 0.02 0.22 "#23" 14.66 2.3 6.18 38.1924 5 0 342.008 4 0 7.58
"17" "Cardinals D/ST" "2.32-14.58" 21.63 2.32 1.02 0.78 0.04 0.26 "#18" 14.58 2.32 6.13 37.5769 5 0 342.476 4 0 7.56
"1" "Titans D/ST" "3.59-14.83" 17.91 2.76 0.86 0.78 0.04 0.24 "#29" 14.83 3.59 5.62 31.5844 5 0 323.132 4 0 7.56
"11" "Cardinals D/ST" "2.75-14.73" 20.19 2.38 1.2 0.74 0.04 0.2 "#13" 14.73 2.75 5.99 35.8801 5 0 334.988 4 0 7.54
"17" "Cowboys D/ST" "3.49-13.11" 21.18 2.5 1.06 0.74 0 0.24 "#22" 13.11 3.49 4.81 23.1361 5 0 340.136 4 0 7.54
"1" "Patriots D/ST" "2.39-13.99" 21.84 2.42 1.12 0.7 0.02 0.24 "#11" 13.99 2.39 5.8 33.64 5 0 343.568 4 0 7.54
"12" "Dolphins D/ST" "3.17-13.43" 20.97 2.72 1.2 0.66 0 0.18 "#20" 13.43 3.17 5.13 26.3169 5 0 339.044 4 0 7.52
"7" "Jaguars D/ST" "3.09-15.31" 17.93 2.6 1.04 0.68 0.02 0.24 "#11" 15.31 3.09 6.11 37.3321 5 0 323.236 4 0 7.52
"17" "Jaguars D/ST" "3.09-15.31" 17.93 2.6 1.04 0.68 0.02 0.24 "#11" 15.31 3.09 6.11 37.3321 5 0 323.236 4 0 7.52
"3" "Chiefs D/ST" "1.66-13.94" 22.72 2.41 1.07 0.66 0.04 0.26 "#30" 13.94 1.66 6.14 37.6996 5 0 348.144 4 0 7.51
"6" "Packers D/ST" "1.51-16.03" 23.83 2.54 1.51 0.9 0.03 0.18 "#30" 16.03 1.51 7.26 52.7076 5 0 353.916 5 -1 7.5
"5" "Rams D/ST" "2.54-13.94" 20.34 2.14 1.26 0.71 0.04 0.22 "#18" 13.94 2.54 5.7 32.49 5 0 335.768 4 0 7.48
"4" "Chargers D/ST" "0.96-16.42" 24.07 3.22 1.34 0.55 0.03 0.23 "#30" 16.42 0.96 7.73 59.7529 5 0 355.164 5 -1 7.44
"6" "Rams D/ST" "2.86-13.60" 21.09 2.1 1.3 0.61 0.1 0.22 "#14" 13.6 2.86 5.37 28.8369 5 0 339.668 4 0 7.44
"11" "Chargers D/ST" "3.23-13.15" 21.12 2.22 1.14 0.56 0 0.3 "#14" 13.15 3.23 4.96 24.6016 5 0 339.824 4 0 7.42
"17" "Chargers D/ST" "3.23-13.15" 21.12 2.22 1.14 0.56 0 0.3 "#14" 13.15 3.23 4.96 24.6016 5 0 339.824 4 0 7.42
"7" "Panthers D/ST" "2.77-12.83" 22.5 2.34 1.08 0.54 0.02 0.3 "#28" 12.83 2.77 5.03 25.3009 5 0 347 4 0 7.42
"10" "49ers D/ST" "2.41-14.93" 23.95 2.72 1.36 0.6 0.04 0.28 "#22" 14.93 2.41 6.26 39.1876 5 0 354.54 5 -1 7.4
"7" "Redskins D/ST" "2.59-13.01" 22.89 2.32 1.04 0.54 0 0.32 "#27" 13.01 2.59 5.21 27.1441 5 0 349.028 4 0 7.4
"12" "Redskins D/ST" "2.59-13.01" 22.89 2.32 1.04 0.54 0 0.32 "#27" 13.01 2.59 5.21 27.1441 5 0 349.028 4 0 7.4
"6" "Panthers D/ST" "1.69-13.67" 22.14 2.31 1.01 0.6 0.02 0.3 "#21" 13.67 1.69 5.99 35.8801 5 0 345.128 4 0 7.37
"5" "Patriots D/ST" "1.59-15.93" 23.08 2.8 1.45 0.88 0.02 0.14 "#20" 15.93 1.59 7.17 51.4089 5 0 350.016 5 -1 7.34
"8" "Rams D/ST" "2.79-12.79" 22.31 2.47 1.22 0.52 0.02 0.22 "#16" 12.79 2.79 5 25 5 0 346.012 4 0 7.31
"3" "Panthers D/ST" "2.08-14.36" 20.15 2.03 1 0.72 0.05 0.29 "#4" 14.36 2.08 6.14 37.6996 5 0 334.78 4 0 7.31
"2" "Raiders D/ST" "1.81-13.99" 20.89 2.5 0.86 0.7 0 0.28 "#14" 13.99 1.81 6.09 37.0881 5 0 338.628 4 0 7.3
"12" "Chargers D/ST" "2.71-13.93" 19.55 2.64 1.06 0.66 0 0.2 "#31" 13.93 2.71 5.61 31.4721 5 0 331.66 4 0 7.28
"13" "Jets D/ST" "2.36-13.98" 20.05 2.63 1.06 0.64 0.02 0.2 "#25" 13.98 2.36 5.81 33.7561 5 0 334.26 4 0 7.27
"12" "Bills D/ST" "2.47-13.55" 21.46 2.18 0.92 0.74 0.04 0.28 "#23" 13.55 2.47 5.54 30.6916 5 0 341.592 4 0 7.26
"11" "Colts D/ST" "2.63-12.71" 22.36 2.18 0.92 0.78 0.06 0.26 "#25" 12.71 2.63 5.04 25.4016 5 0 346.272 4 0 7.26
"17" "Colts D/ST" "2.63-12.71" 22.36 2.18 0.92 0.78 0.06 0.26 "#25" 12.71 2.63 5.04 25.4016 5 0 346.272 4 0 7.26
"5" "Titans D/ST" "2.59-15.03" 19.65 2.61 0.73 0.86 0.07 0.22 "#32" 15.03 2.59 6.22 38.6884 5 0 332.18 4 0 7.25
"11" "Saints D/ST" "1.85-13.91" 22.25 2.68 1.04 0.74 0.02 0.16 "#28" 13.91 1.85 6.03 36.3609 5 0 345.7 4 0 7.24
"9" "Chiefs D/ST" "2.32-14.44" 23.28 2.95 0.86 0.72 0.04 0.34 "#26" 14.44 2.32 6.06 36.7236 5 0 351.056 5 -1 7.23
"8" "Redskins D/ST" "3.84-13.88" 18.11 2.31 1.44 0.42 0.06 0.18 "#22" 13.88 3.84 5.02 25.2004 5 0 324.172 4 0 7.23
"14" "Redskins D/ST" "3.84-13.88" 18.11 2.31 1.44 0.42 0.06 0.18 "#22" 13.88 3.84 5.02 25.2004 5 0 324.172 4 0 7.23
"5" "Bengals D/ST" "3.70-13.00" 19.21 2.21 1.08 0.97 0.04 0.14 "#29" 13 3.7 4.65 21.6225 5 0 329.892 4 0 7.23
"12" "Bengals D/ST" "3.23-14.27" 18.95 2.62 1.12 0.52 0 0.22 "#26" 14.27 3.23 5.52 30.4704 5 0 328.54 4 0 7.22
"16" "Bengals D/ST" "3.23-14.27" 18.95 2.62 1.12 0.52 0 0.22 "#26" 14.27 3.23 5.52 30.4704 5 0 328.54 4 0 7.22
"15" "Bills D/ST" "2.88-13.72" 20.72 2.64 0.96 0.76 0.02 0.18 "#15" 13.72 2.88 5.42 29.3764 5 0 337.744 4 0 7.2
"3" "Browns D/ST" "2.86-13.58" 20.76 2.78 0.77 0.73 0.02 0.23 "#24" 13.58 2.86 5.36 28.7296 5 0 337.952 4 0 7.2
"10" "Bears D/ST" "2.40-14.34" 19.77 2.58 1.06 0.66 0.04 0.18 "#15" 14.34 2.4 5.97 35.6409 5 0 332.804 4 0 7.18
"12" "Bears D/ST" "2.40-14.34" 19.77 2.58 1.06 0.66 0.04 0.18 "#15" 14.34 2.4 5.97 35.6409 5 0 332.804 4 0 7.18
"8" "Cardinals D/ST" "2.77-15.09" 17.82 2.7 0.88 0.74 0.08 0.18 "#30" 15.09 2.77 6.16 37.9456 5 0 322.664 4 0 7.18
"15" "Jets D/ST" "1.38-14.14" 22.08 2.12 0.94 0.78 0.02 0.26 "#11" 14.14 1.38 6.38 40.7044 5 0 344.816 4 0 7.16
"2" "Cowboys D/ST" "1.69-14.73" 20.48 2.27 1.34 0.72 0.02 0.12 "#22" 14.73 1.69 6.52 42.5104 5 0 336.496 4 0 7.15
"2" "Eagles D/ST" "1.88-15.58" 18.59 2.42 1 0.78 0.04 0.18 "#8" 15.58 1.88 6.85 46.9225 5 0 326.668 4 0 7.14
"17" "Giants D/ST" "1.89-13.39" 22.74 2.09 1.02 0.66 0 0.28 "#27" 13.39 1.89 5.75 33.0625 5 0 348.248 4 0 7.13
"16" "Giants D/ST" "1.86-13.58" 21.68 2.12 1.14 0.76 0 0.2 "#20" 13.58 1.86 5.86 34.3396 5 0 342.736 4 0 7.12
"13" "Eagles D/ST" "3.38-14.06" 18.31 2.38 0.98 0.72 0.06 0.2 "#21" 14.06 3.38 5.34 28.5156 5 0 325.212 4 0 7.1
"17" "Eagles D/ST" "3.38-14.06" 18.31 2.38 0.98 0.72 0.06 0.2 "#21" 14.06 3.38 5.34 28.5156 5 0 325.212 4 0 7.1
"13" "Rams D/ST" "2.62-13.04" 22.43 2.42 1.22 0.58 0 0.18 "#15" 13.04 2.62 5.21 27.1441 5 0 346.636 4 0 7.1
"13" "Texans D/ST" "2.00-13.56" 21.99 2.56 0.88 0.78 0.04 0.18 "#26" 13.56 2 5.78 33.4084 5 0 344.348 4 0 7.04
"8" "Patriots D/ST" "2.76-14.76" 18.53 2.32 0.9 0.76 0.04 0.22 "#32" 14.76 2.76 6 36 5 0 326.356 4 0 7.04
"14" "Patriots D/ST" "1.60-13.86" 22.73 2.28 0.96 0.66 0.04 0.24 "#29" 13.86 1.6 6.13 37.5769 5 0 348.196 4 0 7.04
"16" "Patriots D/ST" "2.76-14.76" 18.53 2.32 0.9 0.76 0.04 0.22 "#32" 14.76 2.76 6 36 5 0 326.356 4 0 7.04
"8" "Texans D/ST" "2.07-14.07" 20.68 2.68 0.74 0.88 0.02 0.18 "#29" 14.07 2.07 6 36 5 0 337.536 4 0 7.04
"3" "Ravens D/ST" "4.17-13.25" 13.94 1.93 0.96 0.39 0.04 0.22 "#14" 13.25 4.17 4.54 20.6116 4 1 302.488 4 0 7.03
"14" "Cardinals D/ST" "2.43-13.57" 20.54 2.34 1.14 0.72 0.06 0.14 "#15" 13.57 2.43 5.57 31.0249 5 0 336.808 4 0 7.02
"4" "Lions D/ST" "1.94-12.68" 22.93 2.41 1.07 0.63 0 0.2 "#27" 12.68 1.94 5.37 28.8369 5 0 349.236 4 0 7.01
"2" "Cardinals D/ST" "1.86-13.04" 22.9 2.2 1.12 0.66 0.02 0.2 "#1" 13.04 1.86 5.59 31.2481 5 0 349.08 4 0 7
"11" "Bears D/ST" "2.89-13.63" 20.15 2.04 1.06 0.92 0.02 0.16 "#10" 13.63 2.89 5.37 28.8369 5 0 334.78 4 0 7
"17" "Bears D/ST" "2.89-13.63" 20.15 2.04 1.06 0.92 0.02 0.16 "#10" 13.63 2.89 5.37 28.8369 5 0 334.78 4 0 7
"2" "Ravens D/ST" "2.66-14.68" 18.21 2.36 1.04 0.68 0.06 0.18 "#4" 14.68 2.66 6.01 36.1201 5 0 324.692 4 0 7
"1" "Lions D/ST" "2.34-14.12" 20.43 2.3 1.16 0.74 0.02 0.14 "#24" 14.12 2.34 5.89 34.6921 5 0 336.236 4 0 6.98
"2" "Titans D/ST" "2.19-12.69" 22.53 2.68 0.88 0.7 0.02 0.18 "#11" 12.69 2.19 5.25 27.5625 5 0 347.156 4 0 6.96
"14" "Lions D/ST" "1.83-12.91" 22.55 2.3 1.06 0.79 0 0.16 "#31" 12.91 1.83 5.54 30.6916 5 0 347.26 4 0 6.96
"13" "Packers D/ST" "1.73-14.69" 20.44 2.2 1.08 0.72 0.04 0.18 "#31" 14.69 1.73 6.48 41.9904 5 0 336.288 4 0 6.96
"3" "Rams D/ST" "-0.99-16.57" 25.75 2.44 1.4 0.7 0 0.22 "#6" 16.57 -0.99 8.78 77.0884 5 0 363.9 5 -1 6.96
"4" "Texans D/ST" "2.11-12.63" 22.54 2.45 0.81 0.85 0.02 0.19 "#20" 12.63 2.11 5.26 27.6676 5 0 347.208 4 0 6.95
"3" "Patriots D/ST" "2.01-13.89" 19.75 2.08 1.07 0.54 0.04 0.26 "#15" 13.89 2.01 5.94 35.2836 5 0 332.7 4 0 6.94
"3" "Jets D/ST" "3.81-12.03" 16.64 1.83 0.8 0.63 0.05 0.19 "#26" 12.03 3.81 4.11 16.8921 4 1 316.528 4 0 6.93
"8" "Ravens D/ST" "0.86-15.02" 21.69 2.32 0.72 0.88 0.04 0.22 "#19" 15.02 0.86 7.08 50.1264 5 0 342.788 4 0 6.92
"2" "Dolphins D/ST" "2.62-12.70" 20.86 2.22 0.94 0.7 0.04 0.22 "#24" 12.7 2.62 5.04 25.4016 5 0 338.472 4 0 6.9
"4" "Chiefs D/ST" "2.57-12.01" 22.06 2.69 0.93 0.64 0.02 0.17 "#14" 12.01 2.57 4.72 22.2784 5 0 344.712 4 0 6.89
"12" "Browns D/ST" "2.63-13.15" 21.17 2.28 1.1 0.8 0.04 0.12 "#4" 13.15 2.63 5.26 27.6676 5 0 340.084 4 0 6.88
"16" "Browns D/ST" "2.63-13.15" 21.17 2.28 1.1 0.8 0.04 0.12 "#4" 13.15 2.63 5.26 27.6676 5 0 340.084 4 0 6.88
"6" "Ravens D/ST" "2.57-13.57" 15.53 2.01 0.84 0.53 0.08 0.16 "#25" 13.57 2.57 5.5 30.25 4 1 310.756 4 0 6.87
"8" "Seahawks D/ST" "1.78-12.86" 22.53 2.62 1.06 0.68 0.02 0.12 "#15" 12.86 1.78 5.54 30.6916 5 0 347.156 4 0 6.86
"5" "Eagles D/ST" "2.73-13.07" 21.28 2.01 0.91 0.89 0.02 0.2 "#10" 13.07 2.73 5.17 26.7289 5 0 340.656 4 0 6.85
"3" "Eagles D/ST" "2.66-14.66" 17.87 2.29 0.96 0.82 0.02 0.16 "#20" 14.66 2.66 6 36 5 0 322.924 4 0 6.85
"14" "Chiefs D/ST" "2.51-13.73" 23.4 2.68 1 0.88 0.04 0.22 "#9" 13.73 2.51 5.61 31.4721 5 0 351.68 5 -1 6.84
"10" "Giants D/ST" "0.50-14.30" 21.47 1.96 1.02 0.74 0.02 0.22 "#30" 14.3 0.5 6.9 47.61 5 0 341.644 4 0 6.84
"5" "Jets D/ST" "1.59-13.61" 20.71 2.33 1.01 0.72 0.04 0.16 "#14" 13.61 1.59 6.01 36.1201 5 0 337.692 4 0 6.83
"13" "Bengals D/ST" "0.78-14.54" 21.85 2.42 1.14 0.58 0 0.16 "#14" 14.54 0.78 6.88 47.3344 5 0 343.62 4 0 6.82
"9" "Chargers D/ST" "2.33-13.33" 24.21 2.14 1.08 0.74 0 0.34 "#18" 13.33 2.33 5.5 30.25 5 0 355.892 5 -1 6.82
"4" "Raiders D/ST" "1.60-13.56" 25.62 3.24 0.98 0.69 0.11 0.17 "#26" 13.56 1.6 5.98 35.7604 5 0 363.224 5 -1 6.82
"5" "Saints D/ST" "1.23-14.53" 25.09 3.2 0.82 0.82 0.03 0.21 "#21" 14.53 1.23 6.65 44.2225 5 0 360.468 5 -1 6.8
"3" "Cowboys D/ST" "2.21-13.19" 21.76 2.27 0.93 0.66 0 0.22 "#18" 13.19 2.21 5.49 30.1401 5 0 343.152 4 0 6.77
"15" "Lions D/ST" "2.13-12.45" 22.15 2.2 0.94 0.72 0.02 0.2 "#32" 12.45 2.13 5.16 26.6256 5 0 345.18 4 0 6.76
"15" "Giants D/ST" "1.82-13.02" 21.53 1.92 1 0.62 0.02 0.26 "#25" 13.02 1.82 5.6 31.36 5 0 341.956 4 0 6.76
"10" "Packers D/ST" "1.69-13.47" 21.51 2.02 1.1 0.68 0.04 0.18 "#29" 13.47 1.69 5.89 34.6921 5 0 341.852 4 0 6.74
"4" "Patriots D/ST" "1.90-14.32" 23.11 2.4 1.25 0.72 0.04 0.22 "#29" 14.32 1.9 6.21 38.5641 5 0 350.172 5 -1 6.74
"14" "Chargers D/ST" "2.30-13.38" 24.53 1.96 1.12 0.78 0.02 0.32 "#4" 13.38 2.3 5.54 30.6916 5 0 357.556 5 -1 6.72
"3" "Seahawks D/ST" "0.61-14.99" 24.05 2.87 0.95 0.64 0.02 0.27 "#27" 14.99 0.61 7.19 51.6961 5 0 355.06 5 -1 6.71
"8" "Steelers D/ST" "3.19-13.21" 17.86 2.55 1.06 0.46 0.02 0.18 "#26" 13.21 3.19 5.01 25.1001 5 0 322.872 4 0 6.71
"16" "49ers D/ST" "2.01-12.77" 22.21 2.42 1.06 0.46 0.02 0.2 "#17" 12.77 2.01 5.38 28.9444 5 0 345.492 4 0 6.7
"4" "Browns D/ST" "1.50-12.98" 21.34 2.02 0.9 0.77 0.04 0.21 "#13" 12.98 1.5 5.74 32.9476 5 0 340.968 4 0 6.7
"4" "Cowboys D/ST" "0.94-14.94" 23.07 2.05 1.41 0.78 0 0.21 "#15" 14.94 0.94 7 49 5 0 349.964 5 -1 6.69
"12" "Steelers D/ST" "2.14-12.80" 20.7 2.44 1.24 0.4 0.06 0.14 "#14" 12.8 2.14 5.33 28.4089 5 0 337.64 4 0 6.68
"5" "Chiefs D/ST" "0.73-14.59" 29.09 3.58 0.92 0.99 0 0.21 "#23" 14.59 0.73 6.93 48.0249 6 -1 381.268 5 -1 6.66
"5" "Bills D/ST" "2.42-12.00" 21.78 1.93 0.89 0.63 0 0.28 "#25" 12 2.42 4.79 22.9441 5 0 343.256 4 0 6.65
"6" "Giants D/ST" "2.35-12.25" 21.59 1.8 0.79 0.55 0.05 0.34 "#28" 12.25 2.35 4.95 24.5025 5 0 342.268 4 0 6.62
"7" "Rams D/ST" "2.52-12.30" 20.67 2.02 1.24 0.5 0.08 0.16 "#30" 12.3 2.52 4.89 23.9121 5 0 337.484 4 0 6.62
"17" "Rams D/ST" "2.52-12.30" 20.67 2.02 1.24 0.5 0.08 0.16 "#30" 12.3 2.52 4.89 23.9121 5 0 337.484 4 0 6.62
"6" "Chargers D/ST" "2.25-12.45" 21.23 1.75 1.03 0.48 0.02 0.3 "#26" 12.45 2.25 5.1 26.01 5 0 340.396 4 0 6.61
"3" "Dolphins D/ST" "2.89-13.31" 17.87 2.02 1.02 0.67 0.09 0.17 "#13" 13.31 2.89 5.21 27.1441 5 0 322.924 4 0 6.6
"6" "Seahawks D/ST" "3.15-12.37" 20.34 2.07 0.99 0.72 0.04 0.17 "#13" 12.37 3.15 4.61 21.2521 5 0 335.768 4 0 6.59
"9" "Broncos D/ST" "1.12-12.88" 22.77 2.18 0.94 0.58 0.02 0.22 "#11" 12.88 1.12 5.88 34.5744 5 0 348.404 4 0 6.58
"4" "Eagles D/ST" "1.37-15.47" 17.6 2.18 0.93 0.73 0 0.18 "#25" 15.47 1.37 7.05 49.7025 5 0 321.52 4 0 6.58
"2" "Falcons D/ST" "0.90-13.12" 22.43 2.1 0.98 0.66 0 0.2 "#19" 13.12 0.9 6.11 37.3321 5 0 346.636 4 0 6.58
"11" "Jaguars D/ST" "0.64-13.70" 21.24 2.18 0.98 0.56 0 0.22 "#12" 13.7 0.64 6.53 42.6409 5 0 340.448 4 0 6.58
"5" "Chargers D/ST" "2.89-12.73" 24.29 2.02 1.02 0.82 0.02 0.3 "#13" 12.73 2.89 4.92 24.2064 5 0 356.308 5 -1 6.54
"6" "Jaguars D/ST" "2.76-14.24" 17.73 2.71 0.95 0.56 0.07 0.11 "#27" 14.24 2.76 5.74 32.9476 5 0 322.196 4 0 6.53
"1" "Bills D/ST" "2.70-11.86" 21 2.16 1.18 0.44 0.08 0.16 "#9" 11.86 2.7 4.58 20.9764 5 0 339.2 4 0 6.52
"5" "Cardinals D/ST" "2.13-12.67" 19.3 2.06 1.09 0.6 0.05 0.16 "#30" 12.67 2.13 5.27 27.7729 5 0 330.36 4 0 6.5
"6" "Colts D/ST" "1.88-11.92" 22.51 2.28 0.72 0.57 0.07 0.25 "#24" 11.92 1.88 5.02 25.2004 5 0 347.052 4 0 6.5
"7" "Dolphins D/ST" "2.53-11.67" 21.62 1.94 0.9 0.8 0.04 0.18 "#15" 11.67 2.53 4.57 20.8849 5 0 342.424 4 0 6.5
"6" "Bengals D/ST" "0.48-14.06" 25.55 2.8 1.04 0.7 0 0.2 "#12" 14.06 0.48 6.79 46.1041 5 0 362.86 5 -1 6.48
"1" "Cardinals D/ST" "1.46-13.52" 20.98 2.06 1 0.59 0.02 0.2 "#21" 13.52 1.46 6.03 36.3609 5 0 339.096 4 0 6.48
"10" "Rams D/ST" "1.30-12.52" 22.25 1.84 1.02 0.56 0.08 0.22 "#18" 12.52 1.3 5.61 31.4721 5 0 345.7 4 0 6.48
"6" "Jets D/ST" "2.59-12.87" 19.13 1.99 0.9 0.52 0.04 0.26 "#20" 12.87 2.59 5.14 26.4196 5 0 329.476 4 0 6.47
"5" "Texans D/ST" "-1.35-17.15" 28.9 3.44 0.88 0.73 0.03 0.29 "#27" 17.15 -1.35 9.25 85.5625 6 -1 380.28 5 -1 6.46
"3" "Packers D/ST" "1.00-14.22" 24.25 2.9 0.81 0.71 0.03 0.24 "#21" 14.22 1 6.61 43.6921 5 0 356.1 5 -1 6.44
"5" "Broncos D/ST" "3.00-12.70" 18.57 2 0.91 0.57 0.07 0.22 "#24" 12.7 3 4.85 23.5225 5 0 326.564 4 0 6.42
"7" "Chargers D/ST" "0.91-13.41" 21.5 2.16 0.9 0.62 0 0.2 "#25" 13.41 0.91 6.25 39.0625 5 0 341.8 4 0 6.4
"10" "Eagles D/ST" "1.38-14.00" 19.37 2.12 0.8 0.78 0.02 0.18 "#27" 14 1.38 6.31 39.8161 5 0 330.724 4 0 6.4
"14" "Eagles D/ST" "1.38-14.00" 19.37 2.12 0.8 0.78 0.02 0.18 "#27" 14 1.38 6.31 39.8161 5 0 330.724 4 0 6.4
"12" "Patriots D/ST" "0.93-12.91" 22.8 2.36 0.9 0.64 0.06 0.14 "#24" 12.91 0.93 5.99 35.8801 5 0 348.56 4 0 6.4
"17" "Patriots D/ST" "0.93-12.91" 22.8 2.36 0.9 0.64 0.06 0.14 "#24" 12.91 0.93 5.99 35.8801 5 0 348.56 4 0 6.4
"4" "Cardinals D/ST" "1.60-13.06" 20.75 1.99 0.99 0.75 0.04 0.14 "#18" 13.06 1.6 5.73 32.8329 5 0 337.9 4 0 6.39
"7" "Vikings D/ST" "1.36-12.30" 22.07 2.6 0.74 0.78 0.06 0.1 "#24" 12.3 1.36 5.47 29.9209 5 0 344.764 4 0 6.36
"4" "Bears D/ST" "2.44-13.34" 24.42 2.4 0.81 0.89 0.06 0.24 "#8" 13.34 2.44 5.45 29.7025 5 0 356.984 5 -1 6.36
"4" "Falcons D/ST" "1.63-13.55" 24.48 2.11 1.11 0.56 0.04 0.3 "#4" 13.55 1.63 5.96 35.5216 5 0 357.296 5 -1 6.33
"6" "Steelers D/ST" "2.35-11.67" 22.14 1.79 0.77 0.65 0.01 0.28 "#4" 11.67 2.35 4.66 21.7156 5 0 345.128 4 0 6.33
"4" "Ravens D/ST" "0.41-12.57" 22.93 2.03 0.85 0.82 0.02 0.15 "#12" 12.57 0.41 6.08 36.9664 5 0 349.236 4 0 6.31
"14" "Texans D/ST" "1.48-12.86" 25.25 2.43 0.78 0.74 0.02 0.3 "#20" 12.86 1.48 5.69 32.3761 5 0 361.3 5 -1 6.31
"13" "Giants D/ST" "1.38-12.02" 22.38 2.1 0.96 0.54 0 0.2 "#17" 12.02 1.38 5.32 28.3024 5 0 346.376 4 0 6.3
"15" "Cardinals D/ST" "1.55-13.35" 25.3 1.74 0.94 0.78 0.1 0.32 "#5" 13.35 1.55 5.9 34.81 5 0 361.56 5 -1 6.3
"6" "Redskins D/ST" "1.73-13.17" 23.47 2.34 0.79 0.73 0.06 0.3 "#19" 13.17 1.73 5.72 32.7184 5 0 352.044 5 -1 6.3
"3" "Raiders D/ST" "2.56-11.80" 20.47 2.01 0.76 0.69 0 0.23 "#29" 11.8 2.56 4.62 21.3444 5 0 336.444 4 0 6.29
"1" "Packers D/ST" "1.67-11.45" 22.16 2.36 0.6 0.8 0.02 0.18 "#17" 11.45 1.67 4.89 23.9121 5 0 345.232 4 0 6.28
"6" "Eagles D/ST" "3.79-11.91" 17.82 2.06 0.8 0.55 0.06 0.23 "#22" 11.91 3.79 4.06 16.4836 5 0 322.664 4 0 6.26
"1" "Bengals D/ST" "1.31-11.83" 22.96 2.14 0.74 0.64 0 0.22 "#20" 11.83 1.31 5.26 27.6676 5 0 349.392 4 0 6.22
"4" "Saints D/ST" "1.31-13.79" 23.05 2.19 1.14 0.59 0 0.26 "#22" 13.79 1.31 6.24 38.9376 5 0 349.86 5 -1 6.21
"16" "Chargers D/ST" "1.93-13.27" 23.04 1.92 1.02 0.6 0 0.34 "#9" 13.27 1.93 5.67 32.1489 5 0 349.808 5 -1 6.2
"6" "Cowboys D/ST" "1.36-13.68" 23.65 2.84 0.77 0.91 0.08 0.14 "#23" 13.68 1.36 6.16 37.9456 5 0 352.98 5 -1 6.2
"14" "Rams D/ST" "2.21-12.55" 23.5 2.16 1.02 0.66 0.06 0.26 "#17" 12.55 2.21 5.17 26.7289 5 0 352.2 5 -1 6.2
"6" "Falcons D/ST" "-2.03-15.99" 30.31 2.74 1.37 0.91 0.04 0.13 "#8" 15.99 -2.03 9.01 81.1801 6 -1 387.612 5 -1 6.16
"8" "Panthers D/ST" "1.46-13.18" 23.57 1.96 1.08 0.54 0.02 0.32 "#9" 13.18 1.46 5.86 34.3396 5 0 352.564 5 -1 6.16
"13" "Saints D/ST" "2.50-11.94" 23.76 2.47 0.9 0.58 0.08 0.26 "#27" 11.94 2.5 4.72 22.2784 5 0 353.552 5 -1 6.15
"6" "Patriots D/ST" "-0.42-14.22" 31.09 3.02 1.14 0.91 0.06 0.15 "#2" 14.22 -0.42 7.32 53.5824 6 -1 391.668 5 -1 6.14
"6" "Titans D/ST" "1.35-13.13" 25.36 3.07 0.81 0.75 0.05 0.14 "#9" 13.13 1.35 5.89 34.6921 5 0 361.872 5 -1 6.13
"3" "Giants D/ST" "1.18-12.42" 21.06 1.93 0.81 0.64 0.02 0.21 "#11" 12.42 1.18 5.62 31.5844 5 0 339.512 4 0 6.13
"4" "Titans D/ST" "-0.10-14.28" 25.42 2.68 1.01 0.72 0.07 0.14 "#28" 14.28 -0.1 7.19 51.6961 5 0 362.184 5 -1 6.12
"1" "Cowboys D/ST" "0.93-12.81" 22.2 1.7 0.84 0.64 0.04 0.22 "#19" 12.81 0.93 5.94 35.2836 5 0 345.44 4 0 6.06
"8" "Dolphins D/ST" "0.53-12.35" 21.77 2.09 0.96 0.62 0.04 0.12 "#11" 12.35 0.53 5.91 34.9281 5 0 343.204 4 0 6.05
"16" "Dolphins D/ST" "1.04-11.90" 21.15 2 0.92 0.66 0.08 0.12 "#23" 11.9 1.04 5.43 29.4849 5 0 339.98 4 0 6.04
"3" "Broncos D/ST" "3.09-11.35" 16.2 1.68 0.72 0.52 0.02 0.14 "#9" 11.35 3.09 4.13 17.0569 4 1 314.24 4 0 6.04
"10" "Patriots D/ST" "1.57-13.31" 23.14 2.36 0.86 0.72 0.04 0.24 "#25" 13.31 1.57 5.87 34.4569 5 0 350.328 5 -1 6.04
"10" "Chargers D/ST" "2.17-12.33" 23.75 2.06 0.96 0.66 0.02 0.28 "#13" 12.33 2.17 5.08 25.8064 5 0 353.5 5 -1 6.02
"8" "Giants D/ST" "1.70-11.74" 21.33 1.94 0.88 0.62 0 0.18 "#21" 11.74 1.7 5.02 25.2004 5 0 340.916 4 0 6.02
"14" "Giants D/ST" "1.70-11.74" 21.33 1.94 0.88 0.62 0 0.18 "#21" 11.74 1.7 5.02 25.2004 5 0 340.916 4 0 6.02
"7" "Saints D/ST" "1.41-13.47" 23.67 2.5 0.96 0.76 0 0.18 "#9" 13.47 1.41 6.03 36.3609 5 0 353.084 5 -1 6.02
"9" "49ers D/ST" "1.20-12.50" 25.14 1.92 1.22 0.72 0 0.2 "#13" 12.5 1.2 5.65 31.9225 5 0 360.728 5 -1 6
"9" "Bills D/ST" "1.24-12.96" 23.43 2.24 0.76 0.64 0.02 0.32 "#17" 12.96 1.24 5.86 34.3396 5 0 351.836 5 -1 6
"3" "Redskins D/ST" "2.91-11.63" 18.65 2.22 0.9 0.51 0.03 0.15 "#16" 11.63 2.91 4.36 19.0096 5 0 326.98 4 0 6
"4" "Bills D/ST" "2.59-10.81" 22.2 1.86 0.91 0.45 0.03 0.22 "#16" 10.81 2.59 4.11 16.8921 5 0 345.44 4 0 5.96
"10" "Cowboys D/ST" "1.56-11.22" 22.76 2.56 0.72 0.7 0.04 0.08 "#28" 11.22 1.56 4.83 23.3289 5 0 348.352 4 0 5.96
"14" "Cowboys D/ST" "1.56-11.22" 22.76 2.56 0.72 0.7 0.04 0.08 "#28" 11.22 1.56 4.83 23.3289 5 0 348.352 4 0 5.96
"16" "Colts D/ST" "0.82-13.40" 23.32 2.23 1.2 0.56 0 0.2 "#22" 13.4 0.82 6.29 39.5641 5 0 351.264 5 -1 5.95
"7" "Jets D/ST" "1.51-12.47" 24.99 2 0.98 0.79 0.04 0.22 "#10" 12.47 1.51 5.48 30.0304 5 0 359.948 5 -1 5.94
"4" "Steelers D/ST" "0.83-13.79" 23.92 2.91 1.04 0.67 0 0.1 "#9" 13.79 0.83 6.48 41.9904 5 0 354.384 5 -1 5.93
"5" "Lions D/ST" "0.36-14.28" 27.23 2.29 1.33 0.73 0.07 0.23 "#16" 14.28 0.36 6.96 48.4416 6 -1 371.596 5 -1 5.93
"12" "Panthers D/ST" "1.68-12.14" 23.28 2.04 1.12 0.46 0.02 0.28 "#18" 12.14 1.68 5.23 27.3529 5 0 351.056 5 -1 5.92
"8" "Chiefs D/ST" "0.55-13.29" 24.14 2.4 0.8 0.74 0.04 0.22 "#14" 13.29 0.55 6.37 40.5769 5 0 355.528 5 -1 5.88
"6" "Dolphins D/ST" "1.49-11.83" 21.43 2.6 0.68 0.68 0.04 0.08 "#17" 11.83 1.49 5.17 26.7289 5 0 341.436 4 0 5.88
"7" "Patriots D/ST" "1.24-13.20" 23.23 2.44 0.82 0.64 0.04 0.24 "#17" 13.2 1.24 5.98 35.7604 5 0 350.796 5 -1 5.88
"5" "Browns D/ST" "1.38-12.70" 19.44 1.89 0.93 0.69 0.04 0.11 "#9" 12.7 1.38 5.66 32.0356 5 0 331.088 4 0 5.87
"3" "Cardinals D/ST" "3.10-11.84" 18.22 1.99 0.82 0.82 0.06 0.08 "#17" 11.84 3.1 4.37 19.0969 5 0 324.744 4 0 5.87
"9" "Ravens D/ST" "1.14-12.42" 21.31 2.1 0.88 0.62 0.02 0.12 "#12" 12.42 1.14 5.64 31.8096 5 0 340.812 4 0 5.86
"8" "Colts D/ST" "1.33-12.21" 25.33 2.13 1.06 0.7 0 0.2 "#13" 12.21 1.33 5.44 29.5936 5 0 361.716 5 -1 5.85
"16" "Raiders D/ST" "0.78-12.10" 26.43 2.4 0.98 0.36 0.04 0.28 "#14" 12.1 0.78 5.66 32.0356 5 0 367.436 5 -1 5.84
"11" "Ravens D/ST" "0.90-11.78" 22.83 2.12 0.86 0.46 0.06 0.16 "#4" 11.78 0.9 5.44 29.5936 5 0 348.716 4 0 5.84
"5" "Steelers D/ST" "0.79-13.45" 27.16 2.68 0.99 0.94 0.08 0.19 "#5" 13.45 0.79 6.33 40.0689 6 -1 371.232 5 -1 5.84
"1" "Bears D/ST" "1.62-11.88" 25.53 2.39 1.02 0.6 0.06 0.18 "#16" 11.88 1.62 5.13 26.3169 5 0 362.756 5 -1 5.83
"6" "Browns D/ST" "-0.39-15.25" 27.36 2.75 0.95 0.88 0.13 0.19 "#6" 15.25 -0.39 7.82 61.1524 6 -1 372.272 5 -1 5.81
"13" "Chargers D/ST" "1.16-11.64" 26.06 1.6 0.92 0.8 0.04 0.28 "#12" 11.64 1.16 5.24 27.4576 5 0 365.512 5 -1 5.8
"10" "Steelers D/ST" "-0.07-13.47" 24.19 2.28 1.08 0.64 0 0.18 "#19" 13.47 -0.07 6.77 45.8329 5 0 355.788 5 -1 5.8
"4" "Colts D/ST" "0.75-13.45" 24.63 2.79 0.68 0.7 0.02 0.2 "#11" 13.45 0.75 6.35 40.3225 5 0 358.076 5 -1 5.79
"15" "Titans D/ST" "1.88-11.70" 24.41 2.34 0.94 0.56 0 0.24 "#22" 11.7 1.88 4.91 24.1081 5 0 356.932 5 -1 5.78
"15" "Ravens D/ST" "0.92-12.16" 21.64 1.88 0.84 0.6 0.02 0.16 "#8" 12.16 0.92 5.62 31.5844 5 0 342.528 4 0 5.76
"4" "Jets D/ST" "1.23-11.77" 25.26 2.53 1.04 0.56 0.03 0.16 "#23" 11.77 1.23 5.27 27.7729 5 0 361.352 5 -1 5.75
"5" "Vikings D/ST" "2.22-11.28" 20.72 1.9 1.05 0.54 0.02 0.1 "#28" 11.28 2.22 4.53 20.5209 5 0 337.744 4 0 5.72
"15" "Packers D/ST" "0.95-12.67" 24.55 2.16 0.88 0.64 0.04 0.24 "#17" 12.67 0.95 5.86 34.3396 5 0 357.66 5 -1 5.72
"16" "Redskins D/ST" "2.06-11.92" 23.16 2.02 1.02 0.68 0.04 0.2 "#25" 11.92 2.06 4.93 24.3049 5 0 350.432 5 -1 5.7
"3" "Steelers D/ST" "1.21-12.19" 23.72 2.17 0.81 0.75 0.04 0.22 "#8" 12.19 1.21 5.49 30.1401 5 0 353.344 5 -1 5.69
"3" "Bengals D/ST" "1.44-12.68" 23.24 2.41 0.94 0.62 0 0.19 "#19" 12.68 1.44 5.62 31.5844 5 0 350.848 5 -1 5.67
"10" "Dolphins D/ST" "1.26-12.74" 23.04 2.14 0.78 0.7 0.06 0.24 "#16" 12.74 1.26 5.74 32.9476 5 0 349.808 5 -1 5.66
"11" "Bengals D/ST" "0.72-12.94" 24.63 2.24 0.94 0.52 0.02 0.24 "#9" 12.94 0.72 6.11 37.3321 5 0 358.076 5 -1 5.64
"10" "Browns D/ST" "1.07-12.07" 26.22 1.8 0.82 0.64 0.12 0.28 "#5" 12.07 1.07 5.5 30.25 5 0 366.344 5 -1 5.64
"4" "Buccaneers D/ST" "1.06-12.76" 23.2 2.27 1.03 0.59 0.02 0.18 "#17" 12.76 1.06 5.85 34.2225 5 0 350.64 5 -1 5.63
"14" "Vikings D/ST" "2.30-9.90" 22.2 2.39 0.68 0.68 0.02 0.08 "#18" 9.9 2.3 3.8 14.44 5 0 345.44 4 0 5.63
"7" "Falcons D/ST" "1.22-11.58" 24.37 2.51 0.74 0.76 0.02 0.18 "#22" 11.58 1.22 5.18 26.8324 5 0 356.724 5 -1 5.63
"5" "Packers D/ST" "0.84-13.22" 27.08 2.12 1.22 0.74 0 0.26 "#15" 13.22 0.84 6.19 38.3161 6 -1 370.816 5 -1 5.6
"9" "Patriots D/ST" "1.46-12.58" 26.65 2.43 1.14 0.6 0.06 0.26 "#16" 12.58 1.46 5.56 30.9136 6 -1 368.58 5 -1 5.59
"3" "Saints D/ST" "0.82-12.06" 26.4 2.25 0.9 0.78 0.07 0.14 "#5" 12.06 0.82 5.62 31.5844 5 0 367.28 5 -1 5.59
"14" "Seahawks D/ST" "1.92-11.74" 25.61 2.22 0.76 0.74 0.08 0.2 "#10" 11.74 1.92 4.91 24.1081 5 0 363.172 5 -1 5.58
"9" "Titans D/ST" "1.88-11.24" 24.2 2.74 0.82 0.72 0.02 0.12 "#27" 11.24 1.88 4.68 21.9024 5 0 355.84 5 -1 5.58
"5" "Jaguars D/ST" "0.10-13.34" 28.01 2.28 1.31 0.8 0.05 0.16 "#2" 13.34 0.1 6.62 43.8244 6 -1 375.652 5 -1 5.56
"6" "Bills D/ST" "2.49-10.11" 20.8 1.72 0.59 0.71 0.02 0.2 "#11" 10.11 2.49 3.81 14.5161 5 0 338.16 4 0 5.56
"12" "Broncos D/ST" "0.72-12.24" 25.29 1.8 0.88 0.66 0.06 0.26 "#12" 12.24 0.72 5.76 33.1776 5 0 361.508 5 -1 5.56
"11" "Panthers D/ST" "1.43-12.37" 24 1.76 1.16 0.62 0.08 0.18 "#15" 12.37 1.43 5.47 29.9209 5 0 354.8 5 -1 5.56
"1" "Chargers D/ST" "0.26-12.24" 25.31 2.22 1 0.54 0.02 0.2 "#2" 12.24 0.26 5.99 35.8801 5 0 361.612 5 -1 5.54
"9" "Texans D/ST" "1.88-12.02" 23.54 2.02 1.04 0.66 0.02 0.18 "#14" 12.02 1.88 5.07 25.7049 5 0 352.408 5 -1 5.54
"5" "Cowboys D/ST" "0.09-13.67" 24.46 2.84 0.7 0.72 0.04 0.13 "#11" 13.67 0.09 6.79 46.1041 5 0 357.192 5 -1 5.54
"13" "Ravens D/ST" "1.18-12.10" 20.63 1.9 0.86 0.66 0 0.1 "#5" 12.1 1.18 5.46 29.8116 5 0 337.276 4 0 5.54
"17" "Bengals D/ST" "0.40-12.10" 25.55 2.42 0.9 0.6 0 0.18 "#12" 12.1 0.4 5.85 34.2225 5 0 362.86 5 -1 5.5
"7" "Lions D/ST" "1.44-12.04" 23.25 2.1 0.98 0.74 0 0.16 "#29" 12.04 1.44 5.3 28.09 5 0 350.9 5 -1 5.5
"2" "Patriots D/ST" "0.58-13.82" 26.82 2.71 0.99 0.65 0.08 0.22 "#23" 13.82 0.58 6.62 43.8244 6 -1 369.464 5 -1 5.47
"15" "Colts D/ST" "0.79-12.27" 24.24 2.18 0.88 0.56 0.04 0.22 "#27" 12.27 0.79 5.74 32.9476 5 0 356.048 5 -1 5.46
"6" "Raiders D/ST" "0.63-13.11" 28 2.56 0.76 1.09 0.06 0.18 "#18" 13.11 0.63 6.24 38.9376 6 -1 375.6 5 -1 5.46
"5" "Dolphins D/ST" "1.13-11.47" 25 1.94 0.98 0.65 0 0.21 "#4" 11.47 1.13 5.17 26.7289 5 0 360 5 -1 5.46
"8" "Bengals D/ST" "0.07-11.81" 25.8 2.3 0.94 0.64 0 0.16 "#8" 11.81 0.07 5.87 34.4569 5 0 364.16 5 -1 5.42
"15" "Bengals D/ST" "0.99-12.41" 24.09 2.34 0.92 0.5 0.02 0.2 "#13" 12.41 0.99 5.71 32.6041 5 0 355.268 5 -1 5.42
"7" "Browns D/ST" "1.46-11.96" 25.02 1.9 0.76 0.6 0.12 0.26 "#8" 11.96 1.46 5.25 27.5625 5 0 360.104 5 -1 5.42
"1" "Falcons D/ST" "1.16-11.08" 26.37 2.22 0.78 0.7 0.08 0.18 "#28" 11.08 1.16 4.96 24.6016 5 0 367.124 5 -1 5.42
"4" "Bengals D/ST" "1.68-11.06" 25.87 2.44 0.71 0.71 0.08 0.16 "#5" 11.06 1.68 4.69 21.9961 5 0 364.524 5 -1 5.4
"7" "Giants D/ST" "1.46-11.30" 24.97 2.04 0.8 0.68 0.08 0.2 "#5" 11.3 1.46 4.92 24.2064 5 0 359.844 5 -1 5.36
"15" "Saints D/ST" "1.05-11.31" 25.07 2.42 0.74 0.68 0.06 0.16 "#19" 11.31 1.05 5.13 26.3169 5 0 360.364 5 -1 5.34
"17" "Saints D/ST" "1.05-11.31" 25.07 2.42 0.74 0.68 0.06 0.16 "#19" 11.31 1.05 5.13 26.3169 5 0 360.364 5 -1 5.34
"1" "Broncos D/ST" "0.45-12.99" 23.43 1.95 0.9 0.66 0.02 0.2 "#18" 12.99 0.45 6.27 39.3129 5 0 351.836 5 -1 5.31
"3" "Falcons D/ST" "-0.66-14.26" 28.17 2.32 1.07 0.79 0 0.21 "#3" 14.26 -0.66 7.46 55.6516 6 -1 376.484 5 -1 5.3
"3" "Titans D/ST" "0.74-11.98" 23.94 2.22 0.67 0.63 0.02 0.24 "#23" 11.98 0.74 5.62 31.5844 5 0 354.488 5 -1 5.3
"3" "Buccaneers D/ST" "-0.51-13.33" 30.28 2.72 0.82 0.95 0 0.17 "#12" 13.33 -0.51 6.92 47.8864 6 -1 387.456 5 -1 5.28
"5" "Giants D/ST" "-1.21-14.13" 27.99 1.92 1.03 0.7 0.04 0.3 "#19" 14.13 -1.21 7.67 58.8289 6 -1 375.548 5 -1 5.26
"8" "Browns D/ST" "1.16-12.00" 24.88 1.96 0.78 0.64 0.06 0.22 "#12" 12 1.16 5.42 29.3764 5 0 359.376 5 -1 5.24
"14" "Browns D/ST" "-0.32-11.82" 22.52 1.95 0.84 0.48 0.02 0.1 "#19" 11.82 -0.32 6.07 36.8449 5 0 347.104 4 0 5.23
"5" "Redskins D/ST" "0.64-11.54" 30.29 2.19 1.11 0.63 0 0.26 "#3" 11.54 0.64 5.45 29.7025 6 -1 387.508 5 -1 5.23
"13" "Broncos D/ST" "0.92-11.58" 24.78 1.86 0.84 0.68 0.06 0.2 "#4" 11.58 0.92 5.33 28.4089 5 0 358.856 5 -1 5.22
"1" "Dolphins D/ST" "1.97-10.99" 23.48 2.2 0.8 0.72 0.06 0.14 "#25" 10.99 1.97 4.51 20.3401 5 0 352.096 5 -1 5.2
"13" "49ers D/ST" "1.03-11.83" 23.8 2.3 0.8 0.58 0.02 0.18 "#18" 11.83 1.03 5.4 29.16 5 0 353.76 5 -1 5.18
"15" "49ers D/ST" "1.03-11.83" 23.8 2.3 0.8 0.58 0.02 0.18 "#18" 11.83 1.03 5.4 29.16 5 0 353.76 5 -1 5.18
"6" "Broncos D/ST" "-0.50-12.46" 31.72 2.7 1.07 0.74 0.03 0.13 "#1" 12.46 -0.5 6.48 41.9904 6 -1 394.944 5 -1 5.16
"7" "Texans D/ST" "1.57-10.01" 25.81 1.8 0.94 0.76 0.06 0.14 "#23" 10.01 1.57 4.22 17.8084 5 0 364.212 5 -1 5.16
"17" "Texans D/ST" "1.57-10.01" 25.81 1.8 0.94 0.76 0.06 0.14 "#23" 10.01 1.57 4.22 17.8084 5 0 364.212 5 -1 5.16
"16" "Broncos D/ST" "0.83-11.95" 23.93 2.07 1 0.6 0.02 0.14 "#13" 11.95 0.83 5.56 30.9136 5 0 354.436 5 -1 5.15
"16" "Packers D/ST" "1.33-11.37" 24.58 2.22 0.74 0.62 0.06 0.18 "#24" 11.37 1.33 5.02 25.2004 5 0 357.816 5 -1 5.14
"10" "Falcons D/ST" "0.95-11.37" 24.36 2.35 0.78 0.48 0.02 0.2 "#26" 11.37 0.95 5.21 27.1441 5 0 356.672 5 -1 5.11
"9" "Cowboys D/ST" "1.50-11.36" 23.75 2.37 0.66 0.74 0.04 0.14 "#25" 11.36 1.5 4.93 24.3049 5 0 353.5 5 -1 5.09
"14" "Falcons D/ST" "0.11-12.43" 24.42 2.29 0.72 0.66 0.04 0.16 "#16" 12.43 0.11 6.16 37.9456 5 0 356.984 5 -1 5.09
"2" "Steelers D/ST" "1.26-10.46" 26.26 2.06 0.92 0.48 0 0.2 "#2" 10.46 1.26 4.6 21.16 5 0 366.552 5 -1 5.06
"3" "Chargers D/ST" "-0.70-12.16" 29.72 2.46 1.07 0.59 0.03 0.2 "#1" 12.16 -0.7 6.43 41.3449 6 -1 384.544 5 -1 5.04
"5" "Falcons D/ST" "0.62-11.54" 24.86 1.6 1.16 0.46 0.02 0.19 "#12" 11.54 0.62 5.46 29.8116 5 0 359.272 5 -1 5.02
"5" "Raiders D/ST" "-0.51-12.81" 29.31 2.27 1.07 0.88 0.03 0.13 "#6" 12.81 -0.51 6.66 44.3556 6 -1 382.412 5 -1 5.01
"1" "Chiefs D/ST" "0.07-10.91" 25.49 1.76 0.84 0.7 0.04 0.18 "#6" 10.91 0.07 5.42 29.3764 5 0 362.548 5 -1 5
"11" "Buccaneers D/ST" "0.69-10.17" 25.9 1.88 0.96 0.52 0.02 0.18 "#22" 10.17 0.69 4.74 22.4676 5 0 364.68 5 -1 4.96
"5" "Seahawks D/ST" "-0.88-12.54" 29.77 2.34 0.81 0.88 0.02 0.2 "#1" 12.54 -0.88 6.71 45.0241 6 -1 384.804 5 -1 4.96
"12" "Texans D/ST" "1.64-10.42" 24.68 2.36 0.7 0.7 0.04 0.12 "#25" 10.42 1.64 4.39 19.2721 5 0 358.336 5 -1 4.96
"6" "Buccaneers D/ST" "0.47-11.67" 29.52 2.53 0.78 1.05 0.05 0.11 "#5" 11.67 0.47 5.6 31.36 6 -1 383.504 5 -1 4.95
"7" "Eagles D/ST" "-0.63-11.71" 21.76 1.7 0.76 0.56 0 0.1 "#19" 11.71 -0.63 6.17 38.0689 5 0 343.152 4 0 4.94
"4" "Giants D/ST" "-0.22-12.40" 29.9 2.28 1.03 0.79 0.03 0.16 "#3" 12.4 -0.22 6.31 39.8161 6 -1 385.48 5 -1 4.94
"17" "Packers D/ST" "0.49-12.43" 26.92 2.06 1.16 0.56 0 0.24 "#15" 12.43 0.49 5.97 35.6409 6 -1 369.984 5 -1 4.94
"8" "Raiders D/ST" "0.40-10.50" 26.43 1.62 0.84 0.58 0.02 0.24 "#20" 10.5 0.4 5.05 25.5025 5 0 367.436 5 -1 4.94
"6" "Cardinals D/ST" "1.65-10.55" 25.37 2.02 0.69 0.62 0.07 0.19 "#10" 10.55 1.65 4.45 19.8025 5 0 361.924 5 -1 4.92
"11" "Texans D/ST" "1.20-10.74" 25.16 2.08 0.74 0.7 0 0.16 "#21" 10.74 1.2 4.77 22.7529 5 0 360.832 5 -1 4.92
"11" "Vikings D/ST" "0.86-10.86" 24.26 2.6 0.58 0.64 0.02 0.14 "#17" 10.86 0.86 5 25 5 0 356.152 5 -1 4.92
"17" "Vikings D/ST" "0.86-10.86" 24.26 2.6 0.58 0.64 0.02 0.14 "#17" 10.86 0.86 5 25 5 0 356.152 5 -1 4.92
"6" "49ers D/ST" "0.25-11.87" 28.16 2.1 1.01 0.6 0.09 0.23 "#16" 11.87 0.25 5.81 33.7561 6 -1 376.432 5 -1 4.88
"10" "Colts D/ST" "0.77-11.57" 24.04 2.08 0.8 0.66 0.02 0.14 "#23" 11.57 0.77 5.4 29.16 5 0 355.008 5 -1 4.88
"13" "Colts D/ST" "0.77-11.57" 24.04 2.08 0.8 0.66 0.02 0.14 "#23" 11.57 0.77 5.4 29.16 5 0 355.008 5 -1 4.88
"16" "Texans D/ST" "0.82-10.32" 26.26 1.8 0.92 0.6 0.04 0.16 "#28" 10.32 0.82 4.75 22.5625 5 0 366.552 5 -1 4.88
"16" "Saints D/ST" "-0.26-10.98" 26.38 1.82 0.8 0.54 0.02 0.22 "#12" 10.98 -0.26 5.62 31.5844 5 0 367.176 5 -1 4.86
"1" "Giants D/ST" "-0.32-12.30" 24.41 1.98 0.82 0.52 0 0.2 "#23" 12.3 -0.32 6.31 39.8161 5 0 356.932 5 -1 4.86
"8" "Saints D/ST" "0.87-11.61" 27.19 1.9 0.9 0.58 0.04 0.32 "#10" 11.61 0.87 5.37 28.8369 6 -1 371.388 5 -1 4.86
"11" "Redskins D/ST" "0.02-12.32" 23.37 1.53 1.04 0.56 0.08 0.16 "#11" 12.32 0.02 6.15 37.8225 5 0 351.524 5 -1 4.85
"10" "Panthers D/ST" "0.75-10.45" 25.61 1.72 0.96 0.54 0.08 0.16 "#12" 10.45 0.75 4.85 23.5225 5 0 363.172 5 -1 4.84
"4" "49ers D/ST" "-0.87-11.75" 31.69 2.2 0.7 0.98 0.03 0.2 "#6" 11.75 -0.87 6.31 39.8161 6 -1 394.788 5 -1 4.82
"3" "Colts D/ST" "-0.33-12.61" 29.87 2.54 0.79 0.87 0.03 0.15 "#28" 12.61 -0.33 6.47 41.8609 6 -1 385.324 5 -1 4.82
"16" "Ravens D/ST" "0.83-11.27" 24.66 1.7 0.68 0.84 0 0.18 "#6" 11.27 0.83 5.22 27.2484 5 0 358.232 5 -1 4.82
"4" "Dolphins D/ST" "0.85-10.97" 23.81 1.67 0.9 0.63 0.02 0.17 "#7" 10.97 0.85 5.06 25.6036 5 0 353.812 5 -1 4.79
"5" "Colts D/ST" "-0.27-11.21" 30.06 3.17 0.76 0.64 0.03 0.12 "#7" 11.21 -0.27 5.74 32.9476 6 -1 386.312 5 -1 4.75
"8" "Jets D/ST" "1.18-10.56" 23.62 2.31 0.7 0.6 0 0.14 "#17" 10.56 1.18 4.69 21.9961 5 0 352.824 5 -1 4.75
"7" "Buccaneers D/ST" "1.36-10.38" 25.35 2.26 0.9 0.48 0.06 0.1 "#26" 10.38 1.36 4.51 20.3401 5 0 361.82 5 -1 4.74
"16" "Chiefs D/ST" "-0.19-11.59" 24.79 2.22 0.66 0.56 0.06 0.16 "#18" 11.59 -0.19 5.89 34.6921 5 0 358.908 5 -1 4.74
"12" "Buccaneers D/ST" "0.20-10.32" 26.24 2.13 0.82 0.52 0.04 0.14 "#30" 10.32 0.2 5.06 25.6036 5 0 366.448 5 -1 4.73
"14" "Raiders D/ST" "0.94-9.58" 26.27 1.92 0.7 0.84 0 0.12 "#12" 9.58 0.94 4.32 18.6624 5 0 366.604 5 -1 4.72
"13" "Chiefs D/ST" "1.14-11.08" 26.7 2.3 0.88 0.88 0.02 0.14 "#13" 11.08 1.14 4.97 24.7009 6 -1 368.84 5 -1 4.7
"17" "Chiefs D/ST" "1.14-11.08" 26.7 2.3 0.88 0.88 0.02 0.14 "#13" 11.08 1.14 4.97 24.7009 6 -1 368.84 5 -1 4.7
"1" "Eagles D/ST" "0.95-10.81" 23.21 1.66 0.76 0.82 0.02 0.14 "#5" 10.81 0.95 4.93 24.3049 5 0 350.692 5 -1 4.7
"1" "Panthers D/ST" "-0.19-12.55" 23.37 1.9 0.86 0.58 0.04 0.14 "#27" 12.55 -0.19 6.37 40.5769 5 0 351.524 5 -1 4.7
"4" "Broncos D/ST" "-0.17-12.25" 27.92 2.34 0.83 0.71 0 0.21 "#2" 12.25 -0.17 6.21 38.5641 6 -1 375.184 5 -1 4.68
"14" "Colts D/ST" "-0.25-11.41" 25.91 2 0.68 0.66 0.02 0.16 "#11" 11.41 -0.25 5.83 33.9889 5 0 364.732 5 -1 4.68
"2" "Panthers D/ST" "0.57-10.59" 25.48 2 0.7 0.74 0.04 0.12 "#5" 10.59 0.57 5.01 25.1001 5 0 362.496 5 -1 4.68
"4" "Vikings D/ST" "0.26-11.76" 27.16 2.3 0.95 0.83 0.05 0.12 "#1" 11.76 0.26 5.75 33.0625 6 -1 371.232 5 -1 4.68
"3" "49ers D/ST" "-0.92-12.08" 31.2 2.65 0.82 0.92 0 0.09 "#2" 12.08 -0.92 6.5 42.25 6 -1 392.24 5 -1 4.67
"15" "Dolphins D/ST" "1.01-9.89" 24.41 1.61 0.94 0.66 0.06 0.12 "#10" 9.89 1.01 4.44 19.7136 5 0 356.932 5 -1 4.65
"7" "Cowboys D/ST" "1.43-9.87" 24.16 2.34 0.7 0.66 0.04 0.08 "#21" 9.87 1.43 4.22 17.8084 5 0 355.632 5 -1 4.62
"12" "Cowboys D/ST" "1.43-9.87" 24.16 2.34 0.7 0.66 0.04 0.08 "#21" 9.87 1.43 4.22 17.8084 5 0 355.632 5 -1 4.62
"11" "Packers D/ST" "0.30-10.76" 24.94 1.92 0.66 0.62 0.02 0.18 "#18" 10.76 0.3 5.23 27.3529 5 0 359.688 5 -1 4.6
"2" "Jaguars D/ST" "0.15-11.33" 27.61 2.02 1 0.7 0.04 0.18 "#7" 11.33 0.15 5.59 31.2481 6 -1 373.572 5 -1 4.58
"13" "Vikings D/ST" "-0.43-11.79" 25.87 1.44 0.96 0.6 0.02 0.16 "#7" 11.79 -0.43 6.11 37.3321 5 0 364.524 5 -1 4.56
"16" "Panthers D/ST" "0.50-10.36" 24.31 1.72 0.86 0.54 0.04 0.16 "#5" 10.36 0.5 4.93 24.3049 5 0 356.412 5 -1 4.56
"10" "Buccaneers D/ST" "0.37-9.91" 26.31 1.9 0.68 0.58 0.08 0.16 "#21" 9.91 0.37 4.77 22.7529 5 0 366.812 5 -1 4.54
"14" "Dolphins D/ST" "0.32-10.02" 25.78 1.76 0.88 0.54 0.02 0.14 "#7" 10.02 0.32 4.85 23.5225 5 0 364.056 5 -1 4.48
"10" "Saints D/ST" "0.33-11.73" 26.6 1.8 0.92 0.62 0 0.26 "#4" 11.73 0.33 5.7 32.49 6 -1 368.32 5 -1 4.44
"14" "Ravens D/ST" "-0.50-11.80" 28.81 2.15 0.78 0.6 0.04 0.24 "#2" 11.8 -0.5 6.15 37.8225 6 -1 379.812 5 -1 4.43
"12" "Jets D/ST" "-0.57-12.93" 26.79 1.7 1.04 0.58 0.02 0.24 "#7" 12.93 -0.57 6.75 45.5625 6 -1 369.308 5 -1 4.42
"17" "Jets D/ST" "-0.57-12.93" 26.79 1.7 1.04 0.58 0.02 0.24 "#7" 12.93 -0.57 6.75 45.5625 6 -1 369.308 5 -1 4.42
"9" "Panthers D/ST" "-0.19-10.29" 25.7 1.66 0.82 0.48 0.08 0.16 "#8" 10.29 -0.19 5.24 27.4576 5 0 363.64 5 -1 4.38
"13" "Panthers D/ST" "-0.19-10.29" 25.7 1.66 0.82 0.48 0.08 0.16 "#8" 10.29 -0.19 5.24 27.4576 5 0 363.64 5 -1 4.38
"7" "Bears D/ST" "0.10-10.14" 25.43 2 0.88 0.58 0.02 0.06 "#7" 10.14 0.1 5.02 25.2004 5 0 362.236 5 -1 4.32
"13" "Titans D/ST" "0.92-9.40" 25.81 2.12 0.62 0.66 0.02 0.1 "#24" 9.4 0.92 4.24 17.9776 5 0 364.212 5 -1 4.32
"7" "Chiefs D/ST" "0.67-10.33" 27.93 2.2 0.78 0.78 0 0.16 "#4" 10.33 0.67 4.83 23.3289 6 -1 375.236 5 -1 4.28
"15" "Texans D/ST" "0.88-9.80" 24.26 1.94 0.64 0.64 0.02 0.12 "#24" 9.8 0.88 4.46 19.8916 5 0 356.152 5 -1 4.26
"16" "Titans D/ST" "1.54-8.82" 24.68 2.16 0.62 0.6 0.06 0.08 "#21" 8.82 1.54 3.64 13.2496 5 0 358.336 5 -1 4.2
"2" "Giants D/ST" "0.36-9.62" 25.4 2.1 0.78 0.4 0 0.12 "#27" 9.62 0.36 4.63 21.4369 5 0 362.08 5 -1 4.18
"9" "Raiders D/ST" "0.60-10.64" 26.84 1.94 0.86 0.66 0 0.2 "#30" 10.64 0.6 5.02 25.2004 6 -1 369.568 5 -1 4.18
"15" "Raiders D/ST" "0.71-10.19" 26.61 2 0.7 0.82 0 0.18 "#4" 10.19 0.71 4.74 22.4676 6 -1 368.372 5 -1 4.12
"7" "Ravens D/ST" "-0.28-11.44" 27.49 2 0.76 0.7 0 0.2 "#3" 11.44 -0.28 5.86 34.3396 6 -1 372.948 5 -1 4.12
"12" "Seahawks D/ST" "-0.71-10.73" 23.73 1.76 0.7 0.62 0 0.12 "#19" 10.73 -0.71 5.72 32.7184 5 0 353.396 5 -1 4.12
"2" "49ers D/ST" "0.12-8.82" 26.26 1.75 0.78 0.6 0 0.1 "#15" 8.82 0.12 4.35 18.9225 5 0 366.552 5 -1 4.11
"14" "Saints D/ST" "-0.54-10.88" 27.72 1.84 0.7 0.58 0.06 0.26 "#8" 10.88 -0.54 5.71 32.6041 6 -1 374.144 5 -1 4.08
"11" "Giants D/ST" "0.48-10.78" 26.57 1.81 0.76 0.72 0.04 0.2 "#8" 10.78 0.48 5.15 26.5225 6 -1 368.164 5 -1 4.05
"1" "Colts D/ST" "-0.42-9.68" 26.32 1.78 0.86 0.42 0.04 0.1 "#4" 9.68 -0.42 5.05 25.5025 5 0 366.864 5 -1 4.02
"3" "Lions D/ST" "-0.68-11.68" 27.95 1.78 0.93 0.77 0.03 0.13 "#7" 11.68 -0.68 6.18 38.1924 6 -1 375.34 5 -1 4.02
"13" "Falcons D/ST" "0.10-9.04" 26.08 2.02 0.64 0.62 0 0.08 "#9" 9.04 0.1 4.47 19.9809 5 0 365.616 5 -1 4.02
"12" "Packers D/ST" "0.15-10.67" 26.62 1.62 0.88 0.56 0.02 0.24 "#10" 10.67 0.15 5.26 27.6676 6 -1 368.424 5 -1 3.98
"2" "Packers D/ST" "0.43-10.53" 27.56 1.8 0.72 0.7 0.06 0.2 "#10" 10.53 0.43 5.05 25.5025 6 -1 373.312 5 -1 3.96
"12" "Raiders D/ST" "0.24-11.12" 26.52 2 0.76 0.56 0.04 0.2 "#9" 11.12 0.24 5.44 29.5936 6 -1 367.904 5 -1 3.92
"10" "Lions D/ST" "0.12-10.24" 27.19 2.08 0.82 0.66 0.02 0.14 "#17" 10.24 0.12 5.06 25.6036 6 -1 371.388 5 -1 3.92
"12" "Lions D/ST" "0.12-10.24" 27.19 2.08 0.82 0.66 0.02 0.14 "#17" 10.24 0.12 5.06 25.6036 6 -1 371.388 5 -1 3.92
"2" "Bills D/ST" "0.65-9.45" 27.63 1.88 0.88 0.54 0.04 0.18 "#6" 9.45 0.65 4.4 19.36 6 -1 373.676 5 -1 3.88
"13" "Patriots D/ST" "0.20-10.56" 27.07 1.8 0.82 0.5 0 0.24 "#10" 10.56 0.2 5.18 26.8324 6 -1 370.764 5 -1 3.88
"17" "Lions D/ST" "-0.97-11.75" 27.29 2.28 0.85 0.5 0.02 0.14 "#16" 11.75 -0.97 6.36 40.4496 6 -1 371.908 5 -1 3.86
"10" "Redskins D/ST" "-0.50-9.98" 29.24 1.6 0.86 0.56 0.02 0.22 "#8" 9.98 -0.5 5.24 27.4576 6 -1 382.048 5 -1 3.8
"8" "Broncos D/ST" "-0.74-9.32" 32 1.84 0.82 0.52 0.04 0.2 "#2" 9.32 -0.74 5.03 25.3009 6 -1 396.4 5 -1 3.8
"2" "Buccaneers D/ST" "-0.10-10.24" 27.35 1.98 0.72 0.64 0.04 0.16 "#28" 10.24 -0.1 5.17 26.7289 6 -1 372.22 5 -1 3.74
"6" "Chiefs D/ST" "-1.40-12.90" 34.44 2.23 0.95 0.8 0 0.33 "#7" 12.9 -1.4 7.15 51.1225 6 -1 409.088 6 -3 3.71
"3" "Bills D/ST" "-0.91-11.17" 27.26 1.98 0.72 0.79 0.04 0.1 "#10" 11.17 -0.91 6.04 36.4816 6 -1 371.752 5 -1 3.68
"10" "Seahawks D/ST" "-1.32-10.06" 29.95 1.92 0.74 0.6 0 0.18 "#1" 10.06 -1.32 5.69 32.3761 6 -1 385.74 5 -1 3.68
"14" "Bengals D/ST" "-0.36-10.12" 27.88 1.98 0.82 0.52 0.02 0.16 "#6" 10.12 -0.36 5.24 27.4576 6 -1 374.976 5 -1 3.66
"11" "Rams D/ST" "-0.75-8.85" 31.15 1.88 0.8 0.52 0.02 0.18 "#2" 8.85 -0.75 4.8 23.04 6 -1 391.98 5 -1 3.64
"15" "Panthers D/ST" "-0.12-9.76" 28.56 1.66 0.64 0.64 0.04 0.22 "#3" 9.76 -0.12 4.94 24.4036 6 -1 378.512 5 -1 3.62
"17" "Panthers D/ST" "-0.12-9.76" 28.56 1.66 0.64 0.64 0.04 0.22 "#3" 9.76 -0.12 4.94 24.4036 6 -1 378.512 5 -1 3.62
"16" "Cowboys D/ST" "-0.89-10.81" 26.65 1.64 0.76 0.58 0.02 0.2 "#8" 10.81 -0.89 5.85 34.2225 6 -1 368.58 5 -1 3.56
"15" "Patriots D/ST" "-0.25-10.25" 27.07 1.68 0.9 0.48 0.02 0.18 "#12" 10.25 -0.25 5.25 27.5625 6 -1 370.764 5 -1 3.56
"16" "Seahawks D/ST" "-1.70-9.88" 31.54 1.98 0.78 0.52 0 0.16 "#2" 9.88 -1.7 5.79 33.5241 6 -1 394.008 5 -1 3.54
"8" "Buccaneers D/ST" "0.38-9.04" 27.77 1.68 0.62 0.84 0.04 0.14 "#4" 9.04 0.38 4.33 18.7489 6 -1 374.404 5 -1 3.52
"9" "Redskins D/ST" "-0.21-8.37" 30.07 1.58 0.76 0.6 0.04 0.18 "#5" 8.37 -0.21 4.29 18.4041 6 -1 386.364 5 -1 3.46
"15" "Buccaneers D/ST" "-0.50-10.02" 28.68 1.69 0.74 0.56 0.04 0.18 "#9" 10.02 -0.5 5.26 27.6676 6 -1 379.136 5 -1 3.45
"12" "49ers D/ST" "-0.66-9.74" 28.14 1.76 0.72 0.52 0.06 0.18 "#8" 9.74 -0.66 5.2 27.04 6 -1 376.328 5 -1 3.44
"9" "Seahawks D/ST" "-0.85-8.93" 30.88 1.68 0.8 0.5 0.08 0.16 "#6" 8.93 -0.85 4.89 23.9121 6 -1 390.576 5 -1 3.4
"12" "Saints D/ST" "-0.05-9.33" 26.95 1.9 0.56 0.58 0.06 0.18 "#5" 9.33 -0.05 4.69 21.9961 6 -1 370.14 5 -1 3.38
"15" "Chargers D/ST" "-1.14-9.54" 29.96 1.88 0.7 0.54 0.02 0.16 "#2" 9.54 -1.14 5.34 28.5156 6 -1 385.792 5 -1 3.36
"14" "Packers D/ST" "-0.05-9.59" 26.51 1.88 0.58 0.7 0.04 0.14 "#5" 9.59 -0.05 4.82 23.2324 6 -1 367.852 5 -1 3.36
"12" "Titans D/ST" "0.34-8.04" 26 2.04 0.44 0.5 0.02 0.06 "#11" 8.04 0.34 3.85 14.8225 5 0 365.2 5 -1 3.32
"11" "Lions D/ST" "-0.16-9.12" 28.01 2.1 0.6 0.72 0.04 0.08 "#19" 9.12 -0.16 4.64 21.5296 6 -1 375.652 5 -1 3.3
"16" "Buccaneers D/ST" "0.23-9.05" 27.97 2 0.72 0.38 0.06 0.16 "#27" 9.05 0.23 4.41 19.4481 6 -1 375.444 5 -1 3.28
"1" "Texans D/ST" "-1.11-9.47" 29.36 2.11 0.62 0.59 0.07 0.1 "#7" 9.47 -1.11 5.29 27.9841 6 -1 382.672 5 -1 3.27
"10" "Cardinals D/ST" "-0.31-8.77" 28.76 2.14 0.68 0.58 0 0.1 "#2" 8.77 -0.31 4.54 20.6116 6 -1 379.552 5 -1 3.26
"9" "Rams D/ST" "-0.78-7.78" 31.49 1.74 0.68 0.52 0.02 0.18 "#3" 7.78 -0.78 4.28 18.3184 6 -1 393.748 5 -1 3.26
"8" "Lions D/ST" "-0.62-9.28" 28.41 2.16 0.6 0.66 0 0.08 "#18" 9.28 -0.62 4.95 24.5025 6 -1 377.732 5 -1 3.16
"12" "Cardinals D/ST" "-0.70-10.04" 27.18 1.78 0.7 0.54 0.08 0.12 "#6" 10.04 -0.7 5.37 28.8369 6 -1 371.336 5 -1 3.14
"13" "Steelers D/ST" "-1.65-9.93" 28.26 1.9 0.88 0.54 0.02 0.06 "#6" 9.93 -1.65 5.79 33.5241 6 -1 376.952 5 -1 3.14
"11" "Broncos D/ST" "-0.57-8.73" 29.49 1.64 0.56 0.54 0.04 0.2 "#6" 8.73 -0.57 4.65 21.6225 6 -1 383.348 5 -1 3.12
"17" "Broncos D/ST" "-0.57-8.73" 29.49 1.64 0.56 0.54 0.04 0.2 "#6" 8.73 -0.57 4.65 21.6225 6 -1 383.348 5 -1 3.12
"11" "Cowboys D/ST" "-1.26-10.06" 27.27 1.72 0.62 0.58 0.02 0.16 "#5" 10.06 -1.26 5.66 32.0356 6 -1 371.804 5 -1 3.12
"9" "Browns D/ST" "-0.35-8.51" 28.48 2.02 0.6 0.64 0 0.1 "#2" 8.51 -0.35 4.43 19.6249 6 -1 378.096 5 -1 3.1
"7" "49ers D/ST" "-1.33-8.33" 31.98 1.8 0.72 0.64 0.04 0.08 "#1" 8.33 -1.33 4.83 23.3289 6 -1 396.296 5 -1 3.08
"17" "49ers D/ST" "-1.33-8.33" 31.98 1.8 0.72 0.64 0.04 0.08 "#1" 8.33 -1.33 4.83 23.3289 6 -1 396.296 5 -1 3.08
"9" "Lions D/ST" "-2.12-10.86" 28.31 1.56 0.84 0.54 0.02 0.12 "#10" 10.86 -2.12 6.49 42.1201 6 -1 377.212 5 -1 3.08
"16" "Lions D/ST" "-2.12-10.86" 28.31 1.56 0.84 0.54 0.02 0.12 "#10" 10.86 -2.12 6.49 42.1201 6 -1 377.212 5 -1 3.08
"11" "Falcons D/ST" "-0.31-9.49" 26.66 1.7 0.84 0.52 0.02 0.1 "#27" 9.49 -0.31 4.9 24.01 6 -1 368.632 5 -1 3.06
"2" "Colts D/ST" "-0.31-8.83" 27.83 1.56 0.82 0.62 0 0.1 "#21" 8.83 -0.31 4.57 20.8849 6 -1 374.716 5 -1 3.04
"16" "Falcons D/ST" "-0.43-7.69" 30.18 2.04 0.58 0.68 0 0.08 "#19" 7.69 -0.43 4.06 16.4836 6 -1 386.936 5 -1 3.04
"17" "Buccaneers D/ST" "-0.02-8.04" 29.52 1.82 0.56 0.76 0.04 0.08 "#5" 8.04 -0.02 4.03 16.2409 6 -1 383.504 5 -1 3.02
"2" "Chiefs D/ST" "-1.05-8.65" 29.79 1.4 0.82 0.62 0.04 0.1 "#12" 8.65 -1.05 4.85 23.5225 6 -1 384.908 5 -1 2.96
"10" "Raiders D/ST" "-1.35-8.35" 31.35 1.64 0.66 0.68 0.02 0.1 "#6" 8.35 -1.35 4.85 23.5225 6 -1 393.02 5 -1 2.96
"11" "Eagles D/ST" "-1.08-9.22" 27.9 1.96 0.64 0.52 0.02 0.1 "#3" 9.22 -1.08 5.15 26.5225 6 -1 375.08 5 -1 2.92
"14" "Bears D/ST" "-0.35-9.19" 27.14 1.92 0.8 0.54 0.02 0.04 "#1" 9.19 -0.35 4.77 22.7529 6 -1 371.128 5 -1 2.88
"9" "Buccaneers D/ST" "-0.54-8.58" 28.23 1.74 0.64 0.54 0.02 0.12 "#19" 8.58 -0.54 4.56 20.7936 6 -1 376.796 5 -1 2.86
"13" "Buccaneers D/ST" "-0.54-8.58" 28.23 1.74 0.64 0.54 0.02 0.12 "#19" 8.58 -0.54 4.56 20.7936 6 -1 376.796 5 -1 2.86
"7" "Titans D/ST" "-0.59-7.71" 30.07 1.62 0.56 0.62 0.02 0.14 "#6" 7.71 -0.59 4.15 17.2225 6 -1 386.364 5 -1 2.86
"1" "49ers D/ST" "-0.12-8.04" 28.39 1.66 0.64 0.68 0.02 0.08 "#10" 8.04 -0.12 4.08 16.6464 6 -1 377.628 5 -1 2.82
"14" "Titans D/ST" "0.45-8.71" 26.71 2.02 0.54 0.46 0.04 0.12 "#23" 8.71 0.45 4.13 17.0569 6 -1 368.892 5 -1 2.82
"13" "Cowboys D/ST" "-1.17-8.55" 28.44 1.74 0.72 0.54 0.02 0.08 "#3" 8.55 -1.17 4.86 23.6196 6 -1 377.888 5 -1 2.78
"8" "Vikings D/ST" "-1.15-10.47" 27.35 1.28 0.84 0.52 0.02 0.12 "#3" 10.47 -1.15 5.81 33.7561 6 -1 372.22 5 -1 2.76
"9" "Saints D/ST" "-2.07-7.91" 32.36 1.88 0.64 0.56 0.04 0.06 "#1" 7.91 -2.07 4.99 24.9001 6 -1 398.272 5 -1 2.72
"16" "Steelers D/ST" "-0.79-7.53" 29.53 1.54 0.9 0.42 0.02 0.08 "#3" 7.53 -0.79 4.16 17.3056 6 -1 383.556 5 -1 2.7
"1" "Buccaneers D/ST" "-1.98-8.48" 31.37 1.42 0.62 0.54 0.02 0.14 "#3" 8.48 -1.98 5.23 27.3529 6 -1 393.124 5 -1 2.62
"16" "Cardinals D/ST" "-1.41-8.05" 30.37 2.02 0.62 0.5 0 0.06 "#1" 8.05 -1.41 4.73 22.3729 6 -1 387.924 5 -1 2.62
"10" "Bengals D/ST" "-1.12-8.26" 28.05 1.88 0.7 0.46 0.02 0.06 "#3" 8.26 -1.12 4.69 21.9961 6 -1 375.86 5 -1 2.6
"15" "Eagles D/ST" "-1.52-8.52" 29.34 1.92 0.62 0.54 0 0.06 "#1" 8.52 -1.52 5.02 25.2004 6 -1 382.568 5 -1 2.6
"7" "Bengals D/ST" "-1.01-8.31" 28.37 1.79 0.72 0.44 0.02 0.06 "#2" 8.31 -1.01 4.66 21.7156 6 -1 377.524 5 -1 2.51
"9" "Packers D/ST" "-0.47-6.85" 30.5 1.74 0.48 0.52 0.02 0.12 "#7" 6.85 -0.47 3.66 13.3956 6 -1 388.6 5 -1 2.5
"8" "Bills D/ST" "-1.81-8.27" 29.96 1.88 0.78 0.32 0.02 0.06 "#7" 8.27 -1.81 5.04 25.4016 6 -1 385.792 5 -1 2.48
"16" "Bills D/ST" "-1.81-8.27" 29.96 1.88 0.78 0.32 0.02 0.06 "#7" 8.27 -1.81 5.04 25.4016 6 -1 385.792 5 -1 2.48
"10" "Titans D/ST" "-0.94-7.38" 29.01 1.76 0.66 0.44 0 0.08 "#7" 7.38 -0.94 4.16 17.3056 6 -1 380.852 5 -1 2.44
"15" "Steelers D/ST" "-1.17-7.23" 30.34 1.44 0.72 0.36 0 0.12 "#7" 7.23 -1.17 4.2 17.64 6 -1 387.768 5 -1 2.32
"9" "Falcons D/ST" "-1.21-7.79" 27.76 1.82 0.5 0.42 0 0.08 "#21" 7.79 -1.21 4.5 20.25 6 -1 374.352 5 -1 2.14
"1" "Browns D/ST" "-1.42-7.00" 32.24 1.4 0.48 0.56 0 0.1 "#12" 7 -1.42 4.21 17.7241 6 -1 397.648 5 -1 2.08
"1" "Raiders D/ST" "-0.79-7.99" 28.09 1.52 0.52 0.4 0 0.12 "#1" 7.99 -0.79 4.39 19.2721 6 -1 376.068 5 -1 2.08
"17" "Falcons D/ST" "-1.63-7.05" 30.31 1.32 0.66 0.44 0.02 0.06 "#8" 7.05 -1.63 4.34 18.8356 6 -1 387.612 5 -1 1.92
"14" "Buccaneers D/ST" "-2.00-6.98" 32.66 1.4 0.54 0.48 0.04 0.12 "#3" 6.98 -2 4.49 20.1601 6 -1 399.832 6 -3 0.24
"8" "Packers D/ST" "-1.64-6.22" 32.76 1.46 0.58 0.48 0.02 0.08 "#1" 6.22 -1.64 3.93 15.4449 6 -1 400.352 6 -3 0.0999999999999999
"11" "Chiefs D/ST" "-1.84-9.04" 36.94 1.58 0.76 0.64 0 0.28 "#1" 9.04 -1.84 5.44 29.5936 7 -3 422.088 6 -3 0.0600000000000001
"2" "Browns D/ST" "-2.64-6.62" 34.48 1.34 0.48 0.54 0 0.08 "#3" 6.62 -2.64 4.63 21.4369 6 -1 409.296 6 -3 -0.14
"15" "Chiefs D/ST" "-2.26-6.60" 35.83 1.34 0.54 0.46 0.02 0.18 "#6" 6.6 -2.26 4.43 19.6249 7 -3 416.316 6 -3 -1.54
"13" "Lions D/ST" "-1.65-5.53" 35.78 1.28 0.56 0.52 0 0.16 "#1" 5.53 -1.65 3.59 12.8881 7 -3 416.056 6 -3 -1.6
"12" "Falcons D/ST" "-1.81-5.57" 35.39 1.44 0.4 0.56 0 0.16 "#3" 5.57 -1.81 3.69 13.6161 7 -3 414.028 6 -3 -1.68
"13" "Raiders D/ST" "-3.30-5.78" 35.49 1.28 0.58 0.44 0.04 0.06 "#2" 5.78 -3.3 4.54 20.6116 7 -3 414.548 6 -3 -2.24
"17" "Raiders D/ST" "-3.30-5.78" 35.49 1.28 0.58 0.44 0.04 0.06 "#2" 5.78 -3.3 4.54 20.6116 7 -3 414.548 6 -3 -2.24
