"Week" "Player" "range" "pts_all" "sacks" "INT" "fum" "SAF" "TD" "rnk" "max" "min" "std" "Var" "pts_all_grp" "pts_all_score" "yrds_est" "yrds_all_grp" "yrds_all_score" "Full_Proj"
"17" "Ravens D/ST" "6.49-20.31" 12.39 3.47 1.3 0.9 0.04 0.34 "#30" 20.31 6.49 6.91 47.7481 3 3 294.428 3 2 14.99
"3" "Vikings D/ST" "4.71-16.87" 12.51 2.32 0.89 0.71 0.05 0.32 "#32" 16.87 4.71 6.08 36.9664 3 3 295.052 3 2 12.54
"2" "Rams D/ST" "6.96-19.84" 15.35 3.54 1.5 0.92 0.04 0.42 "#31" 19.84 6.96 6.44 41.4736 4 1 309.82 4 0 11.98
"17" "Seahawks D/ST" "6.28-20.12" 14.15 3.48 1.28 1.06 0.04 0.34 "#31" 20.12 6.28 6.92 47.8864 4 1 303.58 4 0 11.28
"1" "Ravens D/ST" "6.47-17.25" 16.72 3.11 1.56 0.66 0.1 0.35 "#32" 17.25 6.47 5.39 29.0521 4 1 316.944 4 0 10.85
"10" "Jets D/ST" "5.82-18.56" 14.56 3.41 1.28 0.72 0.04 0.36 "#32" 18.56 5.82 6.37 40.5769 4 1 305.712 4 0 10.65
"14" "Jets D/ST" "5.82-18.56" 14.56 3.41 1.28 0.72 0.04 0.36 "#32" 18.56 5.82 6.37 40.5769 4 1 305.712 4 0 10.65
"16" "Rams D/ST" "5.72-18.02" 16.23 2.77 1.38 0.98 0.1 0.3 "#31" 18.02 5.72 6.15 37.8225 4 1 314.396 4 0 10.49
"15" "Broncos D/ST" "4.60-18.58" 15.37 2.98 1.54 0.72 0.06 0.3 "#30" 18.58 4.6 6.99 48.8601 4 1 309.924 4 0 10.42
"1" "Jaguars D/ST" "5.18-19.26" 14.21 3.18 1.24 0.76 0.08 0.34 "#23" 19.26 5.18 7.04 49.5616 4 1 303.892 4 0 10.38
"16" "Patriots D/ST" "5.71-17.35" 15.24 3.15 1.22 0.88 0.04 0.32 "#32" 17.35 5.71 5.82 33.8724 4 1 309.248 4 0 10.35
"13" "Seahawks D/ST" "4.18-18.18" 16.3 3.22 1.14 0.9 0.04 0.32 "#27" 18.18 4.18 7 49 4 1 314.76 4 0 10.3
"15" "Seahawks D/ST" "4.18-18.18" 16.3 3.22 1.14 0.9 0.04 0.32 "#27" 18.18 4.18 7 49 4 1 314.76 4 0 10.3
"5" "Ravens D/ST" "4.18-12.00" 13.34 1.66 0.7 0.45 0.04 0.2 "#30" 12 4.18 3.91 15.2881 3 3 299.368 3 2 10.24
"12" "Jaguars D/ST" "4.94-18.06" 15.85 2.93 1.39 0.72 0.02 0.34 "#32" 18.06 4.94 6.56 43.0336 4 1 312.42 4 0 10.23
"14" "Panthers D/ST" "4.58-17.88" 15.58 3 1.22 0.68 0.18 0.3 "#30" 17.88 4.58 6.65 44.2225 4 1 311.016 4 0 9.96
"14" "Redskins D/ST" "5.07-17.01" 18.99 2.78 1.67 0.84 0 0.34 "#23" 17.01 5.07 5.97 35.6409 5 0 328.748 4 0 9.84
"12" "Browns D/ST" "2.38-19.66" 19.22 2.34 1.82 0.66 0 0.42 "#16" 19.66 2.38 8.64 74.6496 5 0 329.944 4 0 9.82
"16" "Browns D/ST" "2.38-19.66" 19.22 2.34 1.82 0.66 0 0.42 "#16" 19.66 2.38 8.64 74.6496 5 0 329.944 4 0 9.82
"17" "Cowboys D/ST" "5.57-17.43" 17.64 2.91 1.42 0.92 0.06 0.34 "#23" 17.43 5.57 5.93 35.1649 5 0 321.728 4 0 9.75
"15" "Redskins D/ST" "5.10-17.50" 17.66 3.28 1.62 0.72 0 0.28 "#28" 17.5 5.1 6.2 38.44 5 0 321.832 4 0 9.64
"12" "Eagles D/ST" "4.68-17.20" 18.31 3.03 1.48 0.76 0.04 0.34 "#23" 17.2 4.68 6.26 39.1876 5 0 325.212 4 0 9.63
"14" "Broncos D/ST" "3.20-17.58" 17.04 2.36 1.46 0.62 0.08 0.32 "#27" 17.58 3.2 7.19 51.6961 4 1 318.608 4 0 9.6
"1" "Vikings D/ST" "4.09-18.43" 15.49 2.9 1.18 0.72 0.04 0.3 "#27" 18.43 4.09 7.17 51.4089 4 1 310.548 4 0 9.58
"13" "Bears D/ST" "5.19-16.91" 18.47 3.03 1.25 0.94 0.06 0.34 "#23" 16.91 5.19 5.86 34.3396 5 0 326.044 4 0 9.57
"12" "Bills D/ST" "4.14-18.18" 17.75 2.93 1.14 0.94 0.06 0.38 "#28" 18.18 4.14 7.02 49.2804 5 0 322.3 4 0 9.49
"1" "Seahawks D/ST" "4.13-16.29" 16.34 3.02 1.16 0.72 0.02 0.26 "#17" 16.29 4.13 6.08 36.9664 4 1 314.968 4 0 9.38
"10" "Chiefs D/ST" "4.48-16.80" 18.86 2.69 1.22 0.86 0.06 0.36 "#31" 16.8 4.48 6.16 37.9456 5 0 328.072 4 0 9.13
"12" "Chargers D/ST" "3.85-17.61" 17.8 2.56 1.32 0.84 0.02 0.36 "#31" 17.61 3.85 6.88 47.3344 5 0 322.56 4 0 9.08
"13" "Broncos D/ST" "3.31-16.85" 20.03 2.8 1.16 0.78 0.04 0.38 "#16" 16.85 3.31 6.77 45.8329 5 0 334.156 4 0 9.04
"1" "Redskins D/ST" "4.97-16.75" 17.6 2.79 1.46 0.53 0.02 0.37 "#31" 16.75 4.97 5.89 34.6921 5 0 321.52 4 0 9.03
"12" "Broncos D/ST" "3.13-16.65" 20.34 2.64 1.28 0.74 0.04 0.36 "#12" 16.65 3.13 6.76 45.6976 5 0 335.768 4 0 8.92
"2" "Seahawks D/ST" "3.37-15.73" 16.85 3.1 1.16 0.8 0.02 0.14 "#6" 15.73 3.37 6.18 38.1924 4 1 317.62 4 0 8.9
"6" "Texans D/ST" "2.09-16.65" 22.94 3.4 0.95 1.05 0.02 0.24 "#32" 16.65 2.09 7.28 52.9984 5 0 349.288 4 0 8.88
"13" "Texans D/ST" "4.37-15.03" 17.38 2.44 1.2 0.84 0.02 0.22 "#30" 15.03 4.37 5.33 28.4089 4 1 320.376 4 0 8.88
"2" "Texans D/ST" "2.99-16.23" 22.84 3.42 1.22 1.08 0.04 0.12 "#26" 16.23 2.99 6.62 43.8244 5 0 348.768 4 0 8.82
"16" "Bears D/ST" "3.07-17.63" 17.96 2.9 1.02 1.02 0.06 0.28 "#27" 17.63 3.07 7.28 52.9984 5 0 323.392 4 0 8.78
"10" "Bills D/ST" "3.79-16.37" 15.46 3.06 0.92 0.76 0.02 0.22 "#29" 16.37 3.79 6.29 39.5641 4 1 310.392 4 0 8.78
"14" "Bills D/ST" "3.79-16.37" 15.46 3.06 0.92 0.76 0.02 0.22 "#29" 16.37 3.79 6.29 39.5641 4 1 310.392 4 0 8.78
"2" "Broncos D/ST" "2.66-15.96" 21.88 2.86 1.08 0.66 0.06 0.38 "#21" 15.96 2.66 6.65 44.2225 5 0 343.776 4 0 8.74
"2" "Chargers D/ST" "1.37-17.85" 19.46 2.77 1.42 0.88 0.09 0.19 "#32" 17.85 1.37 8.24 67.8976 5 0 331.192 4 0 8.69
"13" "Jets D/ST" "2.10-16.78" 17.36 2.47 1.14 0.8 0.06 0.2 "#26" 16.78 2.1 7.34 53.8756 4 1 320.272 4 0 8.67
"2" "Saints D/ST" "3.61-15.35" 17.02 2.27 1.17 0.68 0.02 0.27 "#30" 15.35 3.61 5.87 34.4569 4 1 318.504 4 0 8.63
"12" "Ravens D/ST" "3.73-15.99" 20.02 2.86 1.1 0.88 0.04 0.28 "#21" 15.99 3.73 6.13 37.5769 5 0 334.104 4 0 8.58
"3" "Jaguars D/ST" "5.28-14.44" 15.14 2.57 1.17 0.49 0.03 0.27 "#26" 14.44 5.28 4.58 20.9764 4 1 308.728 4 0 8.57
"11" "Bears D/ST" "3.50-16.28" 18.82 2.56 1.22 0.86 0.06 0.28 "#20" 16.28 3.5 6.39 40.8321 5 0 327.864 4 0 8.52
"17" "Bears D/ST" "3.50-16.28" 18.82 2.56 1.22 0.86 0.06 0.28 "#20" 16.28 3.5 6.39 40.8321 5 0 327.864 4 0 8.52
"2" "Lions D/ST" "2.72-15.64" 21.36 2.12 1.4 0.68 0.04 0.36 "#27" 15.64 2.72 6.46 41.7316 5 0 341.072 4 0 8.52
"16" "Broncos D/ST" "3.01-16.23" 19.99 2.82 1.2 0.8 0.06 0.26 "#21" 16.23 3.01 6.61 43.6921 5 0 333.948 4 0 8.5
"11" "Steelers D/ST" "3.84-15.66" 18.73 2.86 1.38 0.58 0.02 0.26 "#28" 15.66 3.84 5.91 34.9281 5 0 327.396 4 0 8.38
"4" "Packers D/ST" "1.43-15.97" 22.29 2.78 1.07 0.87 0.07 0.26 "#32" 15.97 1.43 7.27 52.8529 5 0 345.908 4 0 8.36
"17" "Browns D/ST" "1.95-16.47" 20.94 2.42 1.36 0.62 0.02 0.32 "#11" 16.47 1.95 7.26 52.7076 5 0 338.888 4 0 8.34
"2" "Jets D/ST" "4.33-14.41" 15.78 2.58 1.1 0.72 0.02 0.18 "#24" 14.41 4.33 5.04 25.4016 4 1 312.056 4 0 8.34
"9" "Bears D/ST" "4.08-14.54" 15.82 2.43 0.85 0.75 0.06 0.26 "#32" 14.54 4.08 5.23 27.3529 4 1 312.264 4 0 8.31
"2" "Redskins D/ST" "2.66-14.82" 21.72 2.12 1.36 0.7 0.04 0.32 "#9" 14.82 2.66 6.08 36.9664 5 0 342.944 4 0 8.24
"3" "Bears D/ST" "3.72-14.46" 16.01 2.44 1.09 0.49 0.02 0.26 "#31" 14.46 3.72 5.37 28.8369 4 1 313.252 4 0 8.2
"7" "Colts D/ST" "1.91-15.61" 20.87 2.51 1.13 0.76 0.04 0.3 "#32" 15.61 1.91 6.85 46.9225 5 0 338.524 4 0 8.17
"2" "Vikings D/ST" "2.99-16.13" 18.67 2.35 1.34 0.8 0.04 0.24 "#15" 16.13 2.99 6.57 43.1649 5 0 327.084 4 0 8.15
"4" "Jaguars D/ST" "4.01-14.65" 15.29 2.5 1.06 0.61 0.02 0.21 "#29" 14.65 4.01 5.32 28.3024 4 1 309.508 4 0 8.14
"1" "Steelers D/ST" "3.28-16.28" 18.21 2.46 1.16 0.82 0.02 0.28 "#30" 16.28 3.28 6.5 42.25 5 0 324.692 4 0 8.14
"8" "Patriots D/ST" "3.08-16.16" 18.51 2.79 1.26 0.64 0.02 0.25 "#32" 16.16 3.08 6.54 42.7716 5 0 326.252 4 0 8.13
"1" "Rams D/ST" "3.44-15.00" 20.04 2.72 1.18 0.8 0.04 0.22 "#21" 15 3.44 5.78 33.4084 5 0 334.208 4 0 8.08
"7" "Rams D/ST" "3.25-13.31" 22.79 2.2 1.34 0.74 0.07 0.26 "#27" 13.31 3.25 5.03 25.3009 5 0 348.508 4 0 8.06
"3" "Texans D/ST" "2.57-14.63" 22.06 2.56 0.95 0.79 0.04 0.32 "#23" 14.63 2.57 6.03 36.3609 5 0 344.712 4 0 8.04
"14" "Seahawks D/ST" "3.95-14.11" 20.57 2.8 1.08 0.86 0.02 0.22 "#20" 14.11 3.95 5.08 25.8064 5 0 336.964 4 0 8.04
"6" "Vikings D/ST" "3.70-14.88" 18.58 2.78 1.18 0.86 0.04 0.18 "#31" 14.88 3.7 5.59 31.2481 5 0 326.616 4 0 8.02
"1" "Jets D/ST" "0.99-16.83" 21.84 2.3 1.09 0.8 0 0.32 "#13" 16.83 0.99 7.92 62.7264 5 0 343.568 4 0 8
"1" "Saints D/ST" "2.89-14.39" 22.48 2.3 1.02 0.94 0.04 0.28 "#10" 14.39 2.89 5.75 33.0625 5 0 346.896 4 0 7.98
"6" "Bears D/ST" "3.67-14.19" 16.98 2.3 0.75 0.79 0.01 0.26 "#24" 14.19 3.67 5.26 27.6676 4 1 318.296 4 0 7.96
"8" "Eagles D/ST" "3.87-13.25" 17.11 2.46 1.04 0.53 0.05 0.21 "#28" 13.25 3.87 4.69 21.9961 4 1 318.972 4 0 7.96
"8" "Steelers D/ST" "3.14-14.30" 16.43 2.43 1.14 0.47 0.02 0.21 "#30" 14.3 3.14 5.58 31.1364 4 1 315.436 4 0 7.95
"13" "Patriots D/ST" "3.31-15.43" 19.32 2.5 1.06 0.84 0.04 0.26 "#20" 15.43 3.31 6.06 36.7236 5 0 330.464 4 0 7.94
"16" "Jaguars D/ST" "1.21-16.43" 21.19 2.48 0.86 0.76 0.08 0.34 "#24" 16.43 1.21 7.61 57.9121 5 0 340.188 4 0 7.92
"8" "Bears D/ST" "2.32-16.04" 17.71 2.7 0.79 0.89 0.02 0.3 "#29" 16.04 2.32 6.86 47.0596 5 0 322.092 4 0 7.9
"13" "Bills D/ST" "2.73-15.61" 18.71 2.4 0.98 0.76 0.04 0.32 "#24" 15.61 2.73 6.44 41.4736 5 0 327.292 4 0 7.88
"17" "Bills D/ST" "2.73-15.61" 18.71 2.4 0.98 0.76 0.04 0.32 "#24" 15.61 2.73 6.44 41.4736 5 0 327.292 4 0 7.88
"13" "Dolphins D/ST" "3.19-15.17" 19.6 2.68 1.06 0.68 0.02 0.28 "#32" 15.17 3.19 5.99 35.8801 5 0 331.92 4 0 7.88
"17" "Dolphins D/ST" "3.19-15.17" 19.6 2.68 1.06 0.68 0.02 0.28 "#32" 15.17 3.19 5.99 35.8801 5 0 331.92 4 0 7.88
"4" "Seahawks D/ST" "4.29-13.39" 15.66 2.24 0.94 0.67 0.02 0.23 "#31" 13.39 4.29 4.55 20.7025 4 1 311.432 4 0 7.88
"2" "Bears D/ST" "1.92-16.08" 19.47 2.38 1 0.78 0.06 0.3 "#18" 16.08 1.92 7.08 50.1264 5 0 331.244 4 0 7.86
"13" "Packers D/ST" "2.03-16.61" 18.92 2.57 1.32 0.66 0 0.22 "#31" 16.61 2.03 7.29 53.1441 5 0 328.384 4 0 7.85
"14" "Jaguars D/ST" "2.22-14.86" 20.79 2.63 1.02 0.74 0.06 0.26 "#26" 14.86 2.22 6.32 39.9424 5 0 338.108 4 0 7.83
"4" "Rams D/ST" "1.28-15.34" 22.92 2.5 1.2 0.63 0.02 0.27 "#20" 15.34 1.28 7.03 49.4209 5 0 349.184 4 0 7.82
"9" "Cowboys D/ST" "2.22-15.42" 19.22 2.75 1.01 0.86 0.02 0.21 "#26" 15.42 2.22 6.6 43.56 5 0 329.944 4 0 7.79
"16" "Dolphins D/ST" "2.92-13.50" 22.62 2.18 1.02 0.68 0.08 0.34 "#28" 13.5 2.92 5.29 27.9841 5 0 347.624 4 0 7.78
"11" "Ravens D/ST" "3.03-15.03" 20.36 2.54 1.14 0.84 0.04 0.2 "#16" 15.03 3.03 6 36 5 0 335.872 4 0 7.78
"7" "Chargers D/ST" "1.86-15.06" 21.68 2.46 1.02 0.78 0.06 0.26 "#26" 15.06 1.86 6.6 43.56 5 0 342.736 4 0 7.74
"11" "Bengals D/ST" "3.42-13.72" 21.42 2.56 1.1 0.74 0.02 0.24 "#11" 13.72 3.42 5.15 26.5225 5 0 341.384 4 0 7.72
"5" "Panthers D/ST" "3.73-13.83" 19.18 2.1 1.3 0.56 0.05 0.3 "#23" 13.83 3.73 5.05 25.5025 5 0 329.736 4 0 7.72
"17" "Texans D/ST" "3.32-14.78" 18.16 2.67 1.28 0.72 0.04 0.16 "#28" 14.78 3.32 5.73 32.8329 5 0 324.432 4 0 7.71
"5" "49ers D/ST" "3.00-13.78" 21.45 2.58 0.92 0.77 0.02 0.28 "#31" 13.78 3 5.39 29.0521 5 0 341.54 4 0 7.68
"12" "Redskins D/ST" "3.64-13.54" 21.72 2.5 1.02 0.76 0.02 0.26 "#25" 13.54 3.64 4.95 24.5025 5 0 342.944 4 0 7.66
"14" "Steelers D/ST" "3.59-14.57" 18.52 2.5 0.94 0.74 0.06 0.28 "#21" 14.57 3.59 5.49 30.1401 5 0 326.304 4 0 7.66
"12" "Bengals D/ST" "3.67-15.73" 17.59 2.88 1.22 0.66 0.06 0.14 "#30" 15.73 3.67 6.03 36.3609 5 0 321.468 4 0 7.6
"16" "Bengals D/ST" "3.67-15.73" 17.59 2.88 1.22 0.66 0.06 0.14 "#30" 15.73 3.67 6.03 36.3609 5 0 321.468 4 0 7.6
"2" "Bengals D/ST" "2.91-14.19" 19.99 2.4 1.14 0.66 0.02 0.26 "#11" 14.19 2.91 5.64 31.8096 5 0 333.948 4 0 7.6
"8" "Texans D/ST" "2.05-14.87" 21.19 2.95 0.89 0.71 0 0.24 "#24" 14.87 2.05 6.41 41.0881 5 0 340.188 4 0 7.59
"12" "Patriots D/ST" "3.86-13.94" 18.4 3.04 0.74 0.88 0.1 0.18 "#29" 13.94 3.86 5.04 25.4016 5 0 325.68 4 0 7.56
"17" "Patriots D/ST" "3.86-13.94" 18.4 3.04 0.74 0.88 0.1 0.18 "#29" 13.94 3.86 5.04 25.4016 5 0 325.68 4 0 7.56
"1" "Titans D/ST" "3.59-14.83" 17.91 2.76 0.86 0.78 0.04 0.24 "#24" 14.83 3.59 5.62 31.5844 5 0 323.132 4 0 7.56
"6" "Packers D/ST" "1.53-16.15" 23.83 2.56 1.52 0.9 0.03 0.18 "#27" 16.15 1.53 7.31 53.4361 5 0 353.916 5 -1 7.54
"1" "Patriots D/ST" "2.39-13.99" 21.84 2.42 1.12 0.7 0.02 0.24 "#14" 13.99 2.39 5.8 33.64 5 0 343.568 4 0 7.54
"3" "Chiefs D/ST" "1.66-13.94" 22.72 2.41 1.07 0.66 0.04 0.26 "#27" 13.94 1.66 6.14 37.6996 5 0 348.144 4 0 7.51
"5" "Rams D/ST" "2.54-13.94" 20.34 2.14 1.26 0.71 0.04 0.22 "#18" 13.94 2.54 5.7 32.49 5 0 335.768 4 0 7.48
"10" "Cowboys D/ST" "1.82-15.62" 20 2.38 0.9 0.72 0.02 0.3 "#19" 15.62 1.82 6.9 47.61 5 0 334 4 0 7.46
"14" "Cowboys D/ST" "1.82-15.62" 20 2.38 0.9 0.72 0.02 0.3 "#19" 15.62 1.82 6.9 47.61 5 0 334 4 0 7.46
"15" "Ravens D/ST" "2.48-13.78" 22.43 1.94 1.26 0.76 0.02 0.24 "#10" 13.78 2.48 5.65 31.9225 5 0 346.636 4 0 7.46
"4" "Chargers D/ST" "0.96-16.42" 24.07 3.22 1.34 0.55 0.03 0.23 "#27" 16.42 0.96 7.73 59.7529 5 0 355.164 5 -1 7.44
"6" "Rams D/ST" "2.86-13.60" 21.09 2.1 1.3 0.61 0.1 0.22 "#17" 13.6 2.86 5.37 28.8369 5 0 339.668 4 0 7.44
"15" "Texans D/ST" "2.86-14.38" 19.59 2.47 0.84 1.06 0.02 0.18 "#29" 14.38 2.86 5.76 33.1776 5 0 331.868 4 0 7.39
"6" "Panthers D/ST" "1.69-13.67" 22.14 2.31 1.01 0.6 0.02 0.3 "#22" 13.67 1.69 5.99 35.8801 5 0 345.128 4 0 7.37
"16" "Colts D/ST" "1.93-14.23" 21.03 2.24 1.18 0.76 0.02 0.2 "#23" 14.23 1.93 6.15 37.8225 5 0 339.356 4 0 7.36
"12" "Texans D/ST" "2.76-13.10" 22.11 2.43 0.88 0.98 0.06 0.18 "#26" 13.1 2.76 5.17 26.7289 5 0 344.972 4 0 7.35
"10" "Browns D/ST" "0.52-16.56" 23.87 1.96 1.37 0.62 0 0.4 "#7" 16.56 0.52 8.02 64.3204 5 0 354.124 5 -1 7.34
"5" "Patriots D/ST" "1.59-15.93" 23.08 2.8 1.45 0.88 0.02 0.14 "#9" 15.93 1.59 7.17 51.4089 5 0 350.016 5 -1 7.34
"3" "Panthers D/ST" "2.08-14.36" 20.15 2.03 1 0.72 0.05 0.29 "#16" 14.36 2.08 6.14 37.6996 5 0 334.78 4 0 7.31
"7" "Eagles D/ST" "2.12-14.40" 21.05 2.56 1.08 0.54 0.06 0.23 "#8" 14.4 2.12 6.14 37.6996 5 0 339.46 4 0 7.3
"2" "Raiders D/ST" "1.81-13.99" 20.89 2.5 0.86 0.7 0 0.28 "#17" 13.99 1.81 6.09 37.0881 5 0 338.628 4 0 7.3
"8" "Rams D/ST" "3.06-12.56" 22.42 2.71 1.1 0.51 0.02 0.22 "#15" 12.56 3.06 4.75 22.5625 5 0 346.584 4 0 7.29
"7" "Cowboys D/ST" "1.60-14.26" 21.94 3.05 0.73 0.92 0.04 0.14 "#22" 14.26 1.6 6.33 40.0689 5 0 344.088 4 0 7.27
"5" "Titans D/ST" "2.59-15.03" 19.65 2.61 0.73 0.86 0.07 0.22 "#32" 15.03 2.59 6.22 38.6884 5 0 332.18 4 0 7.25
"15" "Colts D/ST" "1.35-15.39" 24.29 2.15 1.18 0.7 0.02 0.38 "#25" 15.39 1.35 7.02 49.2804 5 0 356.308 5 -1 7.23
"9" "Panthers D/ST" "1.05-14.65" 25.83 2.47 1.17 0.88 0.02 0.27 "#10" 14.65 1.05 6.8 46.24 5 0 364.316 5 -1 7.23
"5" "Bengals D/ST" "3.70-13.00" 19.21 2.21 1.08 0.97 0.04 0.14 "#24" 13 3.7 4.65 21.6225 5 0 329.892 4 0 7.23
"9" "Broncos D/ST" "2.04-13.22" 22.69 2.84 1.23 0.78 0 0.06 "#14" 13.22 2.04 5.59 31.2481 5 0 347.988 4 0 7.22
"3" "Browns D/ST" "2.86-13.58" 20.76 2.78 0.77 0.73 0.02 0.23 "#29" 13.58 2.86 5.36 28.7296 5 0 337.952 4 0 7.2
"9" "Chiefs D/ST" "3.13-13.51" 19.57 2.46 0.94 0.54 0.07 0.27 "#30" 13.51 3.13 5.19 26.9361 5 0 331.764 4 0 7.18
"8" "Colts D/ST" "1.60-13.62" 22.76 2.18 0.92 0.84 0.02 0.24 "#21" 13.62 1.6 6.01 36.1201 5 0 348.352 4 0 7.18
"17" "Rams D/ST" "3.40-12.90" 21.03 2.3 1.18 0.72 0.06 0.16 "#27" 12.9 3.4 4.75 22.5625 5 0 339.356 4 0 7.18
"8" "Redskins D/ST" "2.53-13.07" 21.81 2.71 0.93 0.71 0.02 0.19 "#23" 13.07 2.53 5.27 27.7729 5 0 343.412 4 0 7.17
"10" "Packers D/ST" "2.52-12.86" 22.48 2.4 0.86 0.7 0.04 0.26 "#24" 12.86 2.52 5.17 26.7289 5 0 346.896 4 0 7.16
"2" "Cowboys D/ST" "1.69-14.73" 20.48 2.27 1.34 0.72 0.02 0.12 "#23" 14.73 1.69 6.52 42.5104 5 0 336.496 4 0 7.15
"2" "Eagles D/ST" "1.88-15.58" 18.59 2.42 1 0.78 0.04 0.18 "#10" 15.58 1.88 6.85 46.9225 5 0 326.668 4 0 7.14
"9" "Ravens D/ST" "2.30-13.22" 22.19 1.9 1.18 0.79 0.04 0.2 "#12" 13.22 2.3 5.46 29.8116 5 0 345.388 4 0 7.12
"15" "Falcons D/ST" "1.98-13.90" 21.44 2.44 1.02 0.7 0.06 0.18 "#31" 13.9 1.98 5.96 35.5216 5 0 341.488 4 0 7.08
"16" "Redskins D/ST" "1.76-15.38" 18.64 2.12 0.98 0.84 0 0.22 "#26" 15.38 1.76 6.81 46.3761 5 0 326.928 4 0 7.08
"7" "Broncos D/ST" "4.04-11.70" 16.19 1.99 0.87 0.51 0.03 0.21 "#31" 11.7 4.04 3.83 14.6689 4 1 314.188 4 0 7.07
"17" "Steelers D/ST" "2.34-13.54" 21.1 2.31 0.88 0.82 0.02 0.22 "#16" 13.54 2.34 5.6 31.36 5 0 339.72 4 0 7.07
"9" "Redskins D/ST" "1.71-13.49" 26.18 2.32 1.06 0.96 0.03 0.27 "#7" 13.49 1.71 5.89 34.6921 5 0 366.136 5 -1 7.04
"3" "Ravens D/ST" "4.17-13.25" 13.94 1.93 0.96 0.39 0.04 0.22 "#17" 13.25 4.17 4.54 20.6116 4 1 302.488 4 0 7.03
"14" "Titans D/ST" "1.72-13.94" 19.94 2.3 1.1 0.84 0 0.14 "#28" 13.94 1.72 6.11 37.3321 5 0 333.688 4 0 7.02
"13" "Browns D/ST" "1.21-14.67" 21.67 2.1 1.16 0.76 0 0.18 "#14" 14.67 1.21 6.73 45.2929 5 0 342.684 4 0 7.02
"4" "Lions D/ST" "1.94-12.68" 22.93 2.41 1.07 0.63 0 0.2 "#25" 12.68 1.94 5.37 28.8369 5 0 349.236 4 0 7.01
"2" "Cardinals D/ST" "1.86-13.04" 22.9 2.2 1.12 0.66 0.02 0.2 "#2" 13.04 1.86 5.59 31.2481 5 0 349.08 4 0 7
"2" "Ravens D/ST" "2.66-14.68" 18.21 2.36 1.04 0.68 0.06 0.18 "#16" 14.68 2.66 6.01 36.1201 5 0 324.692 4 0 7
"9" "49ers D/ST" "0.54-15.10" 25.16 2.26 1.43 0.9 0.02 0.17 "#21" 15.1 0.54 7.28 52.9984 5 0 360.832 5 -1 6.98
"1" "Lions D/ST" "2.34-14.12" 20.43 2.3 1.16 0.74 0.02 0.14 "#29" 14.12 2.34 5.89 34.6921 5 0 336.236 4 0 6.98
"2" "Titans D/ST" "2.19-12.69" 22.53 2.68 0.88 0.7 0.02 0.18 "#14" 12.69 2.19 5.25 27.5625 5 0 347.156 4 0 6.96
"3" "Rams D/ST" "-0.99-16.57" 25.75 2.44 1.4 0.7 0 0.22 "#4" 16.57 -0.99 8.78 77.0884 5 0 363.9 5 -1 6.96
"4" "Texans D/ST" "2.11-12.63" 22.54 2.45 0.81 0.85 0.02 0.19 "#9" 12.63 2.11 5.26 27.6676 5 0 347.208 4 0 6.95
"13" "Redskins D/ST" "2.88-13.70" 23.68 2.22 1.18 0.66 0 0.34 "#19" 13.7 2.88 5.41 29.2681 5 0 353.136 5 -1 6.94
"17" "Redskins D/ST" "2.88-13.70" 23.68 2.22 1.18 0.66 0 0.34 "#19" 13.7 2.88 5.41 29.2681 5 0 353.136 5 -1 6.94
"3" "Patriots D/ST" "2.01-13.89" 19.75 2.08 1.07 0.54 0.04 0.26 "#13" 13.89 2.01 5.94 35.2836 5 0 332.7 4 0 6.94
"12" "Packers D/ST" "0.54-15.20" 24.66 2.02 1.32 0.86 0 0.26 "#20" 15.2 0.54 7.33 53.7289 5 0 358.232 5 -1 6.94
"8" "49ers D/ST" "2.78-14.04" 18.21 2.21 0.84 0.71 0.03 0.26 "#31" 14.04 2.78 5.63 31.6969 5 0 324.692 4 0 6.93
"3" "Jets D/ST" "3.81-12.03" 16.64 1.83 0.8 0.63 0.05 0.19 "#30" 12.03 3.81 4.11 16.8921 4 1 316.528 4 0 6.93
"9" "Vikings D/ST" "0.57-15.27" 24.55 2.65 1.22 0.85 0 0.19 "#13" 15.27 0.57 7.35 54.0225 5 0 357.66 5 -1 6.93
"2" "Dolphins D/ST" "2.62-12.70" 20.86 2.22 0.94 0.7 0.04 0.22 "#29" 12.7 2.62 5.04 25.4016 5 0 338.472 4 0 6.9
"10" "Patriots D/ST" "2.78-12.86" 19.7 2.74 0.68 0.84 0.08 0.16 "#26" 12.86 2.78 5.04 25.4016 5 0 332.44 4 0 6.9
"4" "Chiefs D/ST" "2.57-12.01" 22.06 2.69 0.93 0.64 0.02 0.17 "#17" 12.01 2.57 4.72 22.2784 5 0 344.712 4 0 6.89
"7" "Cardinals D/ST" "2.93-12.21" 20.64 2.06 1.26 0.54 0.04 0.19 "#17" 12.21 2.93 4.64 21.5296 5 0 337.328 4 0 6.88
"10" "Falcons D/ST" "2.41-13.17" 21.37 2.2 1.06 0.82 0.04 0.14 "#30" 13.17 2.41 5.38 28.9444 5 0 341.124 4 0 6.88
"6" "Ravens D/ST" "2.57-13.57" 15.53 2.01 0.84 0.53 0.08 0.16 "#26" 13.57 2.57 5.5 30.25 4 1 310.756 4 0 6.87
"7" "Lions D/ST" "1.58-14.12" 24.33 2.6 1.19 0.84 0 0.2 "#24" 14.12 1.58 6.27 39.3129 5 0 356.516 5 -1 6.86
"5" "Eagles D/ST" "2.73-13.07" 21.28 2.01 0.91 0.89 0.02 0.2 "#20" 13.07 2.73 5.17 26.7289 5 0 340.656 4 0 6.85
"3" "Eagles D/ST" "2.66-14.66" 17.87 2.29 0.96 0.82 0.02 0.16 "#9" 14.66 2.66 6 36 5 0 322.924 4 0 6.85
"13" "Eagles D/ST" "0.36-14.48" 21.59 2.16 1.08 0.76 0.02 0.16 "#22" 14.48 0.36 7.06 49.8436 5 0 342.268 4 0 6.84
"17" "Eagles D/ST" "0.36-14.48" 21.59 2.16 1.08 0.76 0.02 0.16 "#22" 14.48 0.36 7.06 49.8436 5 0 342.268 4 0 6.84
"5" "Jets D/ST" "1.59-13.61" 20.71 2.33 1.01 0.72 0.04 0.16 "#17" 13.61 1.59 6.01 36.1201 5 0 337.692 4 0 6.83
"4" "Raiders D/ST" "1.60-13.56" 25.62 3.24 0.98 0.69 0.11 0.17 "#30" 13.56 1.6 5.98 35.7604 5 0 363.224 5 -1 6.82
"7" "Jaguars D/ST" "2.92-13.74" 18.6 2.27 0.75 0.8 0 0.24 "#14" 13.74 2.92 5.41 29.2681 5 0 326.72 4 0 6.81
"5" "Saints D/ST" "1.23-14.53" 25.09 3.2 0.82 0.82 0.03 0.21 "#22" 14.53 1.23 6.65 44.2225 5 0 360.468 5 -1 6.8
"3" "Cowboys D/ST" "2.21-13.19" 21.76 2.27 0.93 0.66 0 0.22 "#18" 13.19 2.21 5.49 30.1401 5 0 343.152 4 0 6.77
"7" "Chiefs D/ST" "1.05-14.25" 28.63 2.58 1.36 0.98 0.03 0.24 "#16" 14.25 1.05 6.6 43.56 6 -1 378.876 5 -1 6.76
"16" "Jets D/ST" "1.96-12.62" 22.18 2.64 1.06 0.68 0.02 0.1 "#15" 12.62 1.96 5.33 28.4089 5 0 345.336 4 0 6.76
"4" "Patriots D/ST" "1.90-14.32" 23.11 2.4 1.25 0.72 0.04 0.22 "#24" 14.32 1.9 6.21 38.5641 5 0 350.172 5 -1 6.74
"11" "Colts D/ST" "1.05-13.77" 22.07 1.78 1.16 0.6 0 0.24 "#26" 13.77 1.05 6.36 40.4496 5 0 344.764 4 0 6.74
"17" "Colts D/ST" "1.05-13.77" 22.07 1.78 1.16 0.6 0 0.24 "#26" 13.77 1.05 6.36 40.4496 5 0 344.764 4 0 6.74
"3" "Seahawks D/ST" "0.61-14.99" 24.05 2.87 0.95 0.64 0.02 0.27 "#25" 14.99 0.61 7.19 51.6961 5 0 355.06 5 -1 6.71
"10" "Colts D/ST" "1.76-13.94" 19.14 2.1 1.12 0.74 0.02 0.14 "#28" 13.94 1.76 6.09 37.0881 5 0 329.528 4 0 6.7
"13" "Colts D/ST" "1.76-13.94" 19.14 2.1 1.12 0.74 0.02 0.14 "#28" 13.94 1.76 6.09 37.0881 5 0 329.528 4 0 6.7
"4" "Browns D/ST" "1.50-12.98" 21.34 2.02 0.9 0.77 0.04 0.21 "#21" 12.98 1.5 5.74 32.9476 5 0 340.968 4 0 6.7
"4" "Cowboys D/ST" "0.94-14.94" 23.07 2.05 1.41 0.78 0 0.21 "#13" 14.94 0.94 7 49 5 0 349.964 5 -1 6.69
"11" "Raiders D/ST" "2.32-12.54" 21.83 2.67 0.88 0.78 0.04 0.1 "#31" 12.54 2.32 5.11 26.1121 5 0 343.516 4 0 6.67
"5" "Chiefs D/ST" "0.73-14.59" 29.09 3.58 0.92 0.99 0 0.21 "#28" 14.59 0.73 6.93 48.0249 6 -1 381.268 5 -1 6.66
"9" "Dolphins D/ST" "0.74-15.14" 23.07 2.68 1.16 0.7 0 0.21 "#29" 15.14 0.74 7.2 51.84 5 0 349.964 5 -1 6.66
"13" "Titans D/ST" "1.53-12.95" 22.05 1.98 0.84 0.7 0.08 0.24 "#29" 12.95 1.53 5.71 32.6041 5 0 344.66 4 0 6.66
"7" "Vikings D/ST" "2.75-13.35" 18.25 2.3 0.85 0.65 0.02 0.22 "#29" 13.35 2.75 5.3 28.09 5 0 324.9 4 0 6.66
"5" "Bills D/ST" "2.42-12.00" 21.78 1.93 0.89 0.63 0 0.28 "#26" 12 2.42 4.79 22.9441 5 0 343.256 4 0 6.65
"8" "Ravens D/ST" "2.35-13.51" 19.52 2.39 0.97 0.67 0.06 0.14 "#8" 13.51 2.35 5.58 31.1364 5 0 331.504 4 0 6.63
"6" "Giants D/ST" "2.35-12.25" 21.59 1.8 0.79 0.55 0.05 0.34 "#19" 12.25 2.35 4.95 24.5025 5 0 342.268 4 0 6.62
"11" "Cardinals D/ST" "0.79-14.75" 19.89 2.26 0.74 0.72 0.06 0.22 "#21" 14.75 0.79 6.98 48.7204 5 0 333.428 4 0 6.62
"8" "Cardinals D/ST" "2.53-12.99" 19.18 2.29 0.77 0.64 0.06 0.23 "#27" 12.99 2.53 5.23 27.3529 5 0 329.736 4 0 6.61
"6" "Chargers D/ST" "2.25-12.45" 21.23 1.75 1.03 0.48 0.02 0.3 "#30" 12.45 2.25 5.1 26.01 5 0 340.396 4 0 6.61
"3" "Dolphins D/ST" "2.89-13.31" 17.87 2.02 1.02 0.67 0.09 0.17 "#21" 13.31 2.89 5.21 27.1441 5 0 322.924 4 0 6.6
"7" "Falcons D/ST" "1.79-13.57" 23.2 3.05 0.91 0.77 0.02 0.19 "#23" 13.57 1.79 5.89 34.6921 5 0 350.64 5 -1 6.59
"9" "Patriots D/ST" "1.07-13.79" 25.54 2.47 1.23 0.85 0 0.16 "#15" 13.79 1.07 6.36 40.4496 5 0 362.808 5 -1 6.59
"6" "Seahawks D/ST" "3.15-12.37" 20.34 2.07 0.99 0.72 0.04 0.17 "#21" 12.37 3.15 4.61 21.2521 5 0 335.768 4 0 6.59
"4" "Eagles D/ST" "1.37-15.47" 17.6 2.18 0.93 0.73 0 0.18 "#26" 15.47 1.37 7.05 49.7025 5 0 321.52 4 0 6.58
"2" "Falcons D/ST" "0.90-13.12" 22.43 2.1 0.98 0.66 0 0.2 "#8" 13.12 0.9 6.11 37.3321 5 0 346.636 4 0 6.58
"15" "Bills D/ST" "1.82-12.30" 21.67 2.23 1.04 0.74 0.02 0.12 "#13" 12.3 1.82 5.24 27.4576 5 0 342.684 4 0 6.55
"5" "Chargers D/ST" "2.89-12.73" 24.29 2.02 1.02 0.82 0.02 0.3 "#21" 12.73 2.89 4.92 24.2064 5 0 356.308 5 -1 6.54
"6" "Jaguars D/ST" "2.76-14.24" 17.73 2.71 0.95 0.56 0.07 0.11 "#25" 14.24 2.76 5.74 32.9476 5 0 322.196 4 0 6.53
"1" "Bills D/ST" "2.70-11.86" 21 2.16 1.18 0.44 0.08 0.16 "#11" 11.86 2.7 4.58 20.9764 5 0 339.2 4 0 6.52
"5" "Cardinals D/ST" "2.13-12.67" 19.3 2.06 1.09 0.6 0.05 0.16 "#27" 12.67 2.13 5.27 27.7729 5 0 330.36 4 0 6.5
"6" "Colts D/ST" "1.88-11.92" 22.51 2.28 0.72 0.57 0.07 0.25 "#29" 11.92 1.88 5.02 25.2004 5 0 347.052 4 0 6.5
"14" "Lions D/ST" "1.75-12.51" 22.12 2.45 0.86 0.74 0.06 0.12 "#31" 12.51 1.75 5.38 28.9444 5 0 345.024 4 0 6.49
"6" "Bengals D/ST" "0.48-14.06" 25.55 2.8 1.04 0.7 0 0.2 "#12" 14.06 0.48 6.79 46.1041 5 0 362.86 5 -1 6.48
"15" "Bengals D/ST" "2.01-12.97" 21.33 2.24 0.94 0.52 0 0.22 "#21" 12.97 2.01 5.48 30.0304 5 0 340.916 4 0 6.48
"1" "Cardinals D/ST" "1.46-13.52" 20.98 2.06 1 0.59 0.02 0.2 "#22" 13.52 1.46 6.03 36.3609 5 0 339.096 4 0 6.48
"6" "Jets D/ST" "2.59-12.87" 19.13 1.99 0.9 0.52 0.04 0.26 "#9" 12.87 2.59 5.14 26.4196 5 0 329.476 4 0 6.47
"7" "Dolphins D/ST" "1.41-12.49" 22.35 1.87 0.94 0.8 0.02 0.18 "#13" 12.49 1.41 5.54 30.6916 5 0 346.22 4 0 6.47
"15" "Titans D/ST" "1.04-13.06" 22.21 2.22 1.1 0.66 0 0.12 "#23" 13.06 1.04 6.01 36.1201 5 0 345.492 4 0 6.46
"5" "Texans D/ST" "-1.35-17.15" 28.9 3.44 0.88 0.73 0.03 0.29 "#25" 17.15 -1.35 9.25 85.5625 6 -1 380.28 5 -1 6.46
"3" "Packers D/ST" "1.00-14.22" 24.25 2.9 0.81 0.71 0.03 0.24 "#22" 14.22 1 6.61 43.6921 5 0 356.1 5 -1 6.44
"17" "Bengals D/ST" "2.28-12.26" 25.31 2.51 1.02 0.72 0 0.24 "#12" 12.26 2.28 4.99 24.9001 5 0 361.612 5 -1 6.43
"11" "Seahawks D/ST" "1.09-13.49" 21 2.39 0.99 0.65 0.02 0.12 "#15" 13.49 1.09 6.2 38.44 5 0 339.2 4 0 6.43
"12" "Colts D/ST" "1.79-12.63" 21.1 1.82 1.04 0.6 0.06 0.2 "#24" 12.63 1.79 5.42 29.3764 5 0 339.72 4 0 6.42
"5" "Broncos D/ST" "3.00-12.70" 18.57 2 0.91 0.57 0.07 0.22 "#29" 12.7 3 4.85 23.5225 5 0 326.564 4 0 6.42
"10" "Jaguars D/ST" "2.12-11.54" 22.83 2.34 1.14 0.52 0.02 0.12 "#9" 11.54 2.12 4.71 22.1841 5 0 348.716 4 0 6.42
"13" "Jaguars D/ST" "2.12-11.54" 22.83 2.34 1.14 0.52 0.02 0.12 "#9" 11.54 2.12 4.71 22.1841 5 0 348.716 4 0 6.42
"7" "Patriots D/ST" "0.42-14.42" 24.84 2.88 0.83 0.75 0.05 0.21 "#6" 14.42 0.42 7 49 5 0 359.168 5 -1 6.4
"4" "Cardinals D/ST" "1.60-13.06" 20.75 1.99 0.99 0.75 0.04 0.14 "#18" 13.06 1.6 5.73 32.8329 5 0 337.9 4 0 6.39
"8" "Bengals D/ST" "1.32-13.30" 24.84 2.45 0.96 0.86 0.04 0.2 "#10" 13.3 1.32 5.99 35.8801 5 0 359.168 5 -1 6.37
"4" "Bears D/ST" "2.44-13.34" 24.42 2.4 0.81 0.89 0.06 0.24 "#10" 13.34 2.44 5.45 29.7025 5 0 356.984 5 -1 6.36
"7" "Buccaneers D/ST" "1.85-13.07" 24.94 2.64 1.14 0.64 0.07 0.17 "#30" 13.07 1.85 5.61 31.4721 5 0 359.688 5 -1 6.36
"7" "Jets D/ST" "1.67-12.17" 22.97 2.11 0.97 0.65 0.02 0.16 "#20" 12.17 1.67 5.25 27.5625 5 0 349.444 4 0 6.35
"10" "Eagles D/ST" "1.08-13.02" 21.62 2.26 1.04 0.52 0 0.16 "#25" 13.02 1.08 5.97 35.6409 5 0 342.424 4 0 6.34
"14" "Eagles D/ST" "1.08-13.02" 21.62 2.26 1.04 0.52 0 0.16 "#25" 13.02 1.08 5.97 35.6409 5 0 342.424 4 0 6.34
"14" "49ers D/ST" "2.00-12.70" 24.35 2.49 1.06 0.44 0.08 0.28 "#17" 12.7 2 5.35 28.6225 5 0 356.62 5 -1 6.33
"4" "Falcons D/ST" "1.63-13.55" 24.48 2.11 1.11 0.56 0.04 0.3 "#16" 13.55 1.63 5.96 35.5216 5 0 357.296 5 -1 6.33
"8" "Seahawks D/ST" "1.59-12.15" 21.94 1.99 1.11 0.59 0.02 0.15 "#13" 12.15 1.59 5.28 27.8784 5 0 344.088 4 0 6.33
"6" "Steelers D/ST" "2.35-11.67" 22.14 1.79 0.77 0.65 0.01 0.28 "#16" 11.67 2.35 4.66 21.7156 5 0 345.128 4 0 6.33
"11" "Buccaneers D/ST" "1.78-12.84" 25.35 2.2 0.96 0.66 0.04 0.3 "#23" 12.84 1.78 5.53 30.5809 5 0 361.82 5 -1 6.32
"4" "Ravens D/ST" "0.41-12.57" 22.93 2.03 0.85 0.82 0.02 0.15 "#12" 12.57 0.41 6.08 36.9664 5 0 349.236 4 0 6.31
"6" "Redskins D/ST" "1.73-13.17" 23.47 2.34 0.79 0.73 0.06 0.3 "#8" 13.17 1.73 5.72 32.7184 5 0 352.044 5 -1 6.3
"3" "Raiders D/ST" "2.56-11.80" 20.47 2.01 0.76 0.69 0 0.23 "#24" 11.8 2.56 4.62 21.3444 5 0 336.444 4 0 6.29
"7" "Bears D/ST" "1.13-12.83" 26.02 3.06 0.83 0.83 0.03 0.14 "#5" 12.83 1.13 5.85 34.2225 5 0 365.304 5 -1 6.28
"1" "Packers D/ST" "1.67-11.45" 22.16 2.36 0.6 0.8 0.02 0.18 "#6" 11.45 1.67 4.89 23.9121 5 0 345.232 4 0 6.28
"9" "Raiders D/ST" "0.96-12.82" 26 2.87 0.85 0.91 0.05 0.13 "#27" 12.82 0.96 5.93 35.1649 5 0 365.2 5 -1 6.27
"13" "Ravens D/ST" "2.54-13.16" 23.1 2.04 0.99 0.8 0.04 0.26 "#7" 13.16 2.54 5.31 28.1961 5 0 350.12 5 -1 6.26
"6" "Eagles D/ST" "3.79-11.91" 17.82 2.06 0.8 0.55 0.06 0.23 "#23" 11.91 3.79 4.06 16.4836 5 0 322.664 4 0 6.26
"7" "Panthers D/ST" "2.56-11.00" 21.91 1.6 0.85 0.58 0 0.3 "#19" 11 2.56 4.22 17.8084 5 0 343.932 4 0 6.26
"11" "Redskins D/ST" "1.80-11.20" 22.92 2.05 0.9 0.88 0.02 0.1 "#14" 11.2 1.8 4.7 22.09 5 0 349.184 4 0 6.25
"12" "Cowboys D/ST" "0.73-13.23" 22.64 2.4 0.68 0.82 0 0.14 "#22" 13.23 0.73 6.25 39.0625 5 0 347.728 4 0 6.24
"15" "Cowboys D/ST" "0.72-13.40" 20.81 2.4 0.7 0.6 0.02 0.2 "#9" 13.4 0.72 6.34 40.1956 5 0 338.212 4 0 6.24
"1" "Bengals D/ST" "1.31-11.83" 22.96 2.14 0.74 0.64 0 0.22 "#9" 11.83 1.31 5.26 27.6676 5 0 349.392 4 0 6.22
"8" "Chiefs D/ST" "1.11-14.87" 26.51 2.27 1.18 0.77 0 0.34 "#17" 14.87 1.11 6.88 47.3344 6 -1 367.852 5 -1 6.21
"4" "Saints D/ST" "1.31-13.79" 23.05 2.19 1.14 0.59 0 0.26 "#23" 13.79 1.31 6.24 38.9376 5 0 349.86 5 -1 6.21
"6" "Cowboys D/ST" "1.36-13.68" 23.65 2.84 0.77 0.91 0.08 0.14 "#28" 13.68 1.36 6.16 37.9456 5 0 352.98 5 -1 6.2
"7" "Texans D/ST" "2.42-11.78" 24.48 2.38 0.98 0.87 0.02 0.18 "#28" 11.78 2.42 4.68 21.9024 5 0 357.296 5 -1 6.2
"9" "Texans D/ST" "1.19-13.33" 24.82 2.28 1.06 0.75 0.02 0.21 "#17" 13.33 1.19 6.07 36.8449 5 0 359.064 5 -1 6.2
"8" "Browns D/ST" "0.80-11.88" 22.58 1.9 0.92 0.44 0 0.26 "#12" 11.88 0.8 5.54 30.6916 5 0 347.416 4 0 6.18
"10" "49ers D/ST" "1.90-12.98" 23.73 2.4 1.32 0.58 0 0.16 "#23" 12.98 1.9 5.54 30.6916 5 0 353.396 5 -1 6.16
"6" "Falcons D/ST" "-2.03-15.99" 30.31 2.74 1.37 0.91 0.04 0.13 "#10" 15.99 -2.03 9.01 81.1801 6 -1 387.612 5 -1 6.16
"15" "Vikings D/ST" "1.79-12.79" 19.65 2.18 0.86 0.54 0.04 0.18 "#24" 12.79 1.79 5.5 30.25 5 0 332.18 4 0 6.14
"6" "Titans D/ST" "1.35-13.13" 25.36 3.07 0.81 0.75 0.05 0.14 "#11" 13.13 1.35 5.89 34.6921 5 0 361.872 5 -1 6.13
"3" "Giants D/ST" "1.18-12.42" 21.06 1.93 0.81 0.64 0.02 0.21 "#14" 12.42 1.18 5.62 31.5844 5 0 339.512 4 0 6.13
"8" "Giants D/ST" "0.72-13.90" 24.34 2.8 0.84 0.68 0.07 0.19 "#22" 13.9 0.72 6.59 43.4281 5 0 356.568 5 -1 6.12
"4" "Titans D/ST" "-0.10-14.28" 25.42 2.68 1.01 0.72 0.07 0.14 "#19" 14.28 -0.1 7.19 51.6961 5 0 362.184 5 -1 6.12
"15" "Bears D/ST" "0.06-14.38" 23.47 2.58 0.78 0.54 0.04 0.3 "#15" 14.38 0.06 7.16 51.2656 5 0 352.044 5 -1 6.1
"6" "Patriots D/ST" "-0.42-14.10" 31.09 3 1.13 0.9 0.06 0.15 "#1" 14.1 -0.42 7.26 52.7076 6 -1 391.668 5 -1 6.08
"1" "Cowboys D/ST" "0.93-12.81" 22.2 1.7 0.84 0.64 0.04 0.22 "#8" 12.81 0.93 5.94 35.2836 5 0 345.44 4 0 6.06
"3" "Broncos D/ST" "3.09-11.35" 16.2 1.68 0.72 0.52 0.02 0.14 "#11" 11.35 3.09 4.13 17.0569 4 1 314.24 4 0 6.04
"9" "Seahawks D/ST" "0.56-14.56" 27.05 3.17 1.14 0.93 0 0.12 "#4" 14.56 0.56 7 49 6 -1 370.66 5 -1 6.03
"10" "Bears D/ST" "1.12-12.08" 25.96 1.94 0.88 0.76 0 0.3 "#13" 12.08 1.12 5.48 30.0304 5 0 364.992 5 -1 6.02
"12" "Bears D/ST" "1.12-12.08" 25.96 1.94 0.88 0.76 0 0.3 "#13" 12.08 1.12 5.48 30.0304 5 0 364.992 5 -1 6.02
"7" "Redskins D/ST" "0.57-14.77" 26.86 2.56 1.26 0.66 0.03 0.26 "#25" 14.77 0.57 7.1 50.41 6 -1 369.672 5 -1 6.02
"9" "Bills D/ST" "0.19-13.45" 20.72 2.31 0.88 0.53 0.05 0.13 "#6" 13.45 0.19 6.63 43.9569 5 0 337.744 4 0 6.01
"12" "Buccaneers D/ST" "2.16-12.54" 23.81 2.4 0.96 0.74 0.06 0.18 "#27" 12.54 2.16 5.19 26.9361 5 0 353.812 5 -1 6
"3" "Redskins D/ST" "2.91-11.63" 18.65 2.22 0.9 0.51 0.03 0.15 "#15" 11.63 2.91 4.36 19.0096 5 0 326.98 4 0 6
"16" "Packers D/ST" "1.41-12.01" 21.99 1.86 0.84 0.66 0.02 0.18 "#29" 12.01 1.41 5.3 28.09 5 0 344.348 4 0 5.98
"7" "Ravens D/ST" "0.32-14.70" 27.31 2.41 0.98 0.82 0.05 0.31 "#3" 14.7 0.32 7.19 51.6961 6 -1 372.012 5 -1 5.97
"4" "Bills D/ST" "2.59-10.81" 22.2 1.86 0.91 0.45 0.03 0.22 "#15" 10.81 2.59 4.11 16.8921 5 0 345.44 4 0 5.96
"4" "Steelers D/ST" "0.83-13.79" 23.92 2.91 1.04 0.67 0 0.1 "#11" 13.79 0.83 6.48 41.9904 5 0 354.384 5 -1 5.93
"5" "Lions D/ST" "0.36-14.28" 27.23 2.29 1.33 0.73 0.07 0.23 "#15" 14.28 0.36 6.96 48.4416 6 -1 371.596 5 -1 5.93
"10" "Redskins D/ST" "1.04-12.24" 25.19 1.76 0.84 0.94 0.02 0.26 "#10" 12.24 1.04 5.6 31.36 5 0 360.988 5 -1 5.92
"8" "Lions D/ST" "-1.09-15.27" 29.04 2.71 1.09 1.02 0.04 0.15 "#18" 15.27 -1.09 8.18 66.9124 6 -1 381.008 5 -1 5.91
"14" "Patriots D/ST" "-0.06-14.32" 23.33 2.39 0.64 0.7 0.08 0.28 "#24" 14.32 -0.06 7.19 51.6961 5 0 351.316 5 -1 5.91
"13" "Chiefs D/ST" "0.99-13.05" 24.76 2.42 1.02 0.7 0.04 0.16 "#21" 13.05 0.99 6.03 36.3609 5 0 358.752 5 -1 5.9
"17" "Chiefs D/ST" "0.99-13.05" 24.76 2.42 1.02 0.7 0.04 0.16 "#21" 13.05 0.99 6.03 36.3609 5 0 358.752 5 -1 5.9
"15" "Lions D/ST" "1.41-12.91" 23.83 2.29 1.04 0.84 0.06 0.12 "#32" 12.91 1.41 5.75 33.0625 5 0 353.916 5 -1 5.89
"12" "Vikings D/ST" "1.15-13.09" 23.05 2.79 1.07 0.56 0 0.14 "#15" 13.09 1.15 5.97 35.6409 5 0 349.86 5 -1 5.89
"6" "Dolphins D/ST" "1.49-11.83" 21.43 2.6 0.68 0.68 0.04 0.08 "#6" 11.83 1.49 5.17 26.7289 5 0 341.436 4 0 5.88
"5" "Browns D/ST" "1.38-12.70" 19.44 1.89 0.93 0.69 0.04 0.11 "#11" 12.7 1.38 5.66 32.0356 5 0 331.088 4 0 5.87
"3" "Cardinals D/ST" "3.10-11.84" 18.22 1.99 0.82 0.82 0.06 0.08 "#6" 11.84 3.1 4.37 19.0969 5 0 324.744 4 0 5.87
"8" "Jaguars D/ST" "2.50-12.02" 17.91 1.66 1.01 0.47 0.02 0.2 "#19" 12.02 2.5 4.76 22.6576 5 0 323.132 4 0 5.86
"15" "Dolphins D/ST" "1.19-12.05" 25.01 1.64 0.92 0.76 0.02 0.3 "#20" 12.05 1.19 5.43 29.4849 5 0 360.052 5 -1 5.84
"5" "Steelers D/ST" "0.79-13.45" 27.16 2.68 0.99 0.94 0.08 0.19 "#7" 13.45 0.79 6.33 40.0689 6 -1 371.232 5 -1 5.84
"1" "Bears D/ST" "1.62-11.88" 25.53 2.39 1.02 0.6 0.06 0.18 "#15" 11.88 1.62 5.13 26.3169 5 0 362.756 5 -1 5.83
"16" "Texans D/ST" "0.24-12.94" 25.01 2.1 1.04 0.64 0.02 0.22 "#19" 12.94 0.24 6.35 40.3225 5 0 360.052 5 -1 5.82
"6" "Browns D/ST" "-0.39-15.25" 27.36 2.75 0.95 0.88 0.13 0.19 "#4" 15.25 -0.39 7.82 61.1524 6 -1 372.272 5 -1 5.81
"4" "Colts D/ST" "0.75-13.45" 24.63 2.79 0.68 0.7 0.02 0.2 "#14" 13.45 0.75 6.35 40.3225 5 0 358.076 5 -1 5.79
"8" "Saints D/ST" "-0.11-13.91" 28.84 2.54 1.05 0.76 0 0.27 "#20" 13.91 -0.11 7.01 49.1401 6 -1 379.968 5 -1 5.78
"12" "49ers D/ST" "0.22-12.60" 26.02 1.68 1.16 0.6 0 0.26 "#10" 12.6 0.22 6.19 38.3161 5 0 365.304 5 -1 5.76
"7" "Browns D/ST" "1.34-11.50" 21.76 1.97 0.86 0.49 0 0.18 "#10" 11.5 1.34 5.08 25.8064 5 0 343.152 4 0 5.75
"4" "Jets D/ST" "1.23-11.77" 25.26 2.53 1.04 0.56 0.03 0.16 "#28" 11.77 1.23 5.27 27.7729 5 0 361.352 5 -1 5.75
"10" "Giants D/ST" "1.49-12.53" 23.16 2.26 0.7 0.76 0.06 0.24 "#27" 12.53 1.49 5.52 30.4704 5 0 350.432 5 -1 5.74
"8" "Panthers D/ST" "0.82-13.58" 24.58 2.14 0.85 0.58 0.02 0.28 "#11" 13.58 0.82 6.38 40.7044 5 0 357.816 5 -1 5.72
"5" "Vikings D/ST" "2.22-11.28" 20.72 1.9 1.05 0.54 0.02 0.1 "#19" 11.28 2.22 4.53 20.5209 5 0 337.744 4 0 5.72
"16" "Eagles D/ST" "0.37-12.49" 25.7 2.06 0.92 0.9 0.02 0.16 "#14" 12.49 0.37 6.06 36.7236 5 0 363.64 5 -1 5.7
"3" "Steelers D/ST" "1.21-12.19" 23.72 2.17 0.81 0.75 0.04 0.22 "#10" 12.19 1.21 5.49 30.1401 5 0 353.344 5 -1 5.69
"3" "Bengals D/ST" "1.44-12.68" 23.24 2.41 0.94 0.62 0 0.19 "#8" 12.68 1.44 5.62 31.5844 5 0 350.848 5 -1 5.67
"9" "Jets D/ST" "2.64-11.50" 17.81 1.76 0.81 0.66 0.03 0.15 "#24" 11.5 2.64 4.43 19.6249 5 0 322.612 4 0 5.66
"11" "Texans D/ST" "2.07-11.63" 24.59 2.18 0.84 0.66 0.02 0.24 "#22" 11.63 2.07 4.78 22.8484 5 0 357.868 5 -1 5.66
"15" "Rams D/ST" "2.35-11.65" 24.35 2.32 1.18 0.62 0 0.12 "#19" 11.65 2.35 4.65 21.6225 5 0 356.62 5 -1 5.64
"4" "Buccaneers D/ST" "1.06-12.76" 23.2 2.27 1.03 0.59 0.02 0.18 "#6" 12.76 1.06 5.85 34.2225 5 0 350.64 5 -1 5.63
"9" "Falcons D/ST" "0.13-14.01" 27.94 2.55 0.84 1.04 0.03 0.21 "#22" 14.01 0.13 6.94 48.1636 6 -1 375.288 5 -1 5.63
"9" "Steelers D/ST" "1.64-12.02" 23.53 2 0.83 0.67 0 0.27 "#11" 12.02 1.64 5.19 26.9361 5 0 352.356 5 -1 5.62
"14" "Texans D/ST" "0.56-12.08" 26.03 2.34 0.88 0.58 0.08 0.2 "#9" 12.08 0.56 5.76 33.1776 5 0 365.356 5 -1 5.62
"17" "Giants D/ST" "2.37-11.07" 23.83 2.48 0.74 0.74 0.04 0.18 "#25" 11.07 2.37 4.35 18.9225 5 0 353.916 5 -1 5.6
"5" "Packers D/ST" "0.84-13.22" 27.08 2.12 1.22 0.74 0 0.26 "#13" 13.22 0.84 6.19 38.3161 6 -1 370.816 5 -1 5.6
"3" "Saints D/ST" "0.82-12.06" 26.4 2.25 0.9 0.78 0.07 0.14 "#7" 12.06 0.82 5.62 31.5844 5 0 367.28 5 -1 5.59
"9" "Titans D/ST" "1.47-12.03" 23.69 2.63 0.73 0.73 0.04 0.16 "#25" 12.03 1.47 5.28 27.8784 5 0 353.188 5 -1 5.59
"11" "Jaguars D/ST" "1.59-12.17" 23.82 2.66 0.98 0.64 0.04 0.1 "#12" 12.17 1.59 5.29 27.9841 5 0 353.864 5 -1 5.58
"5" "Jaguars D/ST" "0.10-13.34" 28.01 2.28 1.31 0.8 0.05 0.16 "#1" 13.34 0.1 6.62 43.8244 6 -1 375.652 5 -1 5.56
"6" "Bills D/ST" "2.49-10.11" 20.8 1.72 0.59 0.71 0.02 0.2 "#14" 10.11 2.49 3.81 14.5161 5 0 338.16 4 0 5.56
"1" "Chargers D/ST" "0.26-12.24" 25.31 2.22 1 0.54 0.02 0.2 "#1" 12.24 0.26 5.99 35.8801 5 0 361.612 5 -1 5.54
"12" "Seahawks D/ST" "0.91-12.87" 23.58 2.22 0.94 0.78 0.02 0.14 "#8" 12.87 0.91 5.98 35.7604 5 0 352.616 5 -1 5.54
"5" "Cowboys D/ST" "0.09-13.67" 24.46 2.84 0.7 0.72 0.04 0.13 "#14" 13.67 0.09 6.79 46.1041 5 0 357.192 5 -1 5.54
"9" "Chargers D/ST" "-0.07-13.97" 27.98 3.12 0.95 0.83 0.03 0.13 "#18" 13.97 -0.07 7.02 49.2804 6 -1 375.496 5 -1 5.52
"2" "Patriots D/ST" "0.58-13.82" 26.82 2.71 0.99 0.65 0.08 0.22 "#28" 13.82 0.58 6.62 43.8244 6 -1 369.464 5 -1 5.47
"6" "Raiders D/ST" "0.63-13.11" 28 2.56 0.76 1.09 0.06 0.18 "#18" 13.11 0.63 6.24 38.9376 6 -1 375.6 5 -1 5.46
"5" "Dolphins D/ST" "1.13-11.47" 25 1.94 0.98 0.65 0 0.21 "#16" 11.47 1.13 5.17 26.7289 5 0 360 5 -1 5.46
"8" "Jets D/ST" "0.18-12.64" 20.24 1.82 0.8 0.55 0.04 0.14 "#6" 12.64 0.18 6.23 38.8129 5 0 335.248 4 0 5.44
"13" "Cardinals D/ST" "1.62-11.74" 23.8 2.85 0.94 0.65 0.02 0.06 "#15" 11.74 1.62 5.06 25.6036 5 0 353.76 5 -1 5.43
"1" "Falcons D/ST" "1.16-11.08" 26.37 2.22 0.78 0.7 0.08 0.18 "#19" 11.08 1.16 4.96 24.6016 5 0 367.124 5 -1 5.42
"4" "Bengals D/ST" "1.68-11.06" 25.87 2.44 0.71 0.71 0.08 0.16 "#7" 11.06 1.68 4.69 21.9961 5 0 364.524 5 -1 5.4
"11" "Saints D/ST" "0.26-12.30" 25.32 1.72 0.96 0.6 0.02 0.24 "#19" 12.3 0.26 6.02 36.2404 5 0 361.664 5 -1 5.32
"7" "Bills D/ST" "3.03-10.21" 17.84 1.59 0.74 0.49 0.03 0.2 "#9" 10.21 3.03 3.59 12.8881 5 0 322.768 4 0 5.31
"1" "Broncos D/ST" "0.45-12.99" 23.43 1.95 0.9 0.66 0.02 0.2 "#18" 12.99 0.45 6.27 39.3129 5 0 351.836 5 -1 5.31
"3" "Falcons D/ST" "-0.66-14.26" 28.17 2.32 1.07 0.79 0 0.21 "#3" 14.26 -0.66 7.46 55.6516 6 -1 376.484 5 -1 5.3
"3" "Titans D/ST" "0.74-11.98" 23.94 2.22 0.67 0.63 0.02 0.24 "#28" 11.98 0.74 5.62 31.5844 5 0 354.488 5 -1 5.3
"3" "Buccaneers D/ST" "-0.51-13.33" 30.28 2.72 0.82 0.95 0 0.17 "#12" 13.33 -0.51 6.92 47.8864 6 -1 387.456 5 -1 5.28
"5" "Giants D/ST" "-1.21-14.13" 27.99 1.92 1.03 0.7 0.04 0.3 "#8" 14.13 -1.21 7.67 58.8289 6 -1 375.548 5 -1 5.26
"5" "Redskins D/ST" "0.64-11.54" 30.29 2.19 1.11 0.63 0 0.26 "#3" 11.54 0.64 5.45 29.7025 6 -1 387.508 5 -1 5.23
"1" "Dolphins D/ST" "1.97-10.99" 23.48 2.2 0.8 0.72 0.06 0.14 "#26" 10.99 1.97 4.51 20.3401 5 0 352.096 5 -1 5.2
"6" "Broncos D/ST" "-0.50-12.46" 31.72 2.7 1.07 0.74 0.03 0.13 "#2" 12.46 -0.5 6.48 41.9904 6 -1 394.944 5 -1 5.16
"8" "Dolphins D/ST" "0.75-12.09" 23.86 2.28 0.67 0.64 0.06 0.19 "#14" 12.09 0.75 5.67 32.1489 5 0 354.072 5 -1 5.16
"7" "Giants D/ST" "-0.64-13.08" 28.32 2.25 0.98 0.56 0.03 0.29 "#7" 13.08 -0.64 6.86 47.0596 6 -1 377.264 5 -1 5.13
"14" "Giants D/ST" "1.21-10.57" 25.26 2.12 0.76 0.7 0.06 0.16 "#22" 10.57 1.21 4.68 21.9024 5 0 361.352 5 -1 5.12
"15" "Jaguars D/ST" "1.19-11.35" 23.24 2.52 0.6 0.64 0.02 0.18 "#22" 11.35 1.19 5.08 25.8064 5 0 350.848 5 -1 5.12
"9" "Rams D/ST" "-0.35-12.45" 30.08 2.63 0.98 0.51 0.03 0.24 "#3" 12.45 -0.35 6.4 40.96 6 -1 386.416 5 -1 5.11
"8" "Raiders D/ST" "0.40-12.14" 27.93 1.91 1.23 0.71 0.02 0.21 "#9" 12.14 0.4 5.87 34.4569 6 -1 375.236 5 -1 5.09
"11" "Titans D/ST" "-0.05-11.31" 26.1 1.8 0.96 0.52 0 0.22 "#9" 11.31 -0.05 5.68 32.2624 5 0 365.72 5 -1 5.08
"17" "Titans D/ST" "-0.05-11.31" 26.1 1.8 0.96 0.52 0 0.22 "#9" 11.31 -0.05 5.68 32.2624 5 0 365.72 5 -1 5.08
"16" "Vikings D/ST" "0.67-11.23" 25.45 2.16 1.04 0.66 0.02 0.08 "#13" 11.23 0.67 5.28 27.8784 5 0 362.34 5 -1 5.08
"2" "Steelers D/ST" "1.26-10.46" 26.26 2.06 0.92 0.48 0 0.2 "#1" 10.46 1.26 4.6 21.16 5 0 366.552 5 -1 5.06
"17" "Cardinals D/ST" "-0.73-12.15" 25.03 1.96 0.78 0.6 0 0.22 "#18" 12.15 -0.73 6.44 41.4736 5 0 360.156 5 -1 5.04
"3" "Chargers D/ST" "-0.70-12.16" 29.72 2.46 1.07 0.59 0.03 0.2 "#2" 12.16 -0.7 6.43 41.3449 6 -1 384.544 5 -1 5.04
"13" "Rams D/ST" "1.22-10.08" 26.01 2.08 1 0.44 0 0.18 "#13" 10.08 1.22 4.43 19.6249 5 0 365.252 5 -1 5.04
"7" "Saints D/ST" "-0.23-13.77" 27.33 2.32 0.93 0.8 0 0.21 "#11" 13.77 -0.23 7 49 6 -1 372.116 5 -1 5.04
"13" "Bengals D/ST" "1.94-10.92" 27.19 2.46 1.1 0.38 0.02 0.26 "#17" 10.92 1.94 4.49 20.1601 6 -1 371.388 5 -1 5.02
"5" "Falcons D/ST" "0.62-11.54" 24.86 1.6 1.16 0.46 0.02 0.19 "#12" 11.54 0.62 5.46 29.8116 5 0 359.272 5 -1 5.02
"5" "Raiders D/ST" "-0.51-12.81" 29.31 2.27 1.07 0.88 0.03 0.13 "#4" 12.81 -0.51 6.66 44.3556 6 -1 382.412 5 -1 5.01
"1" "Chiefs D/ST" "0.07-10.91" 25.49 1.76 0.84 0.7 0.04 0.18 "#4" 10.91 0.07 5.42 29.3764 5 0 362.548 5 -1 5
"5" "Seahawks D/ST" "-0.88-12.54" 29.77 2.34 0.81 0.88 0.02 0.2 "#2" 12.54 -0.88 6.71 45.0241 6 -1 384.804 5 -1 4.96
"15" "Browns D/ST" "0.68-11.90" 23.63 2.15 1.06 0.46 0.02 0.12 "#17" 11.9 0.68 5.61 31.4721 5 0 352.876 5 -1 4.95
"6" "Buccaneers D/ST" "0.47-11.67" 29.52 2.53 0.78 1.05 0.05 0.11 "#7" 11.67 0.47 5.6 31.36 6 -1 383.504 5 -1 4.95
"17" "Jaguars D/ST" "-0.64-12.86" 23 1.95 0.74 0.56 0.04 0.22 "#14" 12.86 -0.64 6.75 45.5625 5 0 349.6 5 -1 4.95
"4" "Giants D/ST" "-0.22-12.40" 29.9 2.28 1.03 0.79 0.03 0.16 "#3" 12.4 -0.22 6.31 39.8161 6 -1 385.48 5 -1 4.94
"15" "Jets D/ST" "0.05-12.05" 23.48 1.98 0.72 0.62 0.04 0.2 "#14" 12.05 0.05 6 36 5 0 352.096 5 -1 4.94
"6" "Cardinals D/ST" "1.65-10.55" 25.37 2.02 0.69 0.62 0.07 0.19 "#20" 10.55 1.65 4.45 19.8025 5 0 361.924 5 -1 4.92
"8" "Buccaneers D/ST" "0.03-11.95" 28.86 2.11 0.9 0.84 0.03 0.21 "#16" 11.95 0.03 5.96 35.5216 6 -1 380.072 5 -1 4.91
"11" "Cowboys D/ST" "0.92-10.50" 24.38 1.88 0.82 0.6 0.04 0.18 "#7" 10.5 0.92 4.79 22.9441 5 0 356.776 5 -1 4.88
"9" "Browns D/ST" "-0.54-11.88" 30.75 2.77 1.03 0.7 0.05 0.09 "#1" 11.88 -0.54 6.21 38.5641 6 -1 389.9 5 -1 4.87
"1" "Giants D/ST" "-0.32-12.30" 24.41 1.98 0.82 0.52 0 0.2 "#28" 12.3 -0.32 6.31 39.8161 5 0 356.932 5 -1 4.86
"12" "Giants D/ST" "0.83-10.53" 25.51 2.16 0.78 0.54 0.04 0.16 "#19" 10.53 0.83 4.85 23.5225 5 0 362.652 5 -1 4.84
"4" "49ers D/ST" "-0.87-11.75" 31.69 2.2 0.7 0.98 0.03 0.2 "#4" 11.75 -0.87 6.31 39.8161 6 -1 394.788 5 -1 4.82
"6" "49ers D/ST" "0.23-11.75" 28.16 2.08 1 0.59 0.09 0.23 "#15" 11.75 0.23 5.76 33.1776 6 -1 376.432 5 -1 4.82
"3" "Colts D/ST" "-0.33-12.61" 29.87 2.54 0.79 0.87 0.03 0.15 "#19" 12.61 -0.33 6.47 41.8609 6 -1 385.324 5 -1 4.82
"16" "Titans D/ST" "1.16-10.00" 25.58 1.92 0.82 0.58 0.06 0.16 "#22" 10 1.16 4.42 19.5364 5 0 363.016 5 -1 4.8
"4" "Dolphins D/ST" "0.85-10.97" 23.81 1.67 0.9 0.63 0.02 0.17 "#5" 10.97 0.85 5.06 25.6036 5 0 353.812 5 -1 4.79
"15" "Giants D/ST" "1.18-10.82" 23.34 2.18 0.7 0.66 0.08 0.12 "#26" 10.82 1.18 4.82 23.2324 5 0 351.368 5 -1 4.78
"5" "Colts D/ST" "-0.27-11.21" 30.06 3.17 0.76 0.64 0.03 0.12 "#5" 11.21 -0.27 5.74 32.9476 6 -1 386.312 5 -1 4.75
"15" "Cardinals D/ST" "0.70-10.68" 24.19 2.09 0.92 0.58 0.02 0.1 "#7" 10.68 0.7 4.99 24.9001 5 0 355.788 5 -1 4.73
"9" "Lions D/ST" "1.69-10.83" 26.7 2.29 1.04 0.85 0 0.11 "#20" 10.83 1.69 4.57 20.8849 6 -1 368.84 5 -1 4.73
"14" "Vikings D/ST" "0.86-9.60" 25.29 2.04 0.62 0.56 0 0.22 "#18" 9.6 0.86 4.37 19.0969 5 0 361.508 5 -1 4.72
"7" "Bengals D/ST" "-1.32-12.56" 31.6 2.17 1.18 0.67 0 0.14 "#1" 12.56 -1.32 6.94 48.1636 6 -1 394.32 5 -1 4.71
"1" "Eagles D/ST" "0.95-10.81" 23.21 1.66 0.76 0.82 0.02 0.14 "#7" 10.81 0.95 4.93 24.3049 5 0 350.692 5 -1 4.7
"1" "Panthers D/ST" "-0.19-12.55" 23.37 1.9 0.86 0.58 0.04 0.14 "#25" 12.55 -0.19 6.37 40.5769 5 0 351.524 5 -1 4.7
"8" "Vikings D/ST" "-0.97-13.57" 28.4 2.06 0.96 0.82 0 0.18 "#3" 13.57 -0.97 7.27 52.8529 6 -1 377.68 5 -1 4.7
"8" "Broncos D/ST" "-0.25-11.29" 31.09 1.87 0.92 0.5 0 0.33 "#1" 11.29 -0.25 5.77 33.2929 6 -1 391.668 5 -1 4.69
"9" "Packers D/ST" "-0.09-11.41" 28.48 2.29 0.72 0.77 0.05 0.22 "#5" 11.41 -0.09 5.75 33.0625 6 -1 378.096 5 -1 4.69
"4" "Broncos D/ST" "-0.17-12.25" 27.92 2.34 0.83 0.71 0 0.21 "#1" 12.25 -0.17 6.21 38.5641 6 -1 375.184 5 -1 4.68
"17" "Packers D/ST" "0.74-11.44" 27.95 1.96 1.06 0.62 0.02 0.22 "#13" 11.44 0.74 5.35 28.6225 6 -1 375.34 5 -1 4.68
"2" "Panthers D/ST" "0.57-10.59" 25.48 2 0.7 0.74 0.04 0.12 "#7" 10.59 0.57 5.01 25.1001 5 0 362.496 5 -1 4.68
"4" "Vikings D/ST" "0.26-11.76" 27.16 2.3 0.95 0.83 0.05 0.12 "#2" 11.76 0.26 5.75 33.0625 6 -1 371.232 5 -1 4.68
"3" "49ers D/ST" "-0.92-12.08" 31.2 2.65 0.82 0.92 0 0.09 "#1" 12.08 -0.92 6.5 42.25 6 -1 392.24 5 -1 4.67
"16" "Bills D/ST" "0.30-11.10" 24.36 2.18 0.64 0.72 0.02 0.12 "#5" 11.1 0.3 5.4 29.16 5 0 356.672 5 -1 4.66
"11" "Giants D/ST" "-0.40-10.50" 26.14 1.28 0.84 0.54 0 0.26 "#10" 10.5 -0.4 5.45 29.7025 5 0 365.928 5 -1 4.6
"14" "Cardinals D/ST" "0.75-10.47" 24.57 2.39 0.88 0.54 0 0.06 "#13" 10.47 0.75 4.86 23.6196 5 0 357.764 5 -1 4.59
"14" "Chargers D/ST" "0.29-10.07" 26.06 1.75 0.92 0.58 0 0.14 "#16" 10.07 0.29 4.89 23.9121 5 0 365.512 5 -1 4.59
"2" "Jaguars D/ST" "0.15-11.33" 27.61 2.02 1 0.7 0.04 0.18 "#5" 11.33 0.15 5.59 31.2481 6 -1 373.572 5 -1 4.58
"14" "Packers D/ST" "-0.67-12.91" 26.61 1.62 0.94 0.72 0.02 0.26 "#7" 12.91 -0.67 6.79 46.1041 6 -1 368.372 5 -1 4.54
"15" "Patriots D/ST" "0.27-11.65" 24.49 2.32 0.74 0.72 0.02 0.04 "#12" 11.65 0.27 5.69 32.3761 5 0 357.348 5 -1 4.52
"9" "Saints D/ST" "-3.39-16.65" 33.86 3.15 1.11 0.95 0 0.2 "#2" 16.65 -3.39 10.02 100.4004 6 -1 406.072 6 -3 4.47
"8" "Bills D/ST" "-1.12-11.32" 30.37 2.57 0.79 0.65 0.08 0.13 "#5" 11.32 -1.12 6.22 38.6884 6 -1 387.924 5 -1 4.39
"11" "Panthers D/ST" "0.10-10.54" 30.27 1.96 0.76 0.62 0.04 0.26 "#13" 10.54 0.1 5.22 27.2484 6 -1 387.404 5 -1 4.36
"12" "Steelers D/ST" "0.94-11.28" 26.67 2.26 1 0.36 0.02 0.22 "#17" 11.28 0.94 5.17 26.7289 6 -1 368.684 5 -1 4.34
"14" "Chiefs D/ST" "0.16-11.10" 27.27 2.12 0.84 0.8 0.02 0.14 "#11" 11.1 0.16 5.47 29.9209 6 -1 371.804 5 -1 4.28
"11" "Vikings D/ST" "0.56-11.26" 26.92 2.08 0.78 0.76 0 0.18 "#6" 11.26 0.56 5.35 28.6225 6 -1 369.984 5 -1 4.24
"17" "Vikings D/ST" "0.56-11.26" 26.92 2.08 0.78 0.76 0 0.18 "#6" 11.26 0.56 5.35 28.6225 6 -1 369.984 5 -1 4.24
"13" "Saints D/ST" "0.05-10.21" 24.9 1.86 0.76 0.54 0.02 0.12 "#25" 10.21 0.05 5.08 25.8064 5 0 359.48 5 -1 4.22
"13" "Vikings D/ST" "0.33-10.75" 27.33 1.86 0.74 0.84 0 0.2 "#5" 10.75 0.33 5.21 27.1441 6 -1 372.116 5 -1 4.22
"16" "Cowboys D/ST" "0.84-9.18" 23.34 1.62 0.64 0.56 0.04 0.18 "#10" 9.18 0.84 4.17 17.3889 5 0 351.368 5 -1 4.18
"2" "Giants D/ST" "0.36-9.62" 25.4 2.1 0.78 0.4 0 0.12 "#25" 9.62 0.36 4.63 21.4369 5 0 362.08 5 -1 4.18
"16" "Lions D/ST" "0.67-10.27" 27.45 2.11 0.76 0.84 0 0.14 "#20" 10.27 0.67 4.8 23.04 6 -1 372.74 5 -1 4.15
"12" "Jets D/ST" "0.11-9.53" 25.14 1.94 0.58 0.64 0.02 0.12 "#5" 9.53 0.11 4.71 22.1841 5 0 360.728 5 -1 4.14
"17" "Jets D/ST" "0.11-9.53" 25.14 1.94 0.58 0.64 0.02 0.12 "#5" 9.53 0.11 4.71 22.1841 5 0 360.728 5 -1 4.14
"2" "49ers D/ST" "0.12-8.82" 26.26 1.75 0.78 0.6 0 0.1 "#13" 8.82 0.12 4.35 18.9225 5 0 366.552 5 -1 4.11
"10" "Buccaneers D/ST" "0.58-8.68" 26.45 1.78 0.66 0.6 0.02 0.12 "#22" 8.68 0.58 4.05 16.4025 5 0 367.54 5 -1 4.06
"1" "Colts D/ST" "-0.42-9.68" 26.32 1.78 0.86 0.42 0.04 0.1 "#16" 9.68 -0.42 5.05 25.5025 5 0 366.864 5 -1 4.02
"3" "Lions D/ST" "-0.68-11.68" 27.95 1.78 0.93 0.77 0.03 0.13 "#5" 11.68 -0.68 6.18 38.1924 6 -1 375.34 5 -1 4.02
"15" "Buccaneers D/ST" "-0.26-10.88" 27.83 1.7 0.74 0.72 0.04 0.22 "#11" 10.88 -0.26 5.57 31.0249 6 -1 374.716 5 -1 4.02
"2" "Packers D/ST" "0.43-10.53" 27.56 1.8 0.72 0.7 0.06 0.2 "#20" 10.53 0.43 5.05 25.5025 6 -1 373.312 5 -1 3.96
"10" "Rams D/ST" "-0.17-9.55" 25.66 1.77 0.78 0.4 0.04 0.12 "#18" 9.55 -0.17 4.86 23.6196 5 0 363.432 5 -1 3.93
"13" "Falcons D/ST" "-0.05-9.23" 30.28 1.93 0.86 0.56 0.02 0.18 "#11" 9.23 -0.05 4.64 21.5296 6 -1 387.456 5 -1 3.89
"2" "Bills D/ST" "0.65-9.45" 27.63 1.88 0.88 0.54 0.04 0.18 "#4" 9.45 0.65 4.4 19.36 6 -1 373.676 5 -1 3.88
"16" "Giants D/ST" "-0.25-9.45" 25.36 1.76 0.76 0.44 0 0.12 "#9" 9.45 -0.25 4.85 23.5225 5 0 361.872 5 -1 3.88
"16" "Chargers D/ST" "0.50-8.46" 26.08 1.74 0.6 0.52 0 0.14 "#11" 8.46 0.5 3.98 15.8404 5 0 365.616 5 -1 3.82
"10" "Panthers D/ST" "-0.12-9.38" 29.7 1.88 0.84 0.56 0.02 0.18 "#12" 9.38 -0.12 4.75 22.5625 6 -1 384.44 5 -1 3.8
"12" "Titans D/ST" "0.71-7.81" 26.1 1.84 0.56 0.58 0.02 0.1 "#14" 7.81 0.71 3.55 12.6025 5 0 365.72 5 -1 3.76
"6" "Chiefs D/ST" "-1.40-13.02" 34.44 2.25 0.96 0.8 0 0.33 "#5" 13.02 -1.4 7.21 51.9841 6 -1 409.088 6 -3 3.75
"2" "Buccaneers D/ST" "-0.10-10.24" 27.35 1.98 0.72 0.64 0.04 0.16 "#19" 10.24 -0.1 5.17 26.7289 6 -1 372.22 5 -1 3.74
"13" "Panthers D/ST" "-0.24-9.26" 29.49 2 0.8 0.56 0.02 0.16 "#10" 9.26 -0.24 4.75 22.5625 6 -1 383.348 5 -1 3.72
"14" "Browns D/ST" "-0.18-9.56" 25.75 1.69 0.84 0.42 0 0.08 "#8" 9.56 -0.18 4.87 23.7169 5 0 363.9 5 -1 3.69
"14" "Rams D/ST" "0.73-8.87" 29.12 2.16 0.78 0.38 0 0.2 "#6" 8.87 0.73 4.07 16.5649 6 -1 381.424 5 -1 3.68
"3" "Bills D/ST" "-0.91-11.17" 27.26 1.98 0.72 0.79 0.04 0.1 "#20" 11.17 -0.91 6.04 36.4816 6 -1 371.752 5 -1 3.68
"10" "Dolphins D/ST" "-0.78-10.36" 29.04 2.11 0.74 0.46 0.04 0.18 "#15" 10.36 -0.78 5.57 31.0249 6 -1 381.008 5 -1 3.67
"13" "Chargers D/ST" "-0.25-10.11" 27.42 1.6 0.76 0.55 0 0.24 "#12" 10.11 -0.25 5.18 26.8324 6 -1 372.584 5 -1 3.66
"15" "Panthers D/ST" "-0.73-9.27" 30.73 1.6 0.84 0.5 0.06 0.2 "#3" 9.27 -0.73 5 25 6 -1 389.796 5 -1 3.6
"17" "Panthers D/ST" "-0.73-9.27" 30.73 1.6 0.84 0.5 0.06 0.2 "#3" 9.27 -0.73 5 25 6 -1 389.796 5 -1 3.6
"12" "Dolphins D/ST" "0.03-10.33" 26.75 2.25 0.82 0.42 0 0.14 "#9" 10.33 0.03 5.15 26.5225 6 -1 369.1 5 -1 3.57
"15" "Raiders D/ST" "0.61-8.97" 27.46 1.74 0.86 0.6 0.02 0.14 "#16" 8.97 0.61 4.18 17.4724 6 -1 372.792 5 -1 3.54
"17" "Falcons D/ST" "0.14-8.58" 29.2 1.46 1 0.5 0.02 0.16 "#10" 8.58 0.14 4.22 17.8084 6 -1 381.84 5 -1 3.46
"16" "Panthers D/ST" "-1.13-10.15" 28.32 1.77 0.74 0.42 0.02 0.22 "#7" 10.15 -1.13 5.64 31.8096 6 -1 377.264 5 -1 3.45
"11" "Falcons D/ST" "-0.18-9.28" 29.36 1.84 0.72 0.64 0.02 0.14 "#25" 9.28 -0.18 4.73 22.3729 6 -1 382.672 5 -1 3.44
"13" "Cowboys D/ST" "-0.19-10.15" 27.7 2.06 0.7 0.6 0.02 0.12 "#3" 10.15 -0.19 5.17 26.7289 6 -1 374.04 5 -1 3.42
"14" "Falcons D/ST" "-0.44-9.22" 28.82 1.76 1.04 0.36 0 0.14 "#15" 9.22 -0.44 4.83 23.3289 6 -1 379.864 5 -1 3.4
"10" "Chargers D/ST" "-0.08-10.16" 26.55 1.75 0.76 0.62 0.02 0.14 "#21" 10.16 -0.08 5.12 26.2144 6 -1 368.06 5 -1 3.39
"10" "Saints D/ST" "-0.04-9.34" 28.42 1.8 0.72 0.6 0.04 0.14 "#16" 9.34 -0.04 4.69 21.9961 6 -1 377.784 5 -1 3.36
"12" "Panthers D/ST" "0.36-9.38" 27.71 1.54 0.74 0.48 0.02 0.22 "#18" 9.38 0.36 4.51 20.3401 6 -1 374.092 5 -1 3.34
"10" "Bengals D/ST" "-0.70-8.54" 30.72 1.94 0.66 0.44 0.04 0.18 "#3" 8.54 -0.7 4.62 21.3444 6 -1 389.744 5 -1 3.3
"16" "Raiders D/ST" "0.04-8.62" 29.96 1.72 0.76 0.56 0.04 0.14 "#17" 8.62 0.04 4.29 18.4041 6 -1 385.792 5 -1 3.28
"1" "Texans D/ST" "-1.11-9.47" 29.36 2.11 0.62 0.59 0.07 0.1 "#5" 9.47 -1.11 5.29 27.9841 6 -1 382.672 5 -1 3.27
"14" "Bears D/ST" "-0.27-8.67" 30.32 2.06 0.72 0.44 0 0.14 "#2" 8.67 -0.27 4.47 19.9809 6 -1 387.664 5 -1 3.22
"10" "Seahawks D/ST" "0.08-8.84" 28.28 2.22 0.66 0.56 0.02 0.08 "#2" 8.84 0.08 4.38 19.1844 6 -1 377.056 5 -1 3.18
"14" "Saints D/ST" "-0.94-8.50" 31.06 1.6 0.72 0.66 0.04 0.12 "#10" 8.5 -0.94 4.72 22.2784 6 -1 391.512 5 -1 3.16
"9" "Buccaneers D/ST" "-0.91-12.25" 33.07 2.63 0.62 0.95 0.06 0.21 "#8" 12.25 -0.91 6.58 43.2964 6 -1 401.964 6 -3 3.15
"11" "Rams D/ST" "-0.70-7.74" 31.48 1.73 0.79 0.46 0.02 0.14 "#1" 7.74 -0.7 4.22 17.8084 6 -1 393.696 5 -1 3.11
"2" "Colts D/ST" "-0.31-8.83" 27.83 1.56 0.82 0.62 0 0.1 "#22" 8.83 -0.31 4.57 20.8849 6 -1 374.716 5 -1 3.04
"16" "Ravens D/ST" "-0.27-9.03" 27.96 1.88 0.76 0.52 0 0.1 "#4" 9.03 -0.27 4.65 21.6225 6 -1 375.392 5 -1 3.04
"12" "Saints D/ST" "-0.90-7.92" 31.76 1.4 0.74 0.68 0.04 0.12 "#7" 7.92 -0.9 4.41 19.4481 6 -1 395.152 5 -1 3.04
"14" "Colts D/ST" "-0.33-9.23" 27.22 1.74 0.68 0.54 0 0.14 "#14" 9.23 -0.33 4.78 22.8484 6 -1 371.544 5 -1 3.02
"12" "Raiders D/ST" "-0.63-7.85" 30.26 1.56 0.8 0.48 0.02 0.14 "#11" 7.85 -0.63 4.24 17.9776 6 -1 387.352 5 -1 3
"16" "Seahawks D/ST" "-0.24-8.80" 27.86 2.11 0.74 0.52 0 0.06 "#1" 8.8 -0.24 4.52 20.4304 6 -1 374.872 5 -1 2.99
"2" "Chiefs D/ST" "-1.05-8.65" 29.79 1.4 0.82 0.62 0.04 0.1 "#12" 8.65 -1.05 4.85 23.5225 6 -1 384.908 5 -1 2.96
"16" "Saints D/ST" "-1.38-8.24" 31.72 1.58 0.7 0.64 0.04 0.1 "#12" 8.24 -1.38 4.81 23.1361 6 -1 394.944 5 -1 2.94
"17" "Lions D/ST" "-0.74-8.24" 29.35 1.44 0.84 0.36 0 0.18 "#15" 8.24 -0.74 4.49 20.1601 6 -1 382.62 5 -1 2.92
"15" "Steelers D/ST" "-1.09-9.41" 28.16 1.86 0.8 0.48 0 0.08 "#5" 9.41 -1.09 5.25 27.5625 6 -1 376.432 5 -1 2.9
"15" "Packers D/ST" "-0.37-8.23" 29.39 1.9 0.6 0.5 0.02 0.12 "#6" 8.23 -0.37 4.3 18.49 6 -1 382.828 5 -1 2.86
"1" "49ers D/ST" "-0.12-8.04" 28.39 1.66 0.64 0.68 0.02 0.08 "#20" 8.04 -0.12 4.08 16.6464 6 -1 377.628 5 -1 2.82
"11" "Chargers D/ST" "-0.58-8.72" 28 2.08 0.52 0.52 0.02 0.1 "#17" 8.72 -0.58 4.65 21.6225 6 -1 375.6 5 -1 2.8
"17" "Chargers D/ST" "-0.58-8.72" 28 2.08 0.52 0.52 0.02 0.1 "#17" 8.72 -0.58 4.65 21.6225 6 -1 375.6 5 -1 2.8
"16" "Buccaneers D/ST" "0.25-8.51" 27.29 1.96 0.64 0.36 0.06 0.12 "#25" 8.51 0.25 4.13 17.0569 6 -1 371.908 5 -1 2.8
"16" "Falcons D/ST" "-1.25-7.99" 32.02 1.44 0.55 0.66 0.04 0.14 "#8" 7.99 -1.25 4.62 21.3444 6 -1 396.504 5 -1 2.78
"14" "Ravens D/ST" "-0.36-8.22" 28.75 1.94 0.7 0.48 0 0.08 "#1" 8.22 -0.36 4.29 18.4041 6 -1 379.5 5 -1 2.78
"12" "Cardinals D/ST" "-0.56-7.08" 31.66 1.84 0.68 0.46 0.02 0.1 "#4" 7.08 -0.56 3.82 14.5924 6 -1 394.632 5 -1 2.76
"13" "Giants D/ST" "-0.01-8.05" 28.24 2.08 0.6 0.36 0.02 0.12 "#6" 8.05 -0.01 4.03 16.2409 6 -1 376.848 5 -1 2.76
"13" "49ers D/ST" "-0.45-8.21" 29 1.94 0.48 0.46 0.02 0.14 "#18" 8.21 -0.45 4.33 18.7489 6 -1 380.8 5 -1 2.7
"15" "49ers D/ST" "-0.45-8.21" 29 1.94 0.48 0.46 0.02 0.14 "#18" 8.21 -0.45 4.33 18.7489 6 -1 380.8 5 -1 2.7
"16" "Chiefs D/ST" "-1.70-8.80" 30.61 1.72 0.48 0.68 0.02 0.1 "#18" 8.8 -1.7 5.25 27.5625 6 -1 389.172 5 -1 2.68
"14" "Bengals D/ST" "-0.76-6.98" 31.2 1.82 0.58 0.5 0.02 0.1 "#4" 6.98 -0.76 3.87 14.9769 6 -1 392.24 5 -1 2.62
"1" "Buccaneers D/ST" "-1.98-8.48" 31.37 1.42 0.62 0.54 0.02 0.14 "#3" 8.48 -1.98 5.23 27.3529 6 -1 393.124 5 -1 2.62
"14" "Dolphins D/ST" "-1.22-7.60" 31.34 1.78 0.6 0.62 0.02 0.06 "#5" 7.6 -1.22 4.41 19.4481 6 -1 392.968 5 -1 2.62
"14" "Raiders D/ST" "-0.66-7.22" 30.26 1.42 0.74 0.48 0 0.12 "#12" 7.22 -0.66 3.94 15.5236 6 -1 387.352 5 -1 2.58
"16" "49ers D/ST" "-0.72-7.84" 29.46 1.84 0.6 0.4 0 0.12 "#6" 7.84 -0.72 4.28 18.3184 6 -1 383.192 5 -1 2.56
"10" "Titans D/ST" "-1.35-7.61" 30.35 1.8 0.46 0.52 0.04 0.12 "#5" 7.61 -1.35 4.48 20.0704 6 -1 387.82 5 -1 2.56
"7" "Titans D/ST" "-1.79-14.51" 35.26 3.01 0.91 0.98 0.07 0.27 "#4" 14.51 -1.79 8.15 66.4225 7 -3 413.352 6 -3 2.55
"17" "49ers D/ST" "-2.03-8.11" 31.85 1.7 0.62 0.54 0.02 0.08 "#2" 8.11 -2.03 5.07 25.7049 6 -1 395.62 5 -1 2.54
"11" "Broncos D/ST" "-1.09-7.33" 30.6 1.74 0.72 0.32 0 0.12 "#4" 7.33 -1.09 4.21 17.7241 6 -1 389.12 5 -1 2.54
"17" "Broncos D/ST" "-1.09-7.33" 30.6 1.74 0.72 0.32 0 0.12 "#4" 7.33 -1.09 4.21 17.7241 6 -1 389.12 5 -1 2.54
"11" "Eagles D/ST" "-1.11-6.81" 31.09 1.54 0.7 0.42 0.04 0.1 "#3" 6.81 -1.11 3.96 15.6816 6 -1 391.668 5 -1 2.46
"17" "Buccaneers D/ST" "-0.60-7.48" 29.17 1.44 0.62 0.61 0.02 0.08 "#7" 7.48 -0.6 4.04 16.3216 6 -1 381.684 5 -1 2.42
"10" "Cardinals D/ST" "-0.84-6.50" 32.02 1.8 0.62 0.38 0.02 0.08 "#1" 6.5 -0.84 3.67 13.4689 6 -1 396.504 5 -1 2.32
"16" "Cardinals D/ST" "-1.58-7.44" 30.99 1.78 0.56 0.38 0.02 0.1 "#2" 7.44 -1.58 4.51 20.3401 6 -1 391.148 5 -1 2.3
"13" "Steelers D/ST" "-1.53-6.77" 32.1 1.52 0.82 0.42 0.02 0.04 "#4" 6.77 -1.53 4.15 17.2225 6 -1 396.92 5 -1 2.28
"15" "Eagles D/ST" "-1.18-6.50" 30.76 1.63 0.48 0.4 0.04 0.12 "#2" 6.5 -1.18 3.84 14.7456 6 -1 389.952 5 -1 2.19
"10" "Steelers D/ST" "-1.07-7.53" 28.25 1.72 0.78 0.3 0.02 0.04 "#8" 7.53 -1.07 4.3 18.49 6 -1 376.9 5 -1 2.16
"11" "Packers D/ST" "-0.50-7.94" 27.21 1.66 0.42 0.48 0.04 0.1 "#18" 7.94 -0.5 4.22 17.8084 6 -1 371.492 5 -1 2.14
"1" "Browns D/ST" "-1.42-7.00" 32.24 1.4 0.48 0.56 0 0.1 "#12" 7 -1.42 4.21 17.7241 6 -1 397.648 5 -1 2.08
"1" "Raiders D/ST" "-0.79-7.99" 28.09 1.52 0.52 0.4 0 0.12 "#2" 7.99 -0.79 4.39 19.2721 6 -1 376.068 5 -1 2.08
"7" "49ers D/ST" "-2.90-14.08" 34.55 3.49 1.16 0.73 0.03 0.06 "#2" 14.08 -2.9 8.49 72.0801 7 -3 409.66 6 -3 1.69
"8" "Packers D/ST" "-2.25-11.95" 35.35 2.79 0.85 0.73 0.03 0.16 "#2" 11.95 -2.25 7.1 50.41 7 -3 413.82 6 -3 0.97
"10" "Lions D/ST" "-0.73-7.63" 32.85 1.62 0.56 0.68 0.06 0.12 "#6" 7.63 -0.73 4.18 17.4724 6 -1 400.82 6 -3 0.94
"12" "Lions D/ST" "-0.73-7.63" 32.85 1.62 0.56 0.68 0.06 0.12 "#6" 7.63 -0.73 4.18 17.4724 6 -1 400.82 6 -3 0.94
"11" "Lions D/ST" "-1.11-7.33" 33.3 1.52 0.56 0.68 0.04 0.12 "#8" 7.33 -1.11 4.22 17.8084 6 -1 403.16 6 -3 0.8
"15" "Saints D/ST" "-1.73-7.37" 33.68 1.62 0.42 0.64 0.02 0.14 "#8" 7.37 -1.73 4.55 20.7025 6 -1 405.136 6 -3 0.62
"17" "Saints D/ST" "-1.73-7.37" 33.68 1.62 0.42 0.64 0.02 0.14 "#8" 7.37 -1.73 4.55 20.7025 6 -1 405.136 6 -3 0.62
"13" "Buccaneers D/ST" "-1.41-6.83" 33.71 1.68 0.4 0.58 0.04 0.12 "#8" 6.83 -1.41 4.12 16.9744 6 -1 405.292 6 -3 0.44
"10" "Raiders D/ST" "-1.79-6.29" 33.72 1.24 0.56 0.54 0.02 0.14 "#4" 6.29 -1.79 4.04 16.3216 6 -1 405.344 6 -3 0.32
"13" "Raiders D/ST" "-2.14-6.96" 32.75 1.18 0.6 0.54 0.02 0.12 "#1" 6.96 -2.14 4.55 20.7025 6 -1 400.3 6 -3 0.22
"17" "Raiders D/ST" "-2.14-6.96" 32.75 1.18 0.6 0.54 0.02 0.12 "#1" 6.96 -2.14 4.55 20.7025 6 -1 400.3 6 -3 0.22
"16" "Steelers D/ST" "-1.93-6.39" 33.41 1.52 0.72 0.38 0.04 0.06 "#3" 6.39 -1.93 4.16 17.3056 6 -1 403.732 6 -3 0.16
"13" "Lions D/ST" "-1.87-6.09" 33.45 1.16 0.54 0.52 0.02 0.1 "#2" 6.09 -1.87 3.98 15.8404 6 -1 403.94 6 -3 -0.0799999999999998
"2" "Browns D/ST" "-2.64-6.62" 34.48 1.34 0.48 0.54 0 0.08 "#3" 6.62 -2.64 4.63 21.4369 6 -1 409.296 6 -3 -0.14
"11" "Chiefs D/ST" "-2.03-8.55" 36.47 1.44 0.7 0.54 0 0.26 "#2" 8.55 -2.03 5.29 27.9841 7 -3 419.644 6 -3 -0.52
"15" "Chiefs D/ST" "-2.06-7.30" 36.83 1.48 0.68 0.52 0.02 0.18 "#4" 7.3 -2.06 4.68 21.9024 7 -3 421.516 6 -3 -1
"12" "Falcons D/ST" "-2.03-6.39" 35.51 1.18 0.56 0.56 0.04 0.14 "#3" 6.39 -2.03 4.21 17.7241 7 -3 414.652 6 -3 -1.66
"15" "Chargers D/ST" "-2.39-5.19" 36.24 1.4 0.36 0.5 0 0.1 "#1" 5.19 -2.39 3.79 14.3641 7 -3 418.448 6 -3 -2.28
"14" "Buccaneers D/ST" "-3.15-5.33" 34.73 1.24 0.46 0.48 0 0.02 "#3" 5.33 -3.15 4.24 17.9776 7 -3 410.596 6 -3 -2.76
