"Week" "Player" "range" "pts_all" "sacks" "INT" "fum" "SAF" "TD" "rnk" "max" "min" "std" "Var" "pts_all_grp" "pts_all_score" "yrds_est" "yrds_all_grp" "yrds_all_score" "Full_Proj"
"17" "Ravens D/ST" "5.18-21.90" 13.34 3 1.48 1.1 0.04 0.4 "#29" 21.9 5.18 8.36 69.8896 3 3 299.368 3 2 15.64
"14" "Bills D/ST" "4.25-19.59" 13.34 3.06 1.04 0.82 0.04 0.32 "#30" 19.59 4.25 7.67 58.8289 3 3 299.368 3 2 13.78
"3" "Vikings D/ST" "4.71-16.87" 12.51 2.32 0.89 0.71 0.05 0.32 "#32" 16.87 4.71 6.08 36.9664 3 3 295.052 3 2 12.54
"2" "Rams D/ST" "6.96-19.84" 15.35 3.54 1.5 0.92 0.04 0.42 "#31" 19.84 6.96 6.44 41.4736 4 1 309.82 4 0 11.98
"10" "Jets D/ST" "5.57-14.11" 12.83 2.26 0.89 0.53 0.01 0.25 "#32" 14.11 5.57 4.27 18.2329 3 3 296.716 3 2 11.62
"16" "Rams D/ST" "5.72-19.00" 15.53 3.33 1.34 0.96 0.08 0.3 "#31" 19 5.72 6.64 44.0896 4 1 310.756 4 0 10.89
"1" "Ravens D/ST" "6.47-17.25" 16.72 3.11 1.56 0.66 0.1 0.35 "#32" 17.25 6.47 5.39 29.0521 4 1 316.944 4 0 10.85
"13" "Packers D/ST" "5.22-18.16" 15.48 2.73 1.24 1.02 0.08 0.34 "#31" 18.16 5.22 6.47 41.8609 4 1 310.496 4 0 10.45
"1" "Jaguars D/ST" "5.18-19.26" 14.21 3.18 1.24 0.76 0.08 0.34 "#23" 19.26 5.18 7.04 49.5616 4 1 303.892 4 0 10.38
"5" "Ravens D/ST" "4.18-12.00" 13.34 1.66 0.7 0.45 0.04 0.2 "#29" 12 4.18 3.91 15.2881 3 3 299.368 3 2 10.24
"12" "Chargers D/ST" "5.43-18.11" 14.13 3.17 1.28 0.62 0.04 0.36 "#31" 18.11 5.43 6.34 40.1956 4 1 303.476 4 0 10.21
"15" "Redskins D/ST" "4.93-17.01" 16.74 3.44 1.2 0.72 0 0.32 "#28" 17.01 4.93 6.04 36.4816 4 1 317.048 4 0 10.2
"13" "Bills D/ST" "4.68-17.64" 15.01 2.74 1.44 0.78 0.06 0.28 "#27" 17.64 4.68 6.48 41.9904 4 1 308.052 4 0 9.98
"17" "Bills D/ST" "4.68-17.64" 15.01 2.74 1.44 0.78 0.06 0.28 "#27" 17.64 4.68 6.48 41.9904 4 1 308.052 4 0 9.98
"12" "Bills D/ST" "4.82-18.64" 17.96 3 1.32 0.98 0.06 0.36 "#28" 18.64 4.82 6.91 47.7481 5 0 323.392 4 0 9.88
"17" "Seahawks D/ST" "5.04-16.68" 16.51 2.95 1.2 0.78 0.02 0.32 "#31" 16.68 5.04 5.82 33.8724 4 1 315.852 4 0 9.87
"15" "Vikings D/ST" "4.23-17.39" 16.06 3.02 1.26 0.96 0.02 0.2 "#27" 17.39 4.23 6.58 43.2964 4 1 313.512 4 0 9.7
"16" "Broncos D/ST" "4.70-16.18" 17.21 3.25 1.2 0.76 0.02 0.24 "#26" 16.18 4.7 5.74 32.9476 4 1 319.492 4 0 9.65
"1" "Vikings D/ST" "4.09-18.43" 15.49 2.9 1.18 0.72 0.04 0.3 "#24" 18.43 4.09 7.17 51.4089 4 1 310.548 4 0 9.58
"13" "Bears D/ST" "5.02-17.52" 17.69 2.83 1.44 0.84 0.06 0.34 "#23" 17.52 5.02 6.25 39.0625 5 0 321.988 4 0 9.55
"10" "Bills D/ST" "3.91-11.61" 11.75 1.66 0.54 0.45 0.01 0.13 "#30" 11.61 3.91 3.85 14.8225 3 3 291.1 3 2 9.44
"1" "Seahawks D/ST" "4.13-16.29" 16.34 3.02 1.16 0.72 0.02 0.26 "#17" 16.29 4.13 6.08 36.9664 4 1 314.968 4 0 9.38
"14" "Redskins D/ST" "4.69-17.11" 17.75 3.12 1.52 0.82 0 0.26 "#23" 17.11 4.69 6.21 38.5641 5 0 322.3 4 0 9.36
"13" "Broncos D/ST" "3.33-17.39" 19.77 3.06 1.28 0.88 0.02 0.3 "#19" 17.39 3.33 7.03 49.4209 5 0 332.804 4 0 9.22
"17" "Cowboys D/ST" "2.60-17.58" 20.02 2.68 1.39 0.72 0.04 0.36 "#23" 17.58 2.6 7.49 56.1001 5 0 334.104 4 0 9.14
"15" "Broncos D/ST" "3.63-16.81" 15.72 3.1 1.16 0.52 0.04 0.26 "#29" 16.81 3.63 6.59 43.4281 4 1 311.744 4 0 9.1
"1" "Redskins D/ST" "4.97-16.75" 17.6 2.79 1.46 0.53 0.02 0.37 "#31" 16.75 4.97 5.89 34.6921 5 0 321.52 4 0 9.03
"12" "Browns D/ST" "3.09-17.25" 19.95 2.84 1.48 0.86 0.02 0.24 "#19" 17.25 3.09 7.08 50.1264 5 0 333.74 4 0 9
"16" "Browns D/ST" "3.09-17.25" 19.95 2.84 1.48 0.86 0.02 0.24 "#19" 17.25 3.09 7.08 50.1264 5 0 333.74 4 0 9
"17" "Bears D/ST" "4.03-16.73" 18.73 2.54 1.16 0.94 0.04 0.36 "#20" 16.73 4.03 6.35 40.3225 5 0 327.396 4 0 8.98
"15" "Texans D/ST" "4.14-15.82" 16.58 2.62 1.06 0.9 0.06 0.22 "#30" 15.82 4.14 5.84 34.1056 4 1 316.216 4 0 8.98
"12" "Patriots D/ST" "3.32-16.12" 16.83 2.7 1.22 0.68 0.04 0.22 "#30" 16.12 3.32 6.4 40.96 4 1 317.516 4 0 8.9
"17" "Patriots D/ST" "3.32-16.12" 16.83 2.7 1.22 0.68 0.04 0.22 "#30" 16.12 3.32 6.4 40.96 4 1 317.516 4 0 8.9
"2" "Seahawks D/ST" "3.37-15.73" 16.85 3.1 1.16 0.8 0.02 0.14 "#8" 15.73 3.37 6.18 38.1924 4 1 317.62 4 0 8.9
"6" "Texans D/ST" "2.09-16.65" 22.94 3.4 0.95 1.05 0.02 0.24 "#32" 16.65 2.09 7.28 52.9984 5 0 349.288 4 0 8.88
"12" "Jaguars D/ST" "3.09-16.41" 16.72 2.62 1.34 0.64 0.04 0.2 "#32" 16.41 3.09 6.66 44.3556 4 1 316.944 4 0 8.86
"2" "Texans D/ST" "2.99-16.23" 22.84 3.42 1.22 1.08 0.04 0.12 "#21" 16.23 2.99 6.62 43.8244 5 0 348.768 4 0 8.82
"2" "Broncos D/ST" "2.66-15.96" 21.88 2.86 1.08 0.66 0.06 0.38 "#26" 15.96 2.66 6.65 44.2225 5 0 343.776 4 0 8.74
"2" "Chargers D/ST" "1.37-17.85" 19.46 2.77 1.42 0.88 0.09 0.19 "#32" 17.85 1.37 8.24 67.8976 5 0 331.192 4 0 8.69
"17" "Texans D/ST" "3.16-16.34" 19.68 3 1.12 0.8 0.02 0.3 "#28" 16.34 3.16 6.59 43.4281 5 0 332.336 4 0 8.68
"14" "Broncos D/ST" "4.04-15.76" 15.25 2.76 1.34 0.6 0.02 0.16 "#24" 15.76 4.04 5.86 34.3396 4 1 309.3 4 0 8.64
"2" "Saints D/ST" "3.61-15.35" 17.02 2.27 1.17 0.68 0.02 0.27 "#29" 15.35 3.61 5.87 34.4569 4 1 318.504 4 0 8.63
"16" "Packers D/ST" "3.59-15.15" 17.27 2.38 1.16 0.72 0.14 0.2 "#30" 15.15 3.59 5.78 33.4084 4 1 319.804 4 0 8.62
"13" "Titans D/ST" "3.61-15.45" 16.99 2.1 1.16 0.76 0.04 0.26 "#30" 15.45 3.61 5.92 35.0464 4 1 318.348 4 0 8.58
"3" "Jaguars D/ST" "5.28-14.44" 15.14 2.57 1.17 0.49 0.03 0.27 "#21" 14.44 5.28 4.58 20.9764 4 1 308.728 4 0 8.57
"12" "Ravens D/ST" "3.85-16.89" 17.73 2.96 1.1 1 0.04 0.22 "#26" 16.89 3.85 6.52 42.5104 5 0 322.196 4 0 8.56
"2" "Lions D/ST" "2.72-15.64" 21.36 2.12 1.4 0.68 0.04 0.36 "#24" 15.64 2.72 6.46 41.7316 5 0 341.072 4 0 8.52
"10" "Chiefs D/ST" "4.30-15.44" 19.41 2.76 1.08 0.8 0.06 0.31 "#31" 15.44 4.3 5.57 31.0249 5 0 330.932 4 0 8.5
"14" "Steelers D/ST" "3.49-16.15" 18.71 2.74 1.16 0.72 0.04 0.32 "#26" 16.15 3.49 6.33 40.0689 5 0 327.292 4 0 8.5
"14" "Titans D/ST" "2.84-14.96" 22.38 2.54 1.28 0.76 0.02 0.3 "#28" 14.96 2.84 6.06 36.7236 5 0 346.376 4 0 8.46
"14" "Patriots D/ST" "2.46-16.14" 20.89 2.7 1.16 0.7 0.02 0.32 "#27" 16.14 2.46 6.84 46.7856 5 0 338.628 4 0 8.38
"9" "Bears D/ST" "4.86-14.56" 14.54 2.28 0.9 0.72 0.05 0.29 "#32" 14.56 4.86 4.85 23.5225 4 1 305.608 4 0 8.36
"4" "Packers D/ST" "1.43-15.97" 22.29 2.78 1.07 0.87 0.07 0.26 "#32" 15.97 1.43 7.27 52.8529 5 0 345.908 4 0 8.36
"2" "Jets D/ST" "4.33-14.41" 15.78 2.58 1.1 0.72 0.02 0.18 "#27" 14.41 4.33 5.04 25.4016 4 1 312.056 4 0 8.34
"15" "Bills D/ST" "2.67-16.57" 19.22 2.46 1.12 0.66 0.04 0.36 "#14" 16.57 2.67 6.95 48.3025 5 0 329.944 4 0 8.26
"13" "Dolphins D/ST" "3.25-15.89" 19.58 2.66 1.12 0.8 0.04 0.28 "#32" 15.89 3.25 6.32 39.9424 5 0 331.816 4 0 8.26
"17" "Dolphins D/ST" "3.25-15.89" 19.58 2.66 1.12 0.8 0.04 0.28 "#32" 15.89 3.25 6.32 39.9424 5 0 331.816 4 0 8.26
"13" "Chiefs D/ST" "3.18-14.12" 22.33 3.02 1.14 0.76 0.06 0.22 "#26" 14.12 3.18 5.47 29.9209 5 0 346.116 4 0 8.26
"17" "Chiefs D/ST" "3.18-14.12" 22.33 3.02 1.14 0.76 0.06 0.22 "#26" 14.12 3.18 5.47 29.9209 5 0 346.116 4 0 8.26
"2" "Redskins D/ST" "2.66-14.82" 21.72 2.12 1.36 0.7 0.04 0.32 "#11" 14.82 2.66 6.08 36.9664 5 0 342.944 4 0 8.24
"10" "Packers D/ST" "1.09-16.37" 26.37 3.22 1.11 0.76 0.05 0.36 "#27" 16.37 1.09 7.64 58.3696 5 0 367.124 5 -1 8.22
"3" "Bears D/ST" "3.72-14.46" 16.01 2.44 1.09 0.49 0.02 0.26 "#31" 14.46 3.72 5.37 28.8369 4 1 313.252 4 0 8.2
"17" "Steelers D/ST" "3.75-15.35" 18.83 2.77 1.35 0.54 0.04 0.26 "#19" 15.35 3.75 5.8 33.64 5 0 327.916 4 0 8.19
"7" "Colts D/ST" "1.91-15.61" 20.87 2.51 1.13 0.76 0.04 0.3 "#32" 15.61 1.91 6.85 46.9225 5 0 338.524 4 0 8.17
"2" "Vikings D/ST" "2.99-16.13" 18.67 2.35 1.34 0.8 0.04 0.24 "#9" 16.13 2.99 6.57 43.1649 5 0 327.084 4 0 8.15
"4" "Jaguars D/ST" "4.01-14.65" 15.29 2.5 1.06 0.61 0.02 0.21 "#30" 14.65 4.01 5.32 28.3024 4 1 309.508 4 0 8.14
"1" "Steelers D/ST" "3.28-16.28" 18.21 2.46 1.16 0.82 0.02 0.28 "#29" 16.28 3.28 6.5 42.25 5 0 324.692 4 0 8.14
"8" "Patriots D/ST" "3.08-16.16" 18.51 2.79 1.26 0.64 0.02 0.25 "#32" 16.16 3.08 6.54 42.7716 5 0 326.252 4 0 8.13
"14" "Chargers D/ST" "2.79-15.17" 20.3 2.36 1.24 0.8 0 0.28 "#19" 15.17 2.79 6.19 38.3161 5 0 335.56 4 0 8.12
"1" "Rams D/ST" "3.44-15.00" 20.04 2.72 1.18 0.8 0.04 0.22 "#26" 15 3.44 5.78 33.4084 5 0 334.208 4 0 8.08
"7" "Rams D/ST" "3.25-13.31" 22.79 2.2 1.34 0.74 0.07 0.26 "#24" 13.31 3.25 5.03 25.3009 5 0 348.508 4 0 8.06
"3" "Texans D/ST" "2.57-14.63" 22.06 2.56 0.95 0.79 0.04 0.32 "#23" 14.63 2.57 6.03 36.3609 5 0 344.712 4 0 8.04
"10" "Bears D/ST" "0.80-16.18" 22.08 2.73 0.83 0.63 0.02 0.39 "#14" 16.18 0.8 7.69 59.1361 5 0 344.816 4 0 8.03
"10" "Eagles D/ST" "1.67-15.13" 21.95 3.11 1.08 0.55 0.05 0.26 "#22" 15.13 1.67 6.73 45.2929 5 0 344.14 4 0 8.03
"6" "Vikings D/ST" "3.70-14.88" 18.58 2.78 1.18 0.86 0.04 0.18 "#31" 14.88 3.7 5.59 31.2481 5 0 326.616 4 0 8.02
"16" "Jaguars D/ST" "2.27-15.83" 20.65 2.56 1.2 0.72 0.02 0.26 "#27" 15.83 2.27 6.78 45.9684 5 0 337.38 4 0 8
"1" "Jets D/ST" "0.99-16.83" 21.84 2.3 1.09 0.8 0 0.32 "#14" 16.83 0.99 7.92 62.7264 5 0 343.568 4 0 8
"1" "Saints D/ST" "2.89-14.39" 22.48 2.3 1.02 0.94 0.04 0.28 "#15" 14.39 2.89 5.75 33.0625 5 0 346.896 4 0 7.98
"16" "Patriots D/ST" "3.13-16.21" 17.73 2.78 1.2 0.64 0.04 0.24 "#32" 16.21 3.13 6.54 42.7716 5 0 322.196 4 0 7.98
"12" "Bengals D/ST" "3.49-15.61" 17.59 2.73 1.24 0.6 0.12 0.22 "#29" 15.61 3.49 6.06 36.7236 5 0 321.468 4 0 7.97
"16" "Bengals D/ST" "3.49-15.61" 17.59 2.73 1.24 0.6 0.12 0.22 "#29" 15.61 3.49 6.06 36.7236 5 0 321.468 4 0 7.97
"10" "Chargers D/ST" "2.94-14.68" 21.25 2.33 1.09 0.88 0.04 0.27 "#26" 14.68 2.94 5.87 34.4569 5 0 340.5 4 0 7.97
"6" "Bears D/ST" "3.67-14.19" 16.98 2.3 0.75 0.79 0.01 0.26 "#27" 14.19 3.67 5.26 27.6676 4 1 318.296 4 0 7.96
"8" "Eagles D/ST" "3.87-13.25" 17.11 2.46 1.04 0.53 0.05 0.21 "#28" 13.25 3.87 4.69 21.9961 4 1 318.972 4 0 7.96
"8" "Steelers D/ST" "3.14-14.30" 16.43 2.43 1.14 0.47 0.02 0.21 "#29" 14.3 3.14 5.58 31.1364 4 1 315.436 4 0 7.95
"8" "Bears D/ST" "2.32-16.04" 17.71 2.7 0.79 0.89 0.02 0.3 "#30" 16.04 2.32 6.86 47.0596 5 0 322.092 4 0 7.9
"4" "Seahawks D/ST" "4.29-13.39" 15.66 2.24 0.94 0.67 0.02 0.23 "#31" 13.39 4.29 4.55 20.7025 4 1 311.432 4 0 7.88
"2" "Bears D/ST" "1.92-16.08" 19.47 2.38 1 0.78 0.06 0.3 "#13" 16.08 1.92 7.08 50.1264 5 0 331.244 4 0 7.86
"11" "Cardinals D/ST" "3.48-13.64" 16.92 2 1.15 0.54 0.03 0.23 "#26" 13.64 3.48 5.08 25.8064 4 1 317.984 4 0 7.82
"4" "Rams D/ST" "1.28-15.34" 22.92 2.5 1.2 0.63 0.02 0.27 "#20" 15.34 1.28 7.03 49.4209 5 0 349.184 4 0 7.82
"13" "Seahawks D/ST" "2.56-15.32" 18.99 2.97 0.94 0.84 0.04 0.2 "#24" 15.32 2.56 6.38 40.7044 5 0 328.748 4 0 7.81
"15" "Seahawks D/ST" "2.56-15.32" 18.99 2.97 0.94 0.84 0.04 0.2 "#24" 15.32 2.56 6.38 40.7044 5 0 328.748 4 0 7.81
"13" "Texans D/ST" "3.24-15.56" 18.3 2.8 1.04 0.9 0.02 0.18 "#29" 15.56 3.24 6.16 37.9456 5 0 325.16 4 0 7.8
"7" "Chargers D/ST" "1.86-15.06" 21.68 2.46 1.02 0.78 0.06 0.26 "#21" 15.06 1.86 6.6 43.56 5 0 342.736 4 0 7.74
"5" "Panthers D/ST" "3.73-13.83" 19.18 2.1 1.3 0.56 0.05 0.3 "#23" 13.83 3.73 5.05 25.5025 5 0 329.736 4 0 7.72
"5" "49ers D/ST" "3.00-13.78" 21.45 2.58 0.92 0.77 0.02 0.28 "#31" 13.78 3 5.39 29.0521 5 0 341.54 4 0 7.68
"12" "Eagles D/ST" "3.41-14.59" 19.32 2.84 1.18 0.6 0.04 0.2 "#23" 14.59 3.41 5.59 31.2481 5 0 330.464 4 0 7.68
"15" "Ravens D/ST" "1.47-15.89" 20.65 2.34 1.08 0.74 0.06 0.26 "#15" 15.89 1.47 7.21 51.9841 5 0 337.38 4 0 7.66
"13" "Redskins D/ST" "2.94-13.84" 21.72 2.61 1.26 0.66 0 0.2 "#18" 13.84 2.94 5.45 29.7025 5 0 342.944 4 0 7.65
"17" "Redskins D/ST" "2.94-13.84" 21.72 2.61 1.26 0.66 0 0.2 "#18" 13.84 2.94 5.45 29.7025 5 0 342.944 4 0 7.65
"14" "Jets D/ST" "3.17-15.05" 17.95 2.62 1.26 0.62 0.02 0.2 "#32" 15.05 3.17 5.94 35.2836 5 0 323.34 4 0 7.62
"10" "Patriots D/ST" "1.30-14.80" 22.56 2.61 1.14 0.89 0.05 0.14 "#21" 14.8 1.3 6.75 45.5625 5 0 347.312 4 0 7.61
"2" "Bengals D/ST" "2.91-14.19" 19.99 2.4 1.14 0.66 0.02 0.26 "#12" 14.19 2.91 5.64 31.8096 5 0 333.948 4 0 7.6
"8" "Texans D/ST" "2.05-14.87" 21.19 2.95 0.89 0.71 0 0.24 "#27" 14.87 2.05 6.41 41.0881 5 0 340.188 4 0 7.59
"1" "Titans D/ST" "3.59-14.83" 17.91 2.76 0.86 0.78 0.04 0.24 "#27" 14.83 3.59 5.62 31.5844 5 0 323.132 4 0 7.56
"6" "Packers D/ST" "1.53-16.15" 23.83 2.56 1.52 0.9 0.03 0.18 "#24" 16.15 1.53 7.31 53.4361 5 0 353.916 5 -1 7.54
"1" "Patriots D/ST" "2.39-13.99" 21.84 2.42 1.12 0.7 0.02 0.24 "#16" 13.99 2.39 5.8 33.64 5 0 343.568 4 0 7.54
"15" "Browns D/ST" "2.24-15.06" 21.47 2.4 1.22 0.66 0.02 0.22 "#17" 15.06 2.24 6.41 41.0881 5 0 341.644 4 0 7.52
"11" "Chargers D/ST" "2.04-15.10" 25.84 3.1 1.16 0.65 0 0.3 "#17" 15.1 2.04 6.53 42.6409 5 0 364.368 5 -1 7.52
"3" "Chiefs D/ST" "1.66-13.94" 22.72 2.41 1.07 0.66 0.04 0.26 "#24" 13.94 1.66 6.14 37.6996 5 0 348.144 4 0 7.51
"9" "Cowboys D/ST" "2.36-14.88" 19.03 2.36 0.87 0.81 0.02 0.29 "#21" 14.88 2.36 6.26 39.1876 5 0 328.956 4 0 7.5
"11" "Texans D/ST" "2.85-13.65" 21.11 2.66 1.17 0.73 0.04 0.16 "#25" 13.65 2.85 5.4 29.16 5 0 339.772 4 0 7.5
"11" "Ravens D/ST" "0.69-16.59" 19.43 2.59 0.86 0.81 0.06 0.24 "#19" 16.59 0.69 7.95 63.2025 5 0 331.036 4 0 7.49
"17" "Browns D/ST" "3.02-14.86" 19.52 2.72 1.18 0.64 0.02 0.18 "#12" 14.86 3.02 5.92 35.0464 5 0 331.504 4 0 7.48
"5" "Rams D/ST" "2.54-13.94" 20.34 2.14 1.26 0.71 0.04 0.22 "#13" 13.94 2.54 5.7 32.49 5 0 335.768 4 0 7.48
"4" "Chargers D/ST" "0.96-16.42" 24.07 3.22 1.34 0.55 0.03 0.23 "#24" 16.42 0.96 7.73 59.7529 5 0 355.164 5 -1 7.44
"14" "Seahawks D/ST" "3.02-14.14" 20.2 2.8 0.76 0.8 0.04 0.24 "#20" 14.14 3.02 5.56 30.9136 5 0 335.04 4 0 7.44
"6" "Rams D/ST" "2.86-13.60" 21.09 2.1 1.3 0.61 0.1 0.22 "#17" 13.6 2.86 5.37 28.8369 5 0 339.668 4 0 7.44
"12" "Steelers D/ST" "2.85-13.37" 21.03 2.51 1.52 0.38 0.02 0.18 "#17" 13.37 2.85 5.26 27.6676 5 0 339.356 4 0 7.43
"6" "Panthers D/ST" "1.69-13.67" 22.14 2.31 1.01 0.6 0.02 0.3 "#25" 13.67 1.69 5.99 35.8801 5 0 345.128 4 0 7.37
"13" "Browns D/ST" "0.94-16.62" 20.13 2.18 1.2 0.72 0 0.22 "#16" 16.62 0.94 7.84 61.4656 5 0 334.676 4 0 7.34
"5" "Patriots D/ST" "1.59-15.93" 23.08 2.8 1.45 0.88 0.02 0.14 "#11" 15.93 1.59 7.17 51.4089 5 0 350.016 5 -1 7.34
"16" "Titans D/ST" "2.48-13.80" 21.5 2.58 0.82 0.68 0.04 0.28 "#25" 13.8 2.48 5.66 32.0356 5 0 341.8 4 0 7.34
"3" "Panthers D/ST" "2.08-14.36" 20.15 2.03 1 0.72 0.05 0.29 "#19" 14.36 2.08 6.14 37.6996 5 0 334.78 4 0 7.31
"7" "Eagles D/ST" "2.12-14.40" 21.05 2.56 1.08 0.54 0.06 0.23 "#10" 14.4 2.12 6.14 37.6996 5 0 339.46 4 0 7.3
"12" "Packers D/ST" "1.77-14.21" 22.41 2.06 1 0.82 0.02 0.26 "#20" 14.21 1.77 6.22 38.6884 5 0 346.532 4 0 7.3
"2" "Raiders D/ST" "1.81-13.99" 20.89 2.5 0.86 0.7 0 0.28 "#17" 13.99 1.81 6.09 37.0881 5 0 338.628 4 0 7.3
"13" "Patriots D/ST" "1.56-14.44" 21.35 2.41 1.14 0.62 0.02 0.22 "#20" 14.44 1.56 6.44 41.4736 5 0 341.02 4 0 7.29
"8" "Rams D/ST" "3.06-12.56" 22.42 2.71 1.1 0.51 0.02 0.22 "#9" 12.56 3.06 4.75 22.5625 5 0 346.584 4 0 7.29
"14" "Cardinals D/ST" "2.64-14.50" 23.07 2.24 1.56 0.64 0.04 0.26 "#14" 14.5 2.64 5.93 35.1649 5 0 349.964 5 -1 7.28
"7" "Cowboys D/ST" "1.60-14.26" 21.94 3.05 0.73 0.92 0.04 0.14 "#25" 14.26 1.6 6.33 40.0689 5 0 344.088 4 0 7.27
"12" "Cowboys D/ST" "2.80-13.40" 20.19 2.65 0.94 0.8 0.02 0.18 "#25" 13.4 2.8 5.3 28.09 5 0 334.988 4 0 7.25
"5" "Titans D/ST" "2.59-15.03" 19.65 2.61 0.73 0.86 0.07 0.22 "#32" 15.03 2.59 6.22 38.6884 5 0 332.18 4 0 7.25
"5" "Bengals D/ST" "3.70-13.00" 19.21 2.21 1.08 0.97 0.04 0.14 "#27" 13 3.7 4.65 21.6225 5 0 329.892 4 0 7.23
"3" "Browns D/ST" "2.86-13.58" 20.76 2.78 0.77 0.73 0.02 0.23 "#30" 13.58 2.86 5.36 28.7296 5 0 337.952 4 0 7.2
"9" "Dolphins D/ST" "1.23-15.11" 20.99 2.36 1.02 0.71 0 0.23 "#30" 15.11 1.23 6.94 48.1636 5 0 339.148 4 0 7.2
"15" "Falcons D/ST" "2.18-13.38" 21.88 2.56 1.02 0.72 0.1 0.16 "#31" 13.38 2.18 5.6 31.36 5 0 343.776 4 0 7.2
"8" "Colts D/ST" "1.60-13.62" 22.76 2.18 0.92 0.84 0.02 0.24 "#26" 13.62 1.6 6.01 36.1201 5 0 348.352 4 0 7.18
"8" "Redskins D/ST" "2.53-13.07" 21.81 2.71 0.93 0.71 0.02 0.19 "#23" 13.07 2.53 5.27 27.7729 5 0 343.412 4 0 7.17
"2" "Cowboys D/ST" "1.69-14.73" 20.48 2.27 1.34 0.72 0.02 0.12 "#23" 14.73 1.69 6.52 42.5104 5 0 336.496 4 0 7.15
"9" "Vikings D/ST" "0.90-15.12" 25.45 2.91 1.4 0.89 0.03 0.1 "#14" 15.12 0.9 7.11 50.5521 5 0 362.34 5 -1 7.15
"16" "Bears D/ST" "1.84-15.34" 18.65 2.62 0.82 0.8 0.04 0.2 "#24" 15.34 1.84 6.75 45.5625 5 0 326.98 4 0 7.14
"2" "Eagles D/ST" "1.88-15.58" 18.59 2.42 1 0.78 0.04 0.18 "#15" 15.58 1.88 6.85 46.9225 5 0 326.668 4 0 7.14
"12" "Redskins D/ST" "1.56-14.00" 21.82 2.54 1.16 0.54 0 0.2 "#22" 14 1.56 6.22 38.6884 5 0 343.464 4 0 7.14
"15" "Jaguars D/ST" "1.97-14.61" 20.64 2.08 1.04 0.64 0 0.28 "#25" 14.61 1.97 6.32 39.9424 5 0 337.328 4 0 7.12
"11" "Panthers D/ST" "-0.14-15.80" 26.29 2.97 1.2 0.64 0.03 0.23 "#14" 15.8 -0.14 7.97 63.5209 5 0 366.708 5 -1 7.09
"9" "Ravens D/ST" "2.24-13.02" 22.74 1.74 1.22 0.71 0.02 0.24 "#5" 13.02 2.24 5.39 29.0521 5 0 348.248 4 0 7.08
"7" "Broncos D/ST" "4.04-11.70" 16.19 1.99 0.87 0.51 0.03 0.21 "#31" 11.7 4.04 3.83 14.6689 4 1 314.188 4 0 7.07
"3" "Ravens D/ST" "4.17-13.25" 13.94 1.93 0.96 0.39 0.04 0.22 "#17" 13.25 4.17 4.54 20.6116 4 1 302.488 4 0 7.03
"4" "Lions D/ST" "1.94-12.68" 22.93 2.41 1.07 0.63 0 0.2 "#22" 12.68 1.94 5.37 28.8369 5 0 349.236 4 0 7.01
"2" "Cardinals D/ST" "1.86-13.04" 22.9 2.2 1.12 0.66 0.02 0.2 "#2" 13.04 1.86 5.59 31.2481 5 0 349.08 4 0 7
"2" "Ravens D/ST" "2.66-14.68" 18.21 2.36 1.04 0.68 0.06 0.18 "#19" 14.68 2.66 6.01 36.1201 5 0 324.692 4 0 7
"9" "Raiders D/ST" "1.96-13.90" 25.2 3.03 0.95 1.11 0.03 0.13 "#24" 13.9 1.96 5.97 35.6409 5 0 361.04 5 -1 6.99
"13" "Eagles D/ST" "1.61-13.35" 22.65 2.42 1.26 0.48 0 0.18 "#25" 13.35 1.61 5.87 34.4569 5 0 347.78 4 0 6.98
"17" "Eagles D/ST" "1.61-13.35" 22.65 2.42 1.26 0.48 0 0.18 "#25" 13.35 1.61 5.87 34.4569 5 0 347.78 4 0 6.98
"1" "Lions D/ST" "2.34-14.12" 20.43 2.3 1.16 0.74 0.02 0.14 "#30" 14.12 2.34 5.89 34.6921 5 0 336.236 4 0 6.98
"9" "Redskins D/ST" "0.65-14.41" 25.57 2.5 0.89 1.13 0.03 0.23 "#6" 14.41 0.65 6.88 47.3344 5 0 362.964 5 -1 6.98
"2" "Titans D/ST" "2.19-12.69" 22.53 2.68 0.88 0.7 0.02 0.18 "#16" 12.69 2.19 5.25 27.5625 5 0 347.156 4 0 6.96
"3" "Rams D/ST" "-0.99-16.57" 25.75 2.44 1.4 0.7 0 0.22 "#7" 16.57 -0.99 8.78 77.0884 5 0 363.9 5 -1 6.96
"4" "Texans D/ST" "2.11-12.63" 22.54 2.45 0.81 0.85 0.02 0.19 "#11" 12.63 2.11 5.26 27.6676 5 0 347.208 4 0 6.95
"9" "Chiefs D/ST" "2.77-13.65" 19.43 2.43 0.96 0.59 0.08 0.21 "#29" 13.65 2.77 5.44 29.5936 5 0 331.036 4 0 6.95
"3" "Patriots D/ST" "2.01-13.89" 19.75 2.08 1.07 0.54 0.04 0.26 "#14" 13.89 2.01 5.94 35.2836 5 0 332.7 4 0 6.94
"8" "49ers D/ST" "2.78-14.04" 18.21 2.21 0.84 0.71 0.03 0.26 "#31" 14.04 2.78 5.63 31.6969 5 0 324.692 4 0 6.93
"3" "Jets D/ST" "3.81-12.03" 16.64 1.83 0.8 0.63 0.05 0.19 "#29" 12.03 3.81 4.11 16.8921 4 1 316.528 4 0 6.93
"2" "Dolphins D/ST" "2.62-12.70" 20.86 2.22 0.94 0.7 0.04 0.22 "#30" 12.7 2.62 5.04 25.4016 5 0 338.472 4 0 6.9
"4" "Chiefs D/ST" "2.57-12.01" 22.06 2.69 0.93 0.64 0.02 0.17 "#17" 12.01 2.57 4.72 22.2784 5 0 344.712 4 0 6.89
"10" "49ers D/ST" "1.80-14.38" 23.14 2.27 1.27 0.63 0.04 0.29 "#23" 14.38 1.8 6.29 39.5641 5 0 350.328 5 -1 6.89
"7" "Cardinals D/ST" "2.93-12.21" 20.64 2.06 1.26 0.54 0.04 0.19 "#17" 12.21 2.93 4.64 21.5296 5 0 337.328 4 0 6.88
"6" "Ravens D/ST" "2.57-13.57" 15.53 2.01 0.84 0.53 0.08 0.16 "#21" 13.57 2.57 5.5 30.25 4 1 310.756 4 0 6.87
"10" "Colts D/ST" "1.51-14.07" 20.17 2.01 1.13 0.62 0.02 0.22 "#28" 14.07 1.51 6.28 39.4384 5 0 334.884 4 0 6.87
"15" "Titans D/ST" "2.17-13.27" 24.83 2.06 1.34 0.68 0.04 0.28 "#23" 13.27 2.17 5.55 30.8025 5 0 359.116 5 -1 6.86
"7" "Lions D/ST" "1.58-14.12" 24.33 2.6 1.19 0.84 0 0.2 "#27" 14.12 1.58 6.27 39.3129 5 0 356.516 5 -1 6.86
"5" "Eagles D/ST" "2.73-13.07" 21.28 2.01 0.91 0.89 0.02 0.2 "#20" 13.07 2.73 5.17 26.7289 5 0 340.656 4 0 6.85
"3" "Eagles D/ST" "2.66-14.66" 17.87 2.29 0.96 0.82 0.02 0.16 "#11" 14.66 2.66 6 36 5 0 322.924 4 0 6.85
"5" "Jets D/ST" "1.59-13.61" 20.71 2.33 1.01 0.72 0.04 0.16 "#17" 13.61 1.59 6.01 36.1201 5 0 337.692 4 0 6.83
"4" "Raiders D/ST" "1.60-13.56" 25.62 3.24 0.98 0.69 0.11 0.17 "#29" 13.56 1.6 5.98 35.7604 5 0 363.224 5 -1 6.82
"7" "Jaguars D/ST" "2.92-13.74" 18.6 2.27 0.75 0.8 0 0.24 "#16" 13.74 2.92 5.41 29.2681 5 0 326.72 4 0 6.81
"14" "Cowboys D/ST" "0.40-14.98" 24.88 2.24 0.94 0.66 0.04 0.38 "#18" 14.98 0.4 7.29 53.1441 5 0 359.376 5 -1 6.8
"5" "Saints D/ST" "1.23-14.53" 25.09 3.2 0.82 0.82 0.03 0.21 "#25" 14.53 1.23 6.65 44.2225 5 0 360.468 5 -1 6.8
"9" "Panthers D/ST" "0.45-14.95" 29.49 3.05 1.23 0.86 0.03 0.25 "#15" 14.95 0.45 7.25 52.5625 6 -1 383.348 5 -1 6.79
"3" "Cowboys D/ST" "2.21-13.19" 21.76 2.27 0.93 0.66 0 0.22 "#13" 13.19 2.21 5.49 30.1401 5 0 343.152 4 0 6.77
"15" "Bengals D/ST" "1.65-14.49" 19.82 2.24 1.2 0.54 0.04 0.16 "#26" 14.49 1.65 6.42 41.2164 5 0 333.064 4 0 6.76
"7" "Chiefs D/ST" "1.05-14.25" 28.63 2.58 1.36 0.98 0.03 0.24 "#19" 14.25 1.05 6.6 43.56 6 -1 378.876 5 -1 6.76
"10" "Falcons D/ST" "2.29-13.67" 20.07 2.27 1.11 0.63 0.08 0.14 "#29" 13.67 2.29 5.69 32.3761 5 0 334.364 4 0 6.75
"4" "Patriots D/ST" "1.90-14.32" 23.11 2.4 1.25 0.72 0.04 0.22 "#27" 14.32 1.9 6.21 38.5641 5 0 350.172 5 -1 6.74
"15" "Cowboys D/ST" "1.50-13.40" 25.57 2.52 1 0.74 0.08 0.26 "#11" 13.4 1.5 5.95 35.4025 5 0 362.964 5 -1 6.72
"9" "Steelers D/ST" "1.96-12.64" 22.41 2.16 0.92 0.57 0.04 0.25 "#12" 12.64 1.96 5.34 28.5156 5 0 346.532 4 0 6.72
"3" "Seahawks D/ST" "0.61-14.99" 24.05 2.87 0.95 0.64 0.02 0.27 "#22" 14.99 0.61 7.19 51.6961 5 0 355.06 5 -1 6.71
"4" "Browns D/ST" "1.50-12.98" 21.34 2.02 0.9 0.77 0.04 0.21 "#26" 12.98 1.5 5.74 32.9476 5 0 340.968 4 0 6.7
"4" "Cowboys D/ST" "0.94-14.94" 23.07 2.05 1.41 0.78 0 0.21 "#14" 14.94 0.94 7 49 5 0 349.964 5 -1 6.69
"11" "Steelers D/ST" "3.06-12.98" 18.4 1.99 0.97 0.58 0.02 0.26 "#28" 12.98 3.06 4.96 24.6016 5 0 325.68 4 0 6.69
"16" "Vikings D/ST" "1.40-13.00" 21.93 2.16 1.02 0.68 0.02 0.18 "#14" 13 1.4 5.8 33.64 5 0 344.036 4 0 6.68
"11" "Bears D/ST" "3.34-12.68" 18.73 1.86 0.86 0.7 0.03 0.27 "#20" 12.68 3.34 4.67 21.8089 5 0 327.396 4 0 6.66
"5" "Chiefs D/ST" "0.73-14.59" 29.09 3.58 0.92 0.99 0 0.21 "#28" 14.59 0.73 6.93 48.0249 6 -1 381.268 5 -1 6.66
"7" "Vikings D/ST" "2.75-13.35" 18.25 2.3 0.85 0.65 0.02 0.22 "#30" 13.35 2.75 5.3 28.09 5 0 324.9 4 0 6.66
"5" "Bills D/ST" "2.42-12.00" 21.78 1.93 0.89 0.63 0 0.28 "#21" 12 2.42 4.79 22.9441 5 0 343.256 4 0 6.65
"11" "Falcons D/ST" "-0.32-15.74" 30.1 2.99 1.23 1 0 0.2 "#22" 15.74 -0.32 8.03 64.4809 6 -1 386.52 5 -1 6.65
"8" "Ravens D/ST" "2.35-13.51" 19.52 2.39 0.97 0.67 0.06 0.14 "#10" 13.51 2.35 5.58 31.1364 5 0 331.504 4 0 6.63
"6" "Giants D/ST" "2.35-12.25" 21.59 1.8 0.79 0.55 0.05 0.34 "#18" 12.25 2.35 4.95 24.5025 5 0 342.268 4 0 6.62
"8" "Cardinals D/ST" "2.53-12.99" 19.18 2.29 0.77 0.64 0.06 0.23 "#24" 12.99 2.53 5.23 27.3529 5 0 329.736 4 0 6.61
"6" "Chargers D/ST" "2.25-12.45" 21.23 1.75 1.03 0.48 0.02 0.3 "#29" 12.45 2.25 5.1 26.01 5 0 340.396 4 0 6.61
"3" "Dolphins D/ST" "2.89-13.31" 17.87 2.02 1.02 0.67 0.09 0.17 "#26" 13.31 2.89 5.21 27.1441 5 0 322.924 4 0 6.6
"7" "Falcons D/ST" "1.79-13.57" 23.2 3.05 0.91 0.77 0.02 0.19 "#23" 13.57 1.79 5.89 34.6921 5 0 350.64 5 -1 6.59
"11" "Saints D/ST" "0.52-15.06" 24.91 2.77 1.02 0.91 0 0.16 "#18" 15.06 0.52 7.27 52.8529 5 0 359.532 5 -1 6.59
"6" "Seahawks D/ST" "3.15-12.37" 20.34 2.07 0.99 0.72 0.04 0.17 "#26" 12.37 3.15 4.61 21.2521 5 0 335.768 4 0 6.59
"9" "Broncos D/ST" "1.46-13.62" 24.1 3.18 1.38 0.73 0 0.03 "#16" 13.62 1.46 6.08 36.9664 5 0 355.32 5 -1 6.58
"4" "Eagles D/ST" "1.37-15.47" 17.6 2.18 0.93 0.73 0 0.18 "#21" 15.47 1.37 7.05 49.7025 5 0 321.52 4 0 6.58
"2" "Falcons D/ST" "0.90-13.12" 22.43 2.1 0.98 0.66 0 0.2 "#10" 13.12 0.9 6.11 37.3321 5 0 346.636 4 0 6.58
"10" "Steelers D/ST" "-0.19-14.53" 26.31 3.32 1.14 0.57 0.06 0.12 "#10" 14.53 -0.19 7.36 54.1696 5 0 366.812 5 -1 6.58
"5" "Chargers D/ST" "2.89-12.73" 24.29 2.02 1.02 0.82 0.02 0.3 "#26" 12.73 2.89 4.92 24.2064 5 0 356.308 5 -1 6.54
"6" "Jaguars D/ST" "2.76-14.24" 17.73 2.71 0.95 0.56 0.07 0.11 "#22" 14.24 2.76 5.74 32.9476 5 0 322.196 4 0 6.53
"1" "Bills D/ST" "2.70-11.86" 21 2.16 1.18 0.44 0.08 0.16 "#12" 11.86 2.7 4.58 20.9764 5 0 339.2 4 0 6.52
"11" "Colts D/ST" "0.26-14.36" 26.2 2.59 1.1 0.69 0.07 0.2 "#21" 14.36 0.26 7.05 49.7025 5 0 366.24 5 -1 6.51
"5" "Cardinals D/ST" "2.13-12.67" 19.3 2.06 1.09 0.6 0.05 0.16 "#24" 12.67 2.13 5.27 27.7729 5 0 330.36 4 0 6.5
"6" "Colts D/ST" "1.88-11.92" 22.51 2.28 0.72 0.57 0.07 0.25 "#30" 11.92 1.88 5.02 25.2004 5 0 347.052 4 0 6.5
"6" "Bengals D/ST" "0.48-14.06" 25.55 2.8 1.04 0.7 0 0.2 "#5" 14.06 0.48 6.79 46.1041 5 0 362.86 5 -1 6.48
"1" "Cardinals D/ST" "1.46-13.52" 20.98 2.06 1 0.59 0.02 0.2 "#25" 13.52 1.46 6.03 36.3609 5 0 339.096 4 0 6.48
"10" "Jaguars D/ST" "1.77-11.89" 22.49 2.38 1.23 0.48 0.04 0.1 "#11" 11.89 1.77 5.06 25.6036 5 0 346.948 4 0 6.48
"6" "Jets D/ST" "2.59-12.87" 19.13 1.99 0.9 0.52 0.04 0.26 "#11" 12.87 2.59 5.14 26.4196 5 0 329.476 4 0 6.47
"9" "Jets D/ST" "1.16-13.42" 20.08 2.03 0.89 0.65 0.05 0.21 "#27" 13.42 1.16 6.13 37.5769 5 0 334.416 4 0 6.47
"7" "Dolphins D/ST" "1.41-12.49" 22.35 1.87 0.94 0.8 0.02 0.18 "#14" 12.49 1.41 5.54 30.6916 5 0 346.22 4 0 6.47
"5" "Texans D/ST" "-1.35-17.15" 28.9 3.44 0.88 0.73 0.03 0.29 "#22" 17.15 -1.35 9.25 85.5625 6 -1 380.28 5 -1 6.46
"3" "Packers D/ST" "1.00-14.22" 24.25 2.9 0.81 0.71 0.03 0.24 "#25" 14.22 1 6.61 43.6921 5 0 356.1 5 -1 6.44
"5" "Broncos D/ST" "3.00-12.70" 18.57 2 0.91 0.57 0.07 0.22 "#30" 12.7 3 4.85 23.5225 5 0 326.564 4 0 6.42
"9" "Texans D/ST" "1.76-12.82" 25.23 2.26 0.97 0.72 0.04 0.28 "#17" 12.82 1.76 5.53 30.5809 5 0 361.196 5 -1 6.4
"7" "Patriots D/ST" "0.42-14.42" 24.84 2.88 0.83 0.75 0.05 0.21 "#8" 14.42 0.42 7 49 5 0 359.168 5 -1 6.4
"4" "Cardinals D/ST" "1.60-13.06" 20.75 1.99 0.99 0.75 0.04 0.14 "#13" 13.06 1.6 5.73 32.8329 5 0 337.9 4 0 6.39
"9" "49ers D/ST" "0.14-14.46" 24.98 2.24 1.2 0.8 0 0.19 "#26" 14.46 0.14 7.16 51.2656 5 0 359.896 5 -1 6.38
"8" "Bengals D/ST" "1.32-13.30" 24.84 2.45 0.96 0.86 0.04 0.2 "#15" 13.3 1.32 5.99 35.8801 5 0 359.168 5 -1 6.37
"16" "Cowboys D/ST" "1.67-12.81" 24.95 2.2 0.98 0.76 0 0.28 "#15" 12.81 1.67 5.57 31.0249 5 0 359.74 5 -1 6.36
"4" "Bears D/ST" "2.44-13.34" 24.42 2.4 0.81 0.89 0.06 0.24 "#15" 13.34 2.44 5.45 29.7025 5 0 356.984 5 -1 6.36
"7" "Buccaneers D/ST" "1.85-13.07" 24.94 2.64 1.14 0.64 0.07 0.17 "#29" 13.07 1.85 5.61 31.4721 5 0 359.688 5 -1 6.36
"10" "Rams D/ST" "-0.03-15.97" 27.21 2.8 1.4 0.99 0 0.13 "#13" 15.97 -0.03 8 64 6 -1 371.492 5 -1 6.36
"10" "Buccaneers D/ST" "0.77-13.65" 25.71 2.89 1.06 0.7 0.11 0.12 "#25" 13.65 0.77 6.44 41.4736 5 0 363.692 5 -1 6.35
"7" "Jets D/ST" "1.67-12.17" 22.97 2.11 0.97 0.65 0.02 0.16 "#20" 12.17 1.67 5.25 27.5625 5 0 349.444 4 0 6.35
"4" "Falcons D/ST" "1.63-13.55" 24.48 2.11 1.11 0.56 0.04 0.3 "#19" 13.55 1.63 5.96 35.5216 5 0 357.296 5 -1 6.33
"8" "Seahawks D/ST" "1.59-12.15" 21.94 1.99 1.11 0.59 0.02 0.15 "#14" 12.15 1.59 5.28 27.8784 5 0 344.088 4 0 6.33
"6" "Steelers D/ST" "2.35-11.67" 22.14 1.79 0.77 0.65 0.01 0.28 "#19" 11.67 2.35 4.66 21.7156 5 0 345.128 4 0 6.33
"11" "Redskins D/ST" "1.46-13.14" 25.54 2.56 1.1 0.93 0.02 0.11 "#16" 13.14 1.46 5.84 34.1056 5 0 362.808 5 -1 6.32
"4" "Ravens D/ST" "0.41-12.57" 22.93 2.03 0.85 0.82 0.02 0.15 "#5" 12.57 0.41 6.08 36.9664 5 0 349.236 4 0 6.31
"6" "Redskins D/ST" "1.73-13.17" 23.47 2.34 0.79 0.73 0.06 0.3 "#10" 13.17 1.73 5.72 32.7184 5 0 352.044 5 -1 6.3
"3" "Raiders D/ST" "2.56-11.80" 20.47 2.01 0.76 0.69 0 0.23 "#27" 11.8 2.56 4.62 21.3444 5 0 336.444 4 0 6.29
"7" "Bears D/ST" "1.13-12.83" 26.02 3.06 0.83 0.83 0.03 0.14 "#4" 12.83 1.13 5.85 34.2225 5 0 365.304 5 -1 6.28
"1" "Packers D/ST" "1.67-11.45" 22.16 2.36 0.6 0.8 0.02 0.18 "#8" 11.45 1.67 4.89 23.9121 5 0 345.232 4 0 6.28
"9" "Titans D/ST" "1.64-12.74" 25.01 2.55 0.98 0.81 0.06 0.17 "#22" 12.74 1.64 5.55 30.8025 5 0 360.052 5 -1 6.27
"17" "Chargers D/ST" "1.75-12.77" 25.84 2.62 0.98 0.56 0 0.26 "#17" 12.77 1.75 5.51 30.3601 5 0 364.368 5 -1 6.26
"6" "Eagles D/ST" "3.79-11.91" 17.82 2.06 0.8 0.55 0.06 0.23 "#23" 11.91 3.79 4.06 16.4836 5 0 322.664 4 0 6.26
"7" "Panthers D/ST" "2.56-11.00" 21.91 1.6 0.85 0.58 0 0.3 "#18" 11 2.56 4.22 17.8084 5 0 343.932 4 0 6.26
"9" "Rams D/ST" "-0.78-14.26" 32.38 2.73 1.13 0.79 0.03 0.27 "#3" 14.26 -0.78 7.52 56.5504 6 -1 398.376 5 -1 6.25
"10" "Saints D/ST" "0.49-14.39" 28.63 2.53 1.13 0.78 0.05 0.3 "#19" 14.39 0.49 6.95 48.3025 6 -1 378.876 5 -1 6.25
"1" "Bengals D/ST" "1.31-11.83" 22.96 2.14 0.74 0.64 0 0.22 "#11" 11.83 1.31 5.26 27.6676 5 0 349.392 4 0 6.22
"8" "Chiefs D/ST" "1.11-14.87" 26.51 2.27 1.18 0.77 0 0.34 "#17" 14.87 1.11 6.88 47.3344 6 -1 367.852 5 -1 6.21
"4" "Saints D/ST" "1.31-13.79" 23.05 2.19 1.14 0.59 0 0.26 "#23" 13.79 1.31 6.24 38.9376 5 0 349.86 5 -1 6.21
"6" "Cowboys D/ST" "1.36-13.68" 23.65 2.84 0.77 0.91 0.08 0.14 "#28" 13.68 1.36 6.16 37.9456 5 0 352.98 5 -1 6.2
"7" "Texans D/ST" "2.42-11.78" 24.48 2.38 0.98 0.87 0.02 0.18 "#28" 11.78 2.42 4.68 21.9024 5 0 357.296 5 -1 6.2
"8" "Browns D/ST" "0.80-11.88" 22.58 1.9 0.92 0.44 0 0.26 "#5" 11.88 0.8 5.54 30.6916 5 0 347.416 4 0 6.18
"6" "Falcons D/ST" "-2.03-15.99" 30.31 2.74 1.37 0.91 0.04 0.13 "#15" 15.99 -2.03 9.01 81.1801 6 -1 387.612 5 -1 6.16
"16" "Chargers D/ST" "1.61-12.75" 23.99 2.38 1.08 0.58 0 0.24 "#12" 12.75 1.61 5.57 31.0249 5 0 354.748 5 -1 6.14
"6" "Titans D/ST" "1.35-13.13" 25.36 3.07 0.81 0.75 0.05 0.14 "#12" 13.13 1.35 5.89 34.6921 5 0 361.872 5 -1 6.13
"13" "Cardinals D/ST" "1.82-12.10" 25 2.65 1.18 0.74 0.02 0.1 "#9" 12.1 1.82 5.14 26.4196 5 0 360 5 -1 6.13
"3" "Giants D/ST" "1.18-12.42" 21.06 1.93 0.81 0.64 0.02 0.21 "#16" 12.42 1.18 5.62 31.5844 5 0 339.512 4 0 6.13
"10" "Panthers D/ST" "1.10-12.04" 25.82 2.29 0.88 0.78 0.04 0.24 "#5" 12.04 1.1 5.47 29.9209 5 0 364.264 5 -1 6.13
"13" "Bengals D/ST" "1.39-12.53" 25.87 2.24 1.02 0.7 0.06 0.22 "#17" 12.53 1.39 5.57 31.0249 5 0 364.524 5 -1 6.12
"13" "Colts D/ST" "1.56-12.24" 24.91 2.16 1 0.74 0.02 0.24 "#28" 12.24 1.56 5.34 28.5156 5 0 359.532 5 -1 6.12
"8" "Giants D/ST" "0.72-13.90" 24.34 2.8 0.84 0.68 0.07 0.19 "#25" 13.9 0.72 6.59 43.4281 5 0 356.568 5 -1 6.12
"4" "Titans D/ST" "-0.10-14.28" 25.42 2.68 1.01 0.72 0.07 0.14 "#18" 14.28 -0.1 7.19 51.6961 5 0 362.184 5 -1 6.12
"11" "Raiders D/ST" "1.36-12.82" 24.25 2.57 0.81 0.76 0.09 0.2 "#31" 12.82 1.36 5.73 32.8329 5 0 356.1 5 -1 6.09
"6" "Patriots D/ST" "-0.42-14.10" 31.09 3 1.13 0.9 0.06 0.15 "#1" 14.1 -0.42 7.26 52.7076 6 -1 391.668 5 -1 6.08
"1" "Cowboys D/ST" "0.93-12.81" 22.2 1.7 0.84 0.64 0.04 0.22 "#10" 12.81 0.93 5.94 35.2836 5 0 345.44 4 0 6.06
"17" "Vikings D/ST" "1.61-13.27" 23.59 2.06 0.94 0.74 0.04 0.26 "#8" 13.27 1.61 5.83 33.9889 5 0 352.668 5 -1 6.06
"11" "Seahawks D/ST" "0.83-14.51" 27.42 3.16 1.18 0.78 0.03 0.15 "#9" 14.51 0.83 6.84 46.7856 6 -1 372.584 5 -1 6.04
"3" "Broncos D/ST" "3.09-11.35" 16.2 1.68 0.72 0.52 0.02 0.14 "#12" 11.35 3.09 4.13 17.0569 4 1 314.24 4 0 6.04
"16" "Colts D/ST" "0.57-13.45" 24.2 2.14 0.96 0.62 0.02 0.28 "#23" 13.45 0.57 6.44 41.4736 5 0 355.84 5 -1 6.02
"7" "Redskins D/ST" "0.57-14.77" 26.86 2.56 1.26 0.66 0.03 0.26 "#22" 14.77 0.57 7.1 50.41 6 -1 369.672 5 -1 6.02
"15" "Cardinals D/ST" "2.02-12.26" 24.62 2.42 0.9 0.81 0.04 0.18 "#6" 12.26 2.02 5.12 26.2144 5 0 358.024 5 -1 6
"3" "Redskins D/ST" "2.91-11.63" 18.65 2.22 0.9 0.51 0.03 0.15 "#9" 11.63 2.91 4.36 19.0096 5 0 326.98 4 0 6
"10" "Redskins D/ST" "0.97-12.17" 25.64 2.2 1.02 0.6 0.02 0.25 "#15" 12.17 0.97 5.6 31.36 5 0 363.328 5 -1 5.98
"9" "Falcons D/ST" "-0.73-14.85" 28.83 2.83 1.07 1.2 0.03 0.09 "#25" 14.85 -0.73 7.79 60.6841 6 -1 379.916 5 -1 5.97
"11" "Lions D/ST" "-1.50-14.60" 31.79 3.03 0.63 1.13 0.11 0.2 "#10" 14.6 -1.5 8.05 64.8025 6 -1 395.308 5 -1 5.97
"7" "Ravens D/ST" "0.32-14.70" 27.31 2.41 0.98 0.82 0.05 0.31 "#3" 14.7 0.32 7.19 51.6961 6 -1 372.012 5 -1 5.97
"12" "Bears D/ST" "1.04-12.32" 20.94 2.08 0.7 0.54 0.04 0.22 "#14" 12.32 1.04 5.64 31.8096 5 0 338.888 4 0 5.96
"4" "Bills D/ST" "2.59-10.81" 22.2 1.86 0.91 0.45 0.03 0.22 "#9" 10.81 2.59 4.11 16.8921 5 0 345.44 4 0 5.96
"9" "Patriots D/ST" "1.76-13.16" 24.36 2.67 1.06 0.72 0 0.12 "#9" 13.16 1.76 5.7 32.49 5 0 356.672 5 -1 5.95
"4" "Steelers D/ST" "0.83-13.79" 23.92 2.91 1.04 0.67 0 0.1 "#12" 13.79 0.83 6.48 41.9904 5 0 354.384 5 -1 5.93
"5" "Lions D/ST" "0.36-14.28" 27.23 2.29 1.33 0.73 0.07 0.23 "#9" 14.28 0.36 6.96 48.4416 6 -1 371.596 5 -1 5.93
"8" "Lions D/ST" "-1.09-15.27" 29.04 2.71 1.09 1.02 0.04 0.15 "#13" 15.27 -1.09 8.18 66.9124 6 -1 381.008 5 -1 5.91
"14" "49ers D/ST" "0.45-12.69" 25.77 2.42 0.92 0.5 0.04 0.26 "#17" 12.69 0.45 6.12 37.4544 5 0 364.004 5 -1 5.9
"6" "Dolphins D/ST" "1.49-11.83" 21.43 2.6 0.68 0.68 0.04 0.08 "#8" 11.83 1.49 5.17 26.7289 5 0 341.436 4 0 5.88
"11" "Giants D/ST" "-0.36-15.02" 27.86 2 1.13 0.82 0 0.33 "#15" 15.02 -0.36 7.69 59.1361 6 -1 374.872 5 -1 5.88
"5" "Browns D/ST" "1.38-12.70" 19.44 1.89 0.93 0.69 0.04 0.11 "#12" 12.7 1.38 5.66 32.0356 5 0 331.088 4 0 5.87
"3" "Cardinals D/ST" "3.10-11.84" 18.22 1.99 0.82 0.82 0.06 0.08 "#8" 11.84 3.1 4.37 19.0969 5 0 324.744 4 0 5.87
"8" "Jaguars D/ST" "2.50-12.02" 17.91 1.66 1.01 0.47 0.02 0.2 "#18" 12.02 2.5 4.76 22.6576 5 0 323.132 4 0 5.86
"5" "Steelers D/ST" "0.79-13.45" 27.16 2.68 0.99 0.94 0.08 0.19 "#6" 13.45 0.79 6.33 40.0689 6 -1 371.232 5 -1 5.84
"1" "Bears D/ST" "1.62-11.88" 25.53 2.39 1.02 0.6 0.06 0.18 "#9" 11.88 1.62 5.13 26.3169 5 0 362.756 5 -1 5.83
"11" "Vikings D/ST" "1.65-12.77" 23.59 1.96 0.89 0.72 0.04 0.26 "#8" 12.77 1.65 5.56 30.9136 5 0 352.668 5 -1 5.82
"6" "Browns D/ST" "-0.39-15.25" 27.36 2.75 0.95 0.88 0.13 0.19 "#7" 15.25 -0.39 7.82 61.1524 6 -1 372.272 5 -1 5.81
"11" "Titans D/ST" "1.88-12.12" 24.71 2.23 0.88 0.68 0.04 0.23 "#11" 12.12 1.88 5.12 26.2144 5 0 358.492 5 -1 5.81
"4" "Colts D/ST" "0.75-13.45" 24.63 2.79 0.68 0.7 0.02 0.2 "#16" 13.45 0.75 6.35 40.3225 5 0 358.076 5 -1 5.79
"8" "Saints D/ST" "-0.11-13.91" 28.84 2.54 1.05 0.76 0 0.27 "#20" 13.91 -0.11 7.01 49.1401 6 -1 379.968 5 -1 5.78
"9" "Seahawks D/ST" "0.01-14.79" 26.78 2.92 1.21 0.8 0.03 0.13 "#7" 14.79 0.01 7.39 54.6121 6 -1 369.256 5 -1 5.78
"12" "Texans D/ST" "1.95-11.55" 24.43 2.01 0.96 0.66 0.04 0.24 "#21" 11.55 1.95 4.8 23.04 5 0 357.036 5 -1 5.77
"17" "Giants D/ST" "1.79-12.23" 23.65 2.6 0.74 0.78 0.02 0.18 "#22" 12.23 1.79 5.22 27.2484 5 0 352.98 5 -1 5.76
"7" "Browns D/ST" "1.34-11.50" 21.76 1.97 0.86 0.49 0 0.18 "#15" 11.5 1.34 5.08 25.8064 5 0 343.152 4 0 5.75
"4" "Jets D/ST" "1.23-11.77" 25.26 2.53 1.04 0.56 0.03 0.16 "#28" 11.77 1.23 5.27 27.7729 5 0 361.352 5 -1 5.75
"16" "Jets D/ST" "1.85-10.93" 26.22 2.22 0.92 0.5 0.06 0.26 "#9" 10.93 1.85 4.54 20.6116 5 0 366.344 5 -1 5.74
"11" "Broncos D/ST" "-0.40-12.82" 31.57 2.85 1.19 0.68 0.03 0.18 "#7" 12.82 -0.4 6.61 43.6921 6 -1 394.164 5 -1 5.73
"15" "Rams D/ST" "1.31-12.55" 24.05 2.25 1.06 0.72 0.04 0.14 "#18" 12.55 1.31 5.62 31.5844 5 0 355.06 5 -1 5.73
"14" "Eagles D/ST" "1.07-12.85" 23.77 2.44 1.14 0.4 0 0.2 "#22" 12.85 1.07 5.89 34.6921 5 0 353.604 5 -1 5.72
"8" "Panthers D/ST" "0.82-13.58" 24.58 2.14 0.85 0.58 0.02 0.28 "#12" 13.58 0.82 6.38 40.7044 5 0 357.816 5 -1 5.72
"5" "Vikings D/ST" "2.22-11.28" 20.72 1.9 1.05 0.54 0.02 0.1 "#18" 11.28 2.22 4.53 20.5209 5 0 337.744 4 0 5.72
"3" "Steelers D/ST" "1.21-12.19" 23.72 2.17 0.81 0.75 0.04 0.22 "#15" 12.19 1.21 5.49 30.1401 5 0 353.344 5 -1 5.69
"9" "Chargers D/ST" "0.66-13.46" 28.4 3.15 1.13 0.6 0.09 0.15 "#13" 13.46 0.66 6.4 40.96 6 -1 377.68 5 -1 5.69
"3" "Bengals D/ST" "1.44-12.68" 23.24 2.41 0.94 0.62 0 0.19 "#10" 12.68 1.44 5.62 31.5844 5 0 350.848 5 -1 5.67
"10" "Giants D/ST" "0.26-13.46" 23.94 2.45 0.86 0.7 0.07 0.16 "#24" 13.46 0.26 6.6 43.56 5 0 354.488 5 -1 5.67
"4" "Buccaneers D/ST" "1.06-12.76" 23.2 2.27 1.03 0.59 0.02 0.18 "#8" 12.76 1.06 5.85 34.2225 5 0 350.64 5 -1 5.63
"11" "Packers D/ST" "-1.85-15.27" 29.51 2.19 1.14 0.61 0.03 0.31 "#13" 15.27 -1.85 8.56 73.2736 6 -1 383.452 5 -1 5.61
"14" "Lions D/ST" "1.52-11.56" 24.59 2.32 0.74 0.72 0.08 0.2 "#31" 11.56 1.52 5.02 25.2004 5 0 357.868 5 -1 5.6
"5" "Packers D/ST" "0.84-13.22" 27.08 2.12 1.22 0.74 0 0.26 "#14" 13.22 0.84 6.19 38.3161 6 -1 370.816 5 -1 5.6
"17" "Packers D/ST" "1.27-11.63" 25.94 1.72 0.98 0.66 0.02 0.26 "#14" 11.63 1.27 5.18 26.8324 5 0 364.888 5 -1 5.6
"13" "Ravens D/ST" "0.97-12.93" 23.85 2.28 0.94 0.72 0.02 0.16 "#6" 12.93 0.97 5.98 35.7604 5 0 354.02 5 -1 5.6
"3" "Saints D/ST" "0.82-12.06" 26.4 2.25 0.9 0.78 0.07 0.14 "#6" 12.06 0.82 5.62 31.5844 5 0 367.28 5 -1 5.59
"5" "Jaguars D/ST" "0.10-13.34" 28.01 2.28 1.31 0.8 0.05 0.16 "#1" 13.34 0.1 6.62 43.8244 6 -1 375.652 5 -1 5.56
"16" "Texans D/ST" "0.39-12.87" 24.15 2.36 0.78 0.54 0 0.26 "#18" 12.87 0.39 6.24 38.9376 5 0 355.58 5 -1 5.56
"6" "Bills D/ST" "2.49-10.11" 20.8 1.72 0.59 0.71 0.02 0.2 "#16" 10.11 2.49 3.81 14.5161 5 0 338.16 4 0 5.56
"1" "Chargers D/ST" "0.26-12.24" 25.31 2.22 1 0.54 0.02 0.2 "#1" 12.24 0.26 5.99 35.8801 5 0 361.612 5 -1 5.54
"12" "Colts D/ST" "1.75-12.05" 23.31 2.38 0.7 0.72 0.06 0.2 "#27" 12.05 1.75 5.15 26.5225 5 0 351.212 5 -1 5.54
"5" "Cowboys D/ST" "0.09-13.67" 24.46 2.84 0.7 0.72 0.04 0.13 "#16" 13.67 0.09 6.79 46.1041 5 0 357.192 5 -1 5.54
"10" "Cowboys D/ST" "0.40-12.50" 23.86 2.1 0.86 0.57 0.04 0.24 "#18" 12.5 0.4 6.05 36.6025 5 0 354.072 5 -1 5.48
"11" "Jaguars D/ST" "0.07-13.35" 27.36 2.38 1.15 0.73 0.1 0.19 "#5" 13.35 0.07 6.64 44.0896 6 -1 372.272 5 -1 5.48
"2" "Patriots D/ST" "0.58-13.82" 26.82 2.71 0.99 0.65 0.08 0.22 "#28" 13.82 0.58 6.62 43.8244 6 -1 369.464 5 -1 5.47
"6" "Raiders D/ST" "0.63-13.11" 28 2.56 0.76 1.09 0.06 0.18 "#13" 13.11 0.63 6.24 38.9376 6 -1 375.6 5 -1 5.46
"5" "Dolphins D/ST" "1.13-11.47" 25 1.94 0.98 0.65 0 0.21 "#19" 11.47 1.13 5.17 26.7289 5 0 360 5 -1 5.46
"8" "Jets D/ST" "0.18-12.64" 20.24 1.82 0.8 0.55 0.04 0.14 "#8" 12.64 0.18 6.23 38.8129 5 0 335.248 4 0 5.44
"12" "Vikings D/ST" "0.85-12.61" 23.84 2.39 1.04 0.66 0.02 0.1 "#9" 12.61 0.85 5.88 34.5744 5 0 353.968 5 -1 5.43
"1" "Falcons D/ST" "1.16-11.08" 26.37 2.22 0.78 0.7 0.08 0.18 "#18" 11.08 1.16 4.96 24.6016 5 0 367.124 5 -1 5.42
"4" "Bengals D/ST" "1.68-11.06" 25.87 2.44 0.71 0.71 0.08 0.16 "#6" 11.06 1.68 4.69 21.9961 5 0 364.524 5 -1 5.4
"11" "Bengals D/ST" "1.28-11.82" 24.53 2.08 1.1 0.62 0.02 0.14 "#12" 11.82 1.28 5.27 27.7729 5 0 357.556 5 -1 5.4
"14" "Panthers D/ST" "2.04-11.36" 23.31 2.22 0.96 0.62 0.02 0.16 "#29" 11.36 2.04 4.66 21.7156 5 0 351.212 5 -1 5.38
"11" "Cowboys D/ST" "0.93-12.27" 29.5 2.36 1.07 0.85 0 0.19 "#6" 12.27 0.93 5.67 32.1489 6 -1 383.4 5 -1 5.34
"14" "Giants D/ST" "1.22-11.74" 24.24 2.54 0.64 0.82 0.08 0.12 "#25" 11.74 1.22 5.26 27.6676 5 0 356.048 5 -1 5.34
"17" "Rams D/ST" "1.87-10.81" 24.53 2.18 0.9 0.68 0.02 0.16 "#24" 10.81 1.87 4.47 19.9809 5 0 357.556 5 -1 5.34
"7" "Bills D/ST" "3.03-10.21" 17.84 1.59 0.74 0.49 0.03 0.2 "#11" 10.21 3.03 3.59 12.8881 5 0 322.768 4 0 5.31
"1" "Broncos D/ST" "0.45-12.99" 23.43 1.95 0.9 0.66 0.02 0.2 "#13" 12.99 0.45 6.27 39.3129 5 0 351.836 5 -1 5.31
"3" "Falcons D/ST" "-0.66-14.26" 28.17 2.32 1.07 0.79 0 0.21 "#3" 14.26 -0.66 7.46 55.6516 6 -1 376.484 5 -1 5.3
"3" "Titans D/ST" "0.74-11.98" 23.94 2.22 0.67 0.63 0.02 0.24 "#28" 11.98 0.74 5.62 31.5844 5 0 354.488 5 -1 5.3
"13" "Jaguars D/ST" "1.56-10.82" 24.26 2 1 0.56 0.04 0.18 "#11" 10.82 1.56 4.63 21.4369 5 0 356.152 5 -1 5.28
"17" "Titans D/ST" "1.77-11.11" 24.71 2.04 0.8 0.62 0.04 0.22 "#11" 11.11 1.77 4.67 21.8089 5 0 358.492 5 -1 5.28
"3" "Buccaneers D/ST" "-0.51-13.33" 30.28 2.72 0.82 0.95 0 0.17 "#5" 13.33 -0.51 6.92 47.8864 6 -1 387.456 5 -1 5.28
"5" "Giants D/ST" "-1.21-14.13" 27.99 1.92 1.03 0.7 0.04 0.3 "#10" 14.13 -1.21 7.67 58.8289 6 -1 375.548 5 -1 5.26
"12" "49ers D/ST" "0.61-11.57" 26.42 1.89 0.84 0.72 0.02 0.2 "#15" 11.57 0.61 5.48 30.0304 5 0 367.384 5 -1 5.25
"9" "Lions D/ST" "0.93-12.25" 27.45 2.5 0.9 0.99 0 0.16 "#20" 12.25 0.93 5.66 32.0356 6 -1 372.74 5 -1 5.24
"5" "Redskins D/ST" "0.64-11.54" 30.29 2.19 1.11 0.63 0 0.26 "#3" 11.54 0.64 5.45 29.7025 6 -1 387.508 5 -1 5.23
"1" "Dolphins D/ST" "1.97-10.99" 23.48 2.2 0.8 0.72 0.06 0.14 "#21" 10.99 1.97 4.51 20.3401 5 0 352.096 5 -1 5.2
"15" "Jets D/ST" "0.49-12.53" 23.75 1.98 0.96 0.4 0.02 0.24 "#16" 12.53 0.49 6.02 36.2404 5 0 353.5 5 -1 5.18
"6" "Broncos D/ST" "-0.50-12.46" 31.72 2.7 1.07 0.74 0.03 0.13 "#2" 12.46 -0.5 6.48 41.9904 6 -1 394.944 5 -1 5.16
"8" "Dolphins D/ST" "0.75-12.09" 23.86 2.28 0.67 0.64 0.06 0.19 "#16" 12.09 0.75 5.67 32.1489 5 0 354.072 5 -1 5.16
"7" "Giants D/ST" "-0.64-13.08" 28.32 2.25 0.98 0.56 0.03 0.29 "#6" 13.08 -0.64 6.86 47.0596 6 -1 377.264 5 -1 5.13
"10" "Titans D/ST" "-1.34-12.96" 30.92 2.61 0.75 0.75 0.07 0.23 "#4" 12.96 -1.34 7.15 51.1225 6 -1 390.784 5 -1 5.13
"13" "Vikings D/ST" "0.34-11.92" 25.01 1.96 0.9 0.58 0 0.2 "#4" 11.92 0.34 5.79 33.5241 5 0 360.052 5 -1 5.12
"14" "Vikings D/ST" "0.77-12.31" 24.34 2.1 0.64 0.8 0.02 0.18 "#13" 12.31 0.77 5.77 33.2929 5 0 356.568 5 -1 5.1
"8" "Raiders D/ST" "0.40-12.14" 27.93 1.91 1.23 0.71 0.02 0.21 "#11" 12.14 0.4 5.87 34.4569 6 -1 375.236 5 -1 5.09
"16" "Redskins D/ST" "1.16-11.36" 24.94 2.12 0.82 0.84 0.02 0.1 "#21" 11.36 1.16 5.1 26.01 5 0 359.688 5 -1 5.08
"2" "Steelers D/ST" "1.26-10.46" 26.26 2.06 0.92 0.48 0 0.2 "#1" 10.46 1.26 4.6 21.16 5 0 366.552 5 -1 5.06
"15" "Bears D/ST" "0.50-11.90" 23.99 2.53 0.74 0.56 0.04 0.14 "#9" 11.9 0.5 5.7 32.49 5 0 354.748 5 -1 5.05
"3" "Chargers D/ST" "-0.70-12.16" 29.72 2.46 1.07 0.59 0.03 0.2 "#2" 12.16 -0.7 6.43 41.3449 6 -1 384.544 5 -1 5.04
"15" "Colts D/ST" "0.13-11.41" 26.13 2.32 0.76 0.54 0.02 0.18 "#22" 11.41 0.13 5.64 31.8096 5 0 365.876 5 -1 5.04
"7" "Saints D/ST" "-0.23-13.77" 27.33 2.32 0.93 0.8 0 0.21 "#12" 13.77 -0.23 7 49 6 -1 372.116 5 -1 5.04
"12" "Buccaneers D/ST" "0.64-11.40" 24.87 1.7 0.98 0.68 0.02 0.16 "#24" 11.4 0.64 5.38 28.9444 5 0 359.324 5 -1 5.02
"5" "Falcons D/ST" "0.62-11.54" 24.86 1.6 1.16 0.46 0.02 0.19 "#5" 11.54 0.62 5.46 29.8116 5 0 359.272 5 -1 5.02
"5" "Raiders D/ST" "-0.51-12.81" 29.31 2.27 1.07 0.88 0.03 0.13 "#7" 12.81 -0.51 6.66 44.3556 6 -1 382.412 5 -1 5.01
"1" "Chiefs D/ST" "0.07-10.91" 25.49 1.76 0.84 0.7 0.04 0.18 "#7" 10.91 0.07 5.42 29.3764 5 0 362.548 5 -1 5
"13" "Saints D/ST" "0.54-11.48" 24.39 2.16 0.64 0.66 0.02 0.2 "#22" 11.48 0.54 5.47 29.9209 5 0 356.828 5 -1 5
"15" "Lions D/ST" "0.81-10.79" 25.29 2.06 0.82 0.64 0.08 0.14 "#32" 10.79 0.81 4.99 24.9001 5 0 361.508 5 -1 4.98
"5" "Seahawks D/ST" "-0.88-12.54" 29.77 2.34 0.81 0.88 0.02 0.2 "#2" 12.54 -0.88 6.71 45.0241 6 -1 384.804 5 -1 4.96
"6" "Buccaneers D/ST" "0.47-11.67" 29.52 2.53 0.78 1.05 0.05 0.11 "#6" 11.67 0.47 5.6 31.36 6 -1 383.504 5 -1 4.95
"15" "Buccaneers D/ST" "0.16-12.78" 26.76 2.02 0.94 0.74 0 0.26 "#12" 12.78 0.16 6.31 39.8161 6 -1 369.152 5 -1 4.94
"4" "Giants D/ST" "-0.22-12.40" 29.9 2.28 1.03 0.79 0.03 0.16 "#3" 12.4 -0.22 6.31 39.8161 6 -1 385.48 5 -1 4.94
"9" "Bills D/ST" "0.56-12.12" 23.64 2.14 0.83 0.72 0.04 0.1 "#8" 12.12 0.56 5.78 33.4084 5 0 352.928 5 -1 4.92
"6" "Cardinals D/ST" "1.65-10.55" 25.37 2.02 0.69 0.62 0.07 0.19 "#20" 10.55 1.65 4.45 19.8025 5 0 361.924 5 -1 4.92
"8" "Buccaneers D/ST" "0.03-11.95" 28.86 2.11 0.9 0.84 0.03 0.21 "#19" 11.95 0.03 5.96 35.5216 6 -1 380.072 5 -1 4.91
"14" "Texans D/ST" "0.13-12.49" 26.96 2.38 0.8 0.62 0.06 0.26 "#11" 12.49 0.13 6.18 38.1924 6 -1 370.192 5 -1 4.9
"10" "Browns D/ST" "-1.19-13.61" 27.91 2.09 1 0.62 0 0.26 "#6" 13.61 -1.19 7.4 54.76 6 -1 375.132 5 -1 4.89
"1" "Giants D/ST" "-0.32-12.30" 24.41 1.98 0.82 0.52 0 0.2 "#28" 12.3 -0.32 6.31 39.8161 5 0 356.932 5 -1 4.86
"14" "Browns D/ST" "0.01-11.79" 24.83 2.07 1.06 0.46 0 0.12 "#10" 11.79 0.01 5.89 34.6921 5 0 359.116 5 -1 4.83
"11" "Buccaneers D/ST" "1.18-11.66" 26.56 1.99 0.8 0.68 0.04 0.3 "#23" 11.66 1.18 5.24 27.4576 6 -1 368.112 5 -1 4.83
"4" "49ers D/ST" "-0.87-11.75" 31.69 2.2 0.7 0.98 0.03 0.2 "#7" 11.75 -0.87 6.31 39.8161 6 -1 394.788 5 -1 4.82
"6" "49ers D/ST" "0.23-11.75" 28.16 2.08 1 0.59 0.09 0.23 "#9" 11.75 0.23 5.76 33.1776 6 -1 376.432 5 -1 4.82
"3" "Colts D/ST" "-0.33-12.61" 29.87 2.54 0.79 0.87 0.03 0.15 "#18" 12.61 -0.33 6.47 41.8609 6 -1 385.324 5 -1 4.82
"17" "Colts D/ST" "0.19-11.01" 26.2 1.98 0.84 0.54 0.06 0.16 "#21" 11.01 0.19 5.41 29.2681 5 0 366.24 5 -1 4.82
"16" "Dolphins D/ST" "1.63-9.85" 24.3 2.06 0.92 0.58 0.02 0.12 "#28" 9.85 1.63 4.11 16.8921 5 0 356.36 5 -1 4.82
"15" "Dolphins D/ST" "0.14-11.26" 25.33 2.08 0.8 0.68 0.02 0.12 "#20" 11.26 0.14 5.56 30.9136 5 0 361.716 5 -1 4.8
"10" "Bengals D/ST" "-0.03-11.03" 30.81 2.71 0.84 0.72 0.03 0.15 "#3" 11.03 -0.03 5.53 30.5809 6 -1 390.212 5 -1 4.79
"4" "Dolphins D/ST" "0.85-10.97" 23.81 1.67 0.9 0.63 0.02 0.17 "#4" 10.97 0.85 5.06 25.6036 5 0 353.812 5 -1 4.79
"5" "Colts D/ST" "-0.27-11.21" 30.06 3.17 0.76 0.64 0.03 0.12 "#4" 11.21 -0.27 5.74 32.9476 6 -1 386.312 5 -1 4.75
"11" "Eagles D/ST" "-1.56-12.62" 31.13 3.05 0.82 0.73 0.03 0.09 "#3" 12.62 -1.56 7.09 50.2681 6 -1 391.876 5 -1 4.75
"7" "Bengals D/ST" "-1.32-12.56" 31.6 2.17 1.18 0.67 0 0.14 "#1" 12.56 -1.32 6.94 48.1636 6 -1 394.32 5 -1 4.71
"1" "Eagles D/ST" "0.95-10.81" 23.21 1.66 0.76 0.82 0.02 0.14 "#6" 10.81 0.95 4.93 24.3049 5 0 350.692 5 -1 4.7
"1" "Panthers D/ST" "-0.19-12.55" 23.37 1.9 0.86 0.58 0.04 0.14 "#22" 12.55 -0.19 6.37 40.5769 5 0 351.524 5 -1 4.7
"8" "Vikings D/ST" "-0.97-13.57" 28.4 2.06 0.96 0.82 0 0.18 "#3" 13.57 -0.97 7.27 52.8529 6 -1 377.68 5 -1 4.7
"8" "Broncos D/ST" "-0.25-11.29" 31.09 1.87 0.92 0.5 0 0.33 "#1" 11.29 -0.25 5.77 33.2929 6 -1 391.668 5 -1 4.69
"4" "Broncos D/ST" "-0.17-12.25" 27.92 2.34 0.83 0.71 0 0.21 "#1" 12.25 -0.17 6.21 38.5641 6 -1 375.184 5 -1 4.68
"2" "Panthers D/ST" "0.57-10.59" 25.48 2 0.7 0.74 0.04 0.12 "#6" 10.59 0.57 5.01 25.1001 5 0 362.496 5 -1 4.68
"4" "Vikings D/ST" "0.26-11.76" 27.16 2.3 0.95 0.83 0.05 0.12 "#2" 11.76 0.26 5.75 33.0625 6 -1 371.232 5 -1 4.68
"3" "49ers D/ST" "-0.92-12.08" 31.2 2.65 0.82 0.92 0 0.09 "#1" 12.08 -0.92 6.5 42.25 6 -1 392.24 5 -1 4.67
"16" "Bills D/ST" "0.71-10.29" 24.74 1.72 0.84 0.76 0.06 0.1 "#4" 10.29 0.71 4.79 22.9441 5 0 358.648 5 -1 4.64
"12" "Jets D/ST" "0.38-10.12" 25.88 1.7 0.76 0.66 0 0.18 "#4" 10.12 0.38 4.87 23.7169 5 0 364.576 5 -1 4.62
"17" "Jets D/ST" "0.38-10.12" 25.88 1.7 0.76 0.66 0 0.18 "#4" 10.12 0.38 4.87 23.7169 5 0 364.576 5 -1 4.62
"9" "Packers D/ST" "-0.10-11.70" 27.87 2.57 0.63 0.87 0.03 0.16 "#4" 11.7 -0.1 5.9 34.81 6 -1 374.924 5 -1 4.59
"14" "Packers D/ST" "-0.70-13.08" 26.64 1.75 1.06 0.72 0.04 0.2 "#6" 13.08 -0.7 6.89 47.4721 6 -1 368.528 5 -1 4.59
"2" "Jaguars D/ST" "0.15-11.33" 27.61 2.02 1 0.7 0.04 0.18 "#4" 11.33 0.15 5.59 31.2481 6 -1 373.572 5 -1 4.58
"14" "Ravens D/ST" "0.66-11.80" 27.25 2.31 0.82 0.62 0.02 0.22 "#1" 11.8 0.66 5.57 31.0249 6 -1 371.7 5 -1 4.55
"17" "Cardinals D/ST" "0.64-11.40" 23.33 1.98 0.86 0.52 0.04 0.12 "#13" 11.4 0.64 5.38 28.9444 5 0 351.316 5 -1 4.54
"16" "Eagles D/ST" "0.55-9.95" 25.9 1.94 0.82 0.52 0.04 0.14 "#16" 9.95 0.55 4.7 22.09 5 0 364.68 5 -1 4.54
"9" "Browns D/ST" "-0.34-11.92" 28.54 2.27 0.85 0.73 0.05 0.16 "#1" 11.92 -0.34 6.13 37.5769 6 -1 378.408 5 -1 4.49
"17" "Jaguars D/ST" "-0.13-10.91" 25.89 1.73 0.9 0.52 0.04 0.14 "#16" 10.91 -0.13 5.52 30.4704 5 0 364.628 5 -1 4.49
"13" "Jets D/ST" "-0.04-11.68" 23.61 2.05 0.72 0.6 0 0.12 "#21" 11.68 -0.04 5.86 34.3396 5 0 352.772 5 -1 4.41
"8" "Bills D/ST" "-1.12-11.32" 30.37 2.57 0.79 0.65 0.08 0.13 "#4" 11.32 -1.12 6.22 38.6884 6 -1 387.924 5 -1 4.39
"12" "Giants D/ST" "0.15-10.31" 25.78 1.92 0.84 0.58 0.02 0.08 "#18" 10.31 0.15 5.08 25.8064 5 0 364.056 5 -1 4.28
"15" "Giants D/ST" "0.93-10.73" 26.64 2.22 0.7 0.68 0.04 0.2 "#21" 10.73 0.93 4.9 24.01 6 -1 368.528 5 -1 4.26
"14" "Chiefs D/ST" "1.01-10.51" 26.96 2.34 0.92 0.66 0 0.12 "#12" 10.51 1.01 4.75 22.5625 6 -1 370.192 5 -1 4.22
"12" "Titans D/ST" "-0.13-9.89" 25.46 2.04 0.62 0.46 0.02 0.16 "#16" 9.89 -0.13 5.01 25.1001 5 0 362.392 5 -1 4.2
"2" "Giants D/ST" "0.36-9.62" 25.4 2.1 0.78 0.4 0 0.12 "#22" 9.62 0.36 4.63 21.4369 5 0 362.08 5 -1 4.18
"13" "Chargers D/ST" "0.57-10.05" 27.67 1.96 0.92 0.6 0.04 0.18 "#5" 10.05 0.57 4.74 22.4676 6 -1 373.884 5 -1 4.16
"10" "Seahawks D/ST" "-1.02-11.48" 28.32 2.72 0.88 0.65 0 0.06 "#2" 11.48 -1.02 6.25 39.0625 6 -1 377.264 5 -1 4.14
"2" "49ers D/ST" "0.12-8.82" 26.26 1.75 0.78 0.6 0 0.1 "#14" 8.82 0.12 4.35 18.9225 5 0 366.552 5 -1 4.11
"16" "Lions D/ST" "1.54-9.74" 27.02 1.91 0.88 0.72 0.02 0.16 "#20" 9.74 1.54 4.1 16.81 6 -1 370.504 5 -1 4.11
"15" "Steelers D/ST" "-0.26-9.88" 24.39 1.62 0.94 0.42 0.02 0.12 "#4" 9.88 -0.26 5.07 25.7049 5 0 356.828 5 -1 4.1
"12" "Broncos D/ST" "0.44-10.52" 26.7 2.07 1 0.5 0.02 0.16 "#5" 10.52 0.44 5.04 25.4016 6 -1 368.84 5 -1 4.07
"14" "Rams D/ST" "-0.42-9.94" 31.89 1.64 0.82 0.52 0.02 0.28 "#8" 9.94 -0.42 5.18 26.8324 6 -1 395.828 5 -1 4.04
"1" "Colts D/ST" "-0.42-9.68" 26.32 1.78 0.86 0.42 0.04 0.1 "#19" 9.68 -0.42 5.05 25.5025 5 0 366.864 5 -1 4.02
"14" "Jaguars D/ST" "0.17-10.73" 23.46 1.86 0.68 0.48 0 0.14 "#21" 10.73 0.17 5.28 27.8784 5 0 351.992 5 -1 4.02
"3" "Lions D/ST" "-0.68-11.68" 27.95 1.78 0.93 0.77 0.03 0.13 "#4" 11.68 -0.68 6.18 38.1924 6 -1 375.34 5 -1 4.02
"16" "Ravens D/ST" "0.06-10.82" 28.13 1.82 0.84 0.62 0.02 0.2 "#7" 10.82 0.06 5.38 28.9444 6 -1 376.276 5 -1 3.98
"11" "Rams D/ST" "-0.68-13.76" 33.69 2.3 1.08 0.74 0.03 0.33 "#1" 13.76 -0.68 7.22 52.1284 6 -1 405.188 6 -3 3.98
"12" "Dolphins D/ST" "-0.04-10.68" 27.73 2.24 0.88 0.5 0 0.16 "#11" 10.68 -0.04 5.36 28.7296 6 -1 374.196 5 -1 3.96
"2" "Packers D/ST" "0.43-10.53" 27.56 1.8 0.72 0.7 0.06 0.2 "#20" 10.53 0.43 5.05 25.5025 6 -1 373.312 5 -1 3.96
"14" "Bears D/ST" "0.56-9.52" 29.86 2.3 0.8 0.58 0.02 0.14 "#2" 9.52 0.56 4.48 20.0704 6 -1 385.272 5 -1 3.94
"12" "Seahawks D/ST" "0.54-10.54" 26.82 2.14 0.88 0.5 0.02 0.16 "#10" 10.54 0.54 5 25 6 -1 369.464 5 -1 3.9
"2" "Bills D/ST" "0.65-9.45" 27.63 1.88 0.88 0.54 0.04 0.18 "#7" 9.45 0.65 4.4 19.36 6 -1 373.676 5 -1 3.88
"16" "Giants D/ST" "-0.83-9.43" 26.4 1.72 0.78 0.36 0.02 0.14 "#11" 9.43 -0.83 5.13 26.3169 5 0 367.28 5 -1 3.88
"13" "49ers D/ST" "0.59-9.65" 28.53 2.42 0.68 0.62 0.04 0.12 "#13" 9.65 0.59 4.53 20.5209 6 -1 378.356 5 -1 3.82
"15" "49ers D/ST" "0.59-9.65" 28.53 2.42 0.68 0.62 0.04 0.12 "#13" 9.65 0.59 4.53 20.5209 6 -1 378.356 5 -1 3.82
"14" "Saints D/ST" "-0.01-10.53" 26.77 1.82 0.7 0.62 0 0.22 "#15" 10.53 -0.01 5.27 27.7729 6 -1 369.204 5 -1 3.78
"6" "Chiefs D/ST" "-1.40-13.02" 34.44 2.25 0.96 0.8 0 0.33 "#4" 13.02 -1.4 7.21 51.9841 6 -1 409.088 6 -3 3.75
"12" "Raiders D/ST" "0.04-9.70" 29.24 1.74 0.98 0.48 0 0.18 "#12" 9.7 0.04 4.83 23.3289 6 -1 382.048 5 -1 3.74
"2" "Buccaneers D/ST" "-0.10-10.24" 27.35 1.98 0.72 0.64 0.04 0.16 "#18" 10.24 -0.1 5.17 26.7289 6 -1 372.22 5 -1 3.74
"10" "Cardinals D/ST" "-1.14-9.76" 30.89 2.49 0.65 0.76 0.03 0.06 "#1" 9.76 -1.14 5.45 29.7025 6 -1 390.628 5 -1 3.73
"3" "Bills D/ST" "-0.91-11.17" 27.26 1.98 0.72 0.79 0.04 0.1 "#20" 11.17 -0.91 6.04 36.4816 6 -1 371.752 5 -1 3.68
"10" "Dolphins D/ST" "-0.93-11.81" 26.61 2.08 0.75 0.49 0.02 0.18 "#9" 11.81 -0.93 6.37 40.5769 6 -1 368.372 5 -1 3.68
"17" "Falcons D/ST" "0.17-8.65" 28.47 1.78 0.76 0.66 0 0.14 "#15" 8.65 0.17 4.24 17.9776 6 -1 378.044 5 -1 3.46
"13" "Rams D/ST" "0.35-9.11" 28.09 1.88 0.74 0.5 0 0.18 "#14" 9.11 0.35 4.38 19.1844 6 -1 376.068 5 -1 3.44
"10" "Lions D/ST" "-0.25-12.17" 32.69 2.4 0.84 1.04 0.09 0.18 "#8" 12.17 -0.25 6.21 38.5641 6 -1 399.988 6 -3 3.42
"13" "Panthers D/ST" "-0.83-10.71" 26.7 1.84 0.76 0.46 0.04 0.16 "#15" 10.71 -0.83 5.77 33.2929 6 -1 368.84 5 -1 3.32
"12" "Saints D/ST" "-0.98-9.62" 28.56 1.44 0.7 0.54 0.04 0.22 "#6" 9.62 -0.98 5.3 28.09 6 -1 378.512 5 -1 3.32
"16" "Buccaneers D/ST" "-0.45-9.63" 28.53 1.98 0.72 0.42 0.04 0.16 "#22" 9.63 -0.45 5.04 25.4016 6 -1 378.356 5 -1 3.3
"16" "Chiefs D/ST" "-1.53-10.67" 29.91 1.76 0.7 0.56 0.02 0.16 "#13" 10.67 -1.53 6.1 37.21 6 -1 385.532 5 -1 3.28
"1" "Texans D/ST" "-1.11-9.47" 29.36 2.11 0.62 0.59 0.07 0.1 "#4" 9.47 -1.11 5.29 27.9841 6 -1 382.672 5 -1 3.27
"17" "Bengals D/ST" "-1.25-8.79" 30.78 1.64 0.76 0.54 0.02 0.16 "#5" 8.79 -1.25 5.02 25.2004 6 -1 390.056 5 -1 3.24
"9" "Buccaneers D/ST" "-1.16-12.58" 33.71 2.8 0.66 0.96 0.06 0.18 "#10" 12.58 -1.16 6.87 47.1969 6 -1 405.292 6 -3 3.24
"16" "Panthers D/ST" "-1.64-11.04" 27.6 1.44 0.84 0.52 0 0.18 "#6" 11.04 -1.64 6.34 40.1956 6 -1 373.52 5 -1 3.24
"17" "Buccaneers D/ST" "-1.38-8.68" 31.72 1.57 0.64 0.72 0.04 0.14 "#6" 8.68 -1.38 5.03 25.3009 6 -1 394.944 5 -1 3.21
"13" "Steelers D/ST" "-0.98-8.92" 29.76 2.12 0.64 0.44 0.02 0.14 "#7" 8.92 -0.98 4.95 24.5025 6 -1 384.752 5 -1 3.16
"15" "Chargers D/ST" "-1.92-9.46" 30.36 1.81 0.78 0.56 0.02 0.1 "#1" 9.46 -1.92 5.69 32.3761 6 -1 387.872 5 -1 3.13
"12" "Panthers D/ST" "-0.94-8.38" 29.62 2.12 0.54 0.62 0.02 0.1 "#13" 8.38 -0.94 4.66 21.7156 6 -1 384.024 5 -1 3.08
"15" "Patriots D/ST" "-0.12-8.44" 28.46 1.48 0.82 0.48 0.08 0.14 "#5" 8.44 -0.12 4.28 18.3184 6 -1 377.992 5 -1 3.08
"16" "Cardinals D/ST" "-0.67-7.83" 31.7 2.04 0.62 0.58 0 0.1 "#2" 7.83 -0.67 4.25 18.0625 6 -1 394.84 5 -1 3.04
"2" "Colts D/ST" "-0.31-8.83" 27.83 1.56 0.82 0.62 0 0.1 "#25" 8.83 -0.31 4.57 20.8849 6 -1 374.716 5 -1 3.04
"15" "Raiders D/ST" "-0.41-8.49" 29.78 1.52 0.8 0.52 0 0.14 "#19" 8.49 -0.41 4.45 19.8025 6 -1 384.856 5 -1 3
"16" "Saints D/ST" "-1.50-8.90" 30.31 1.42 0.76 0.44 0.04 0.18 "#5" 8.9 -1.5 5.2 27.04 6 -1 387.612 5 -1 2.98
"2" "Chiefs D/ST" "-1.05-8.65" 29.79 1.4 0.82 0.62 0.04 0.1 "#5" 8.65 -1.05 4.85 23.5225 6 -1 384.908 5 -1 2.96
"10" "Raiders D/ST" "-1.91-12.05" 33.91 2.06 0.84 0.94 0.03 0.21 "#7" 12.05 -1.91 6.98 48.7204 6 -1 406.332 6 -3 2.94
"16" "Raiders D/ST" "-0.57-7.31" 31.95 2.04 0.58 0.5 0.06 0.1 "#17" 7.31 -0.57 3.94 15.5236 6 -1 396.14 5 -1 2.92
"15" "Saints D/ST" "-1.43-8.97" 30.33 2 0.66 0.48 0.02 0.1 "#10" 8.97 -1.43 5.2 27.04 6 -1 387.716 5 -1 2.92
"17" "Saints D/ST" "-1.43-8.97" 30.33 2 0.66 0.48 0.02 0.1 "#10" 8.97 -1.43 5.2 27.04 6 -1 387.716 5 -1 2.92
"12" "Cardinals D/ST" "0.24-7.42" 30.19 2.02 0.58 0.54 0 0.1 "#7" 7.42 0.24 3.59 12.8881 6 -1 386.988 5 -1 2.86
"14" "Falcons D/ST" "-0.87-7.39" 31.46 1.53 0.84 0.32 0.02 0.16 "#9" 7.39 -0.87 4.13 17.0569 6 -1 393.592 5 -1 2.85
"1" "49ers D/ST" "-0.12-8.04" 28.39 1.66 0.64 0.68 0.02 0.08 "#20" 8.04 -0.12 4.08 16.6464 6 -1 377.628 5 -1 2.82
"13" "Falcons D/ST" "-0.84-7.94" 30.14 1.66 0.78 0.42 0.02 0.12 "#12" 7.94 -0.84 4.39 19.2721 6 -1 386.728 5 -1 2.82
"12" "Lions D/ST" "-1.00-7.42" 31.59 1.84 0.46 0.74 0.02 0.08 "#8" 7.42 -1 4.21 17.7241 6 -1 394.268 5 -1 2.76
"14" "Dolphins D/ST" "-1.12-7.56" 32.51 1.72 0.62 0.58 0.02 0.1 "#4" 7.56 -1.12 4.34 18.8356 6 -1 399.052 5 -1 2.76
"16" "Steelers D/ST" "-1.26-7.92" 30.35 2.06 0.56 0.36 0.02 0.12 "#3" 7.92 -1.26 4.59 21.0681 6 -1 387.82 5 -1 2.66
"15" "Packers D/ST" "-1.52-8.68" 31.13 1.6 0.6 0.46 0.04 0.14 "#8" 8.68 -1.52 5.1 26.01 6 -1 391.876 5 -1 2.64
"17" "Broncos D/ST" "-0.82-6.98" 31.57 1.68 0.7 0.4 0.02 0.12 "#7" 6.98 -0.82 3.9 15.21 6 -1 394.164 5 -1 2.64
"1" "Buccaneers D/ST" "-1.98-8.48" 31.37 1.42 0.62 0.54 0.02 0.14 "#3" 8.48 -1.98 5.23 27.3529 6 -1 393.124 5 -1 2.62
"13" "Giants D/ST" "0.15-6.93" 29.56 2.18 0.36 0.46 0.02 0.12 "#8" 6.93 0.15 3.39 11.4921 6 -1 383.712 5 -1 2.58
"7" "Titans D/ST" "-1.79-14.51" 35.26 3.01 0.91 0.98 0.07 0.27 "#7" 14.51 -1.79 8.15 66.4225 7 -3 413.352 6 -3 2.55
"14" "Colts D/ST" "-0.90-8.60" 28.14 1.82 0.62 0.38 0.06 0.1 "#16" 8.6 -0.9 4.75 22.5625 6 -1 376.328 5 -1 2.54
"16" "49ers D/ST" "-0.15-6.55" 30.73 2.12 0.52 0.52 0.04 0.04 "#8" 6.55 -0.15 3.35 11.2225 6 -1 389.796 5 -1 2.52
"14" "Raiders D/ST" "-0.58-7.48" 29.66 1.5 0.68 0.5 0.02 0.1 "#5" 7.48 -0.58 4.03 16.2409 6 -1 384.232 5 -1 2.5
"17" "Lions D/ST" "-1.34-7.88" 30.64 1.45 0.67 0.44 0.04 0.12 "#9" 7.88 -1.34 4.61 21.2521 6 -1 389.328 5 -1 2.47
"16" "Seahawks D/ST" "-1.10-6.98" 31.47 1.94 0.46 0.5 0 0.1 "#1" 6.98 -1.1 4.04 16.3216 6 -1 393.644 5 -1 2.46
"13" "Cowboys D/ST" "-1.87-9.19" 28.23 1.61 0.68 0.38 0 0.1 "#3" 9.19 -1.87 5.53 30.5809 6 -1 376.796 5 -1 2.33
"9" "Saints D/ST" "-4.68-17.30" 34.6 3.47 1.04 1.19 0 0.05 "#2" 17.3 -4.68 10.99 120.7801 7 -3 409.92 6 -3 2.23
"15" "Eagles D/ST" "-1.07-7.05" 30.36 1.95 0.5 0.4 0.02 0.06 "#2" 7.05 -1.07 4.06 16.4836 6 -1 387.872 5 -1 2.15
"1" "Browns D/ST" "-1.42-7.00" 32.24 1.4 0.48 0.56 0 0.1 "#5" 7 -1.42 4.21 17.7241 6 -1 397.648 5 -1 2.08
"1" "Raiders D/ST" "-0.79-7.99" 28.09 1.52 0.52 0.4 0 0.12 "#2" 7.99 -0.79 4.39 19.2721 6 -1 376.068 5 -1 2.08
"11" "Chiefs D/ST" "-1.96-13.16" 37.51 2.13 1.02 0.79 0 0.34 "#2" 13.16 -1.96 7.56 57.1536 7 -3 425.052 6 -3 1.79
"7" "49ers D/ST" "-2.90-14.08" 34.55 3.49 1.16 0.73 0.03 0.06 "#2" 14.08 -2.9 8.49 72.0801 7 -3 409.66 6 -3 1.69
"14" "Bengals D/ST" "-1.68-8.20" 33.59 1.42 0.64 0.54 0.02 0.2 "#7" 8.2 -1.68 4.94 24.4036 6 -1 404.668 6 -3 1.02
"8" "Packers D/ST" "-2.25-11.95" 35.35 2.79 0.85 0.73 0.03 0.16 "#2" 11.95 -2.25 7.1 50.41 7 -3 413.82 6 -3 0.97
"16" "Falcons D/ST" "-1.15-7.05" 33.14 1.48 0.52 0.66 0.04 0.12 "#10" 7.05 -1.15 4.1 16.81 6 -1 402.328 6 -3 0.64
"13" "Lions D/ST" "-2.39-6.29" 34.09 1.24 0.48 0.5 0.02 0.12 "#2" 6.29 -2.39 4.34 18.8356 6 -1 407.268 6 -3 -0.0400000000000003
"13" "Raiders D/ST" "-2.74-6.98" 33.27 1.16 0.56 0.44 0.04 0.12 "#1" 6.98 -2.74 4.86 23.6196 6 -1 403.004 6 -3 -0.0400000000000003
"17" "Raiders D/ST" "-2.74-6.98" 33.27 1.16 0.56 0.44 0.04 0.12 "#1" 6.98 -2.74 4.86 23.6196 6 -1 403.004 6 -3 -0.0400000000000003
"2" "Browns D/ST" "-2.64-6.62" 34.48 1.34 0.48 0.54 0 0.08 "#3" 6.62 -2.64 4.63 21.4369 6 -1 409.296 6 -3 -0.14
"15" "Chiefs D/ST" "-2.45-7.49" 36.76 1.36 0.64 0.54 0 0.2 "#7" 7.49 -2.45 4.97 24.7009 7 -3 421.152 6 -3 -1.08
"15" "Panthers D/ST" "-1.29-5.09" 35.29 1.29 0.48 0.46 0 0.18 "#3" 5.09 -1.29 3.19 10.1761 7 -3 413.508 6 -3 -1.75
"17" "Panthers D/ST" "-1.29-5.09" 35.29 1.29 0.48 0.46 0 0.18 "#3" 5.09 -1.29 3.19 10.1761 7 -3 413.508 6 -3 -1.75
"12" "Falcons D/ST" "-1.97-6.19" 34.63 1.24 0.52 0.56 0.04 0.12 "#3" 6.19 -1.97 4.08 16.6464 7 -3 410.076 6 -3 -1.8
"13" "Buccaneers D/ST" "-2.30-6.38" 34.94 1.48 0.44 0.52 0.04 0.12 "#10" 6.38 -2.3 4.34 18.8356 7 -3 411.688 6 -3 -1.8
"17" "49ers D/ST" "-2.40-5.88" 35.11 1.87 0.48 0.46 0 0.04 "#2" 5.88 -2.4 4.14 17.1396 7 -3 412.572 6 -3 -2.01
"14" "Buccaneers D/ST" "-2.87-5.21" 36.41 1.27 0.42 0.48 0 0.1 "#3" 5.21 -2.87 4.04 16.3216 7 -3 419.332 6 -3 -2.33
