"Week" "Player" "range" "pts_all" "sacks" "INT" "fum" "SAF" "TD" "rnk" "max" "min" "std" "Var" "pts_all_grp" "pts_all_score" "yrds_est" "yrds_all_grp" "yrds_all_score" "Full_Proj"
"17" "Ravens D/ST" "5.26-20.72" 13.06 3.26 1.44 0.66 0.12 0.38 "#30" 20.72 5.26 7.73 59.7529 3 3 297.912 3 2 14.98
"12" "Jaguars D/ST" "4.30-21.18" 12.06 3.32 1.14 0.78 0.04 0.34 "#32" 21.18 4.3 8.44 71.2336 3 3 292.712 3 2 14.28
"3" "Vikings D/ST" "4.71-16.87" 12.51 2.32 0.89 0.71 0.05 0.32 "#32" 16.87 4.71 6.08 36.9664 3 3 295.052 3 2 12.54
"2" "Rams D/ST" "6.96-19.84" 15.35 3.54 1.5 0.92 0.04 0.42 "#31" 19.84 6.96 6.44 41.4736 4 1 309.82 4 0 11.98
"1" "Ravens D/ST" "6.47-17.25" 16.72 3.11 1.56 0.66 0.1 0.35 "#32" 17.25 6.47 5.39 29.0521 4 1 316.944 4 0 10.85
"17" "Seahawks D/ST" "4.99-19.75" 14.01 3.08 1.16 1.12 0.06 0.32 "#31" 19.75 4.99 7.38 54.4644 4 1 302.852 4 0 10.68
"1" "Jaguars D/ST" "5.18-19.26" 14.21 3.18 1.24 0.76 0.08 0.34 "#21" 19.26 5.18 7.04 49.5616 4 1 303.892 4 0 10.38
"10" "Jets D/ST" "4.68-17.78" 16.71 3.24 1.25 1.02 0.02 0.24 "#32" 17.78 4.68 6.55 42.9025 4 1 316.892 4 0 10.26
"14" "Jets D/ST" "4.68-17.78" 16.71 3.24 1.25 1.02 0.02 0.24 "#32" 17.78 4.68 6.55 42.9025 4 1 316.892 4 0 10.26
"5" "Ravens D/ST" "4.18-12.00" 13.34 1.66 0.7 0.45 0.04 0.2 "#30" 12 4.18 3.91 15.2881 3 3 299.368 3 2 10.24
"9" "Bears D/ST" "5.45-18.43" 13.83 3.02 1.2 0.86 0.02 0.32 "#32" 18.43 5.45 6.49 42.1201 4 1 301.916 4 0 10.1
"12" "Ravens D/ST" "3.20-18.56" 16.91 2.56 1.24 0.8 0.04 0.36 "#23" 18.56 3.2 7.68 58.9824 4 1 317.932 4 0 9.88
"11" "Cardinals D/ST" "4.85-17.31" 17.72 2.62 1.54 0.68 0.08 0.4 "#23" 17.31 4.85 6.23 38.8129 5 0 322.144 4 0 9.62
"1" "Vikings D/ST" "4.09-18.43" 15.49 2.9 1.18 0.72 0.04 0.3 "#25" 18.43 4.09 7.17 51.4089 4 1 310.548 4 0 9.58
"15" "Cowboys D/ST" "2.57-18.23" 16.95 2.75 1.28 0.86 0.02 0.24 "#20" 18.23 2.57 7.83 61.3089 4 1 318.14 4 0 9.51
"16" "Rams D/ST" "4.13-16.73" 16.51 2.78 1.2 0.86 0.06 0.24 "#31" 16.73 4.13 6.3 39.69 4 1 315.852 4 0 9.46
"1" "Seahawks D/ST" "4.13-16.29" 16.34 3.02 1.16 0.72 0.02 0.26 "#11" 16.29 4.13 6.08 36.9664 4 1 314.968 4 0 9.38
"14" "Jaguars D/ST" "3.45-18.03" 15.45 2.7 1.1 0.76 0.06 0.28 "#28" 18.03 3.45 7.29 53.1441 4 1 310.34 4 0 9.22
"1" "Redskins D/ST" "4.97-16.75" 17.6 2.79 1.46 0.53 0.02 0.37 "#31" 16.75 4.97 5.89 34.6921 5 0 321.52 4 0 9.03
"2" "Seahawks D/ST" "3.37-15.73" 16.85 3.1 1.16 0.8 0.02 0.14 "#12" 15.73 3.37 6.18 38.1924 4 1 317.62 4 0 8.9
"13" "Bears D/ST" "4.23-14.63" 17.42 2.68 1.2 0.64 0.1 0.22 "#21" 14.63 4.23 5.2 27.04 4 1 320.584 4 0 8.88
"12" "Bills D/ST" "3.99-16.23" 19.36 2.72 1.48 0.66 0.1 0.28 "#29" 16.23 3.99 6.12 37.4544 5 0 330.672 4 0 8.88
"6" "Texans D/ST" "2.09-16.65" 22.94 3.4 0.95 1.05 0.02 0.24 "#32" 16.65 2.09 7.28 52.9984 5 0 349.288 4 0 8.88
"17" "Steelers D/ST" "2.29-16.63" 22.09 2.54 1.28 0.76 0.04 0.36 "#4" 16.63 2.29 7.17 51.4089 5 0 344.868 4 0 8.86
"9" "Jets D/ST" "4.00-14.90" 17.43 2.56 1.18 0.72 0.08 0.22 "#26" 14.9 4 5.45 29.7025 4 1 320.636 4 0 8.84
"2" "Texans D/ST" "2.99-16.23" 22.84 3.42 1.22 1.08 0.04 0.12 "#28" 16.23 2.99 6.62 43.8244 5 0 348.768 4 0 8.82
"10" "Chargers D/ST" "3.52-16.58" 19.96 2.08 1.28 0.82 0.04 0.4 "#23" 16.58 3.52 6.53 42.6409 5 0 333.792 4 0 8.76
"13" "Packers D/ST" "3.06-16.82" 19.66 2.55 1.3 1 0.02 0.26 "#31" 16.82 3.06 6.88 47.3344 5 0 332.232 4 0 8.75
"2" "Broncos D/ST" "2.66-15.96" 21.88 2.86 1.08 0.66 0.06 0.38 "#23" 15.96 2.66 6.65 44.2225 5 0 343.776 4 0 8.74
"8" "Bears D/ST" "3.76-15.98" 16.14 2.76 0.88 0.98 0.02 0.2 "#27" 15.98 3.76 6.11 37.3321 4 1 313.928 4 0 8.72
"13" "Dolphins D/ST" "3.43-17.83" 18 2.63 1.24 0.74 0.04 0.34 "#32" 17.83 3.43 7.2 51.84 5 0 323.6 4 0 8.71
"17" "Dolphins D/ST" "3.43-17.83" 18 2.63 1.24 0.74 0.04 0.34 "#32" 17.83 3.43 7.2 51.84 5 0 323.6 4 0 8.71
"2" "Chargers D/ST" "1.37-17.85" 19.46 2.77 1.42 0.88 0.09 0.19 "#32" 17.85 1.37 8.24 67.8976 5 0 331.192 4 0 8.69
"12" "Chargers D/ST" "3.22-14.94" 17.33 3.06 0.84 0.6 0.02 0.28 "#31" 14.94 3.22 5.86 34.3396 4 1 320.116 4 0 8.66
"2" "Saints D/ST" "3.61-15.35" 17.02 2.27 1.17 0.68 0.02 0.27 "#30" 15.35 3.61 5.87 34.4569 4 1 318.504 4 0 8.63
"15" "Bills D/ST" "3.80-15.68" 19.26 2.49 1.5 0.7 0.02 0.28 "#17" 15.68 3.8 5.94 35.2836 5 0 330.152 4 0 8.61
"10" "Jaguars D/ST" "3.93-16.81" 17.83 2.92 1.16 0.92 0.1 0.22 "#20" 16.81 3.93 6.44 41.4736 5 0 322.716 4 0 8.6
"13" "Jaguars D/ST" "3.93-16.81" 17.83 2.92 1.16 0.92 0.1 0.22 "#20" 16.81 3.93 6.44 41.4736 5 0 322.716 4 0 8.6
"3" "Jaguars D/ST" "5.28-14.44" 15.14 2.57 1.17 0.49 0.03 0.27 "#28" 14.44 5.28 4.58 20.9764 4 1 308.728 4 0 8.57
"10" "Chiefs D/ST" "4.23-15.63" 19.86 2.78 1.18 0.8 0.06 0.28 "#31" 15.63 4.23 5.7 32.49 5 0 333.272 4 0 8.54
"9" "Steelers D/ST" "3.43-15.43" 21.63 2.48 1.26 0.86 0.06 0.28 "#8" 15.43 3.43 6 36 5 0 342.476 4 0 8.52
"2" "Lions D/ST" "2.72-15.64" 21.36 2.12 1.4 0.68 0.04 0.36 "#25" 15.64 2.72 6.46 41.7316 5 0 341.072 4 0 8.52
"12" "Eagles D/ST" "4.21-14.13" 19.81 2.8 1.44 0.74 0 0.22 "#21" 14.13 4.21 4.96 24.6016 5 0 333.012 4 0 8.48
"14" "Steelers D/ST" "4.47-14.85" 20.21 2.76 1.2 0.96 0.06 0.2 "#23" 14.85 4.47 5.19 26.9361 5 0 335.092 4 0 8.4
"14" "Panthers D/ST" "3.66-15.18" 19.99 2.5 1.16 0.62 0.02 0.38 "#30" 15.18 3.66 5.76 33.1776 5 0 333.948 4 0 8.38
"4" "Packers D/ST" "1.43-15.97" 22.29 2.78 1.07 0.87 0.07 0.26 "#32" 15.97 1.43 7.27 52.8529 5 0 345.908 4 0 8.36
"8" "Eagles D/ST" "3.46-14.76" 21.02 2.5 1.32 0.72 0.04 0.28 "#29" 14.76 3.46 5.65 31.9225 5 0 339.304 4 0 8.34
"16" "Jaguars D/ST" "4.08-16.36" 18.15 2.86 0.86 0.94 0.04 0.3 "#26" 16.36 4.08 6.14 37.6996 5 0 324.38 4 0 8.34
"2" "Jets D/ST" "4.33-14.41" 15.78 2.58 1.1 0.72 0.02 0.18 "#26" 14.41 4.33 5.04 25.4016 4 1 312.056 4 0 8.34
"9" "Vikings D/ST" "2.20-15.00" 22.85 2.62 1.08 0.82 0 0.32 "#17" 15 2.2 6.4 40.96 5 0 348.82 4 0 8.34
"16" "Vikings D/ST" "2.20-15.00" 22.85 2.62 1.08 0.82 0 0.32 "#17" 15 2.2 6.4 40.96 5 0 348.82 4 0 8.34
"15" "Jaguars D/ST" "3.71-15.07" 16.91 2.42 1.04 0.8 0.06 0.18 "#22" 15.07 3.71 5.68 32.2624 4 1 317.932 4 0 8.3
"13" "Jets D/ST" "3.42-14.74" 17.03 2.38 1.04 0.96 0.04 0.14 "#28" 14.74 3.42 5.66 32.0356 4 1 318.556 4 0 8.3
"2" "Redskins D/ST" "2.66-14.82" 21.72 2.12 1.36 0.7 0.04 0.32 "#20" 14.82 2.66 6.08 36.9664 5 0 342.944 4 0 8.24
"3" "Bears D/ST" "3.72-14.46" 16.01 2.44 1.09 0.49 0.02 0.26 "#31" 14.46 3.72 5.37 28.8369 4 1 313.252 4 0 8.2
"8" "Ravens D/ST" "2.25-16.25" 20.12 2.68 0.98 0.92 0.08 0.26 "#16" 16.25 2.25 7 49 5 0 334.624 4 0 8.2
"7" "Colts D/ST" "1.91-15.61" 20.87 2.51 1.13 0.76 0.04 0.3 "#32" 15.61 1.91 6.85 46.9225 5 0 338.524 4 0 8.17
"2" "Vikings D/ST" "2.99-16.13" 18.67 2.35 1.34 0.8 0.04 0.24 "#13" 16.13 2.99 6.57 43.1649 5 0 327.084 4 0 8.15
"4" "Jaguars D/ST" "4.01-14.65" 15.29 2.5 1.06 0.61 0.02 0.21 "#27" 14.65 4.01 5.32 28.3024 4 1 309.508 4 0 8.14
"13" "Seahawks D/ST" "3.06-16.74" 18.42 2.58 1.18 0.9 0.04 0.22 "#25" 16.74 3.06 6.84 46.7856 5 0 325.784 4 0 8.14
"15" "Seahawks D/ST" "3.06-16.74" 18.42 2.58 1.18 0.9 0.04 0.22 "#25" 16.74 3.06 6.84 46.7856 5 0 325.784 4 0 8.14
"1" "Steelers D/ST" "3.28-16.28" 18.21 2.46 1.16 0.82 0.02 0.28 "#30" 16.28 3.28 6.5 42.25 5 0 324.692 4 0 8.14
"10" "Bills D/ST" "3.70-15.64" 18.86 2.59 1.08 0.96 0.06 0.22 "#27" 15.64 3.7 5.97 35.6409 5 0 328.072 4 0 8.11
"14" "Bills D/ST" "3.70-15.64" 18.86 2.59 1.08 0.96 0.06 0.22 "#27" 15.64 3.7 5.97 35.6409 5 0 328.072 4 0 8.11
"15" "Falcons D/ST" "3.39-14.39" 21.47 2.28 1.06 0.9 0.04 0.3 "#31" 14.39 3.39 5.5 30.25 5 0 341.644 4 0 8.08
"1" "Rams D/ST" "3.44-15.00" 20.04 2.72 1.18 0.8 0.04 0.22 "#23" 15 3.44 5.78 33.4084 5 0 334.208 4 0 8.08
"7" "Rams D/ST" "3.25-13.31" 22.79 2.2 1.34 0.74 0.07 0.26 "#25" 13.31 3.25 5.03 25.3009 5 0 348.508 4 0 8.06
"3" "Texans D/ST" "2.57-14.63" 22.06 2.56 0.95 0.79 0.04 0.32 "#21" 14.63 2.57 6.03 36.3609 5 0 344.712 4 0 8.04
"14" "Lions D/ST" "3.25-14.99" 20 2.28 1.2 0.77 0 0.3 "#31" 14.99 3.25 5.87 34.4569 5 0 334 4 0 8.02
"6" "Vikings D/ST" "3.70-14.88" 18.58 2.78 1.18 0.86 0.04 0.18 "#31" 14.88 3.7 5.59 31.2481 5 0 326.616 4 0 8.02
"17" "Jaguars D/ST" "3.11-16.03" 18.6 2.72 0.9 0.96 0 0.26 "#18" 16.03 3.11 6.46 41.7316 5 0 326.72 4 0 8
"1" "Jets D/ST" "0.99-16.83" 21.84 2.3 1.09 0.8 0 0.32 "#17" 16.83 0.99 7.92 62.7264 5 0 343.568 4 0 8
"9" "Chiefs D/ST" "2.14-14.46" 22.42 2.66 1.14 0.64 0.04 0.28 "#30" 14.46 2.14 6.16 37.9456 5 0 346.584 4 0 7.98
"8" "Cardinals D/ST" "2.66-15.28" 20.62 2.54 1.16 0.84 0.06 0.22 "#25" 15.28 2.66 6.31 39.8161 5 0 337.224 4 0 7.98
"1" "Saints D/ST" "2.89-14.39" 22.48 2.3 1.02 0.94 0.04 0.28 "#9" 14.39 2.89 5.75 33.0625 5 0 346.896 4 0 7.98
"14" "Cardinals D/ST" "3.50-14.50" 20.27 2.29 1.34 0.64 0.02 0.28 "#17" 14.5 3.5 5.5 30.25 5 0 335.404 4 0 7.97
"6" "Bears D/ST" "3.67-14.19" 16.98 2.3 0.75 0.79 0.01 0.26 "#26" 14.19 3.67 5.26 27.6676 4 1 318.296 4 0 7.96
"17" "Cowboys D/ST" "1.56-17.46" 18.51 2.63 0.88 0.86 0.08 0.28 "#21" 17.46 1.56 7.95 63.2025 5 0 326.252 4 0 7.95
"11" "Panthers D/ST" "3.71-14.51" 23.56 2.39 1.26 1.02 0.02 0.32 "#17" 14.51 3.71 5.4 29.16 5 0 352.512 5 -1 7.91
"15" "Vikings D/ST" "3.02-15.16" 18.93 2.74 0.98 0.88 0.06 0.22 "#26" 15.16 3.02 6.07 36.8449 5 0 328.436 4 0 7.9
"4" "Seahawks D/ST" "4.29-13.39" 15.66 2.24 0.94 0.67 0.02 0.23 "#31" 13.39 4.29 4.55 20.7025 4 1 311.432 4 0 7.88
"2" "Bears D/ST" "1.92-16.08" 19.47 2.38 1 0.78 0.06 0.3 "#15" 16.08 1.92 7.08 50.1264 5 0 331.244 4 0 7.86
"14" "Seahawks D/ST" "3.11-13.97" 22.51 2.4 0.96 1.08 0.02 0.22 "#14" 13.97 3.11 5.43 29.4849 5 0 347.052 4 0 7.84
"16" "Jets D/ST" "3.33-15.21" 19.68 3.13 1.13 0.7 0.04 0.16 "#13" 15.21 3.33 5.94 35.2836 5 0 332.336 4 0 7.83
"4" "Rams D/ST" "1.28-15.34" 22.92 2.5 1.2 0.63 0.02 0.27 "#14" 15.34 1.28 7.03 49.4209 5 0 349.184 4 0 7.82
"13" "Browns D/ST" "3.07-14.81" 19.63 2.56 1.12 0.64 0.08 0.26 "#18" 14.81 3.07 5.87 34.4569 5 0 332.076 4 0 7.8
"7" "Chargers D/ST" "1.86-15.06" 21.68 2.46 1.02 0.78 0.06 0.26 "#28" 15.06 1.86 6.6 43.56 5 0 342.736 4 0 7.74
"17" "Browns D/ST" "3.27-14.35" 20.08 2.48 1.26 0.58 0.06 0.24 "#8" 14.35 3.27 5.54 30.6916 5 0 334.416 4 0 7.72
"5" "Panthers D/ST" "3.73-13.83" 19.18 2.1 1.3 0.56 0.05 0.3 "#21" 13.83 3.73 5.05 25.5025 5 0 329.736 4 0 7.72
"5" "49ers D/ST" "3.00-13.78" 21.45 2.58 0.92 0.77 0.02 0.28 "#31" 13.78 3 5.39 29.0521 5 0 341.54 4 0 7.68
"16" "Broncos D/ST" "2.77-14.27" 19.79 2.68 0.94 0.72 0 0.28 "#23" 14.27 2.77 5.75 33.0625 5 0 332.908 4 0 7.68
"13" "Eagles D/ST" "2.65-14.73" 20.56 2.84 1.2 0.64 0.02 0.18 "#22" 14.73 2.65 6.04 36.4816 5 0 336.912 4 0 7.64
"17" "Eagles D/ST" "2.65-14.73" 20.56 2.84 1.2 0.64 0.02 0.18 "#22" 14.73 2.65 6.04 36.4816 5 0 336.912 4 0 7.64
"11" "Seahawks D/ST" "4.12-13.02" 20.92 2.83 1.03 0.8 0.02 0.18 "#13" 13.02 4.12 4.45 19.8025 5 0 338.784 4 0 7.61
"2" "Bengals D/ST" "2.91-14.19" 19.99 2.4 1.14 0.66 0.02 0.26 "#8" 14.19 2.91 5.64 31.8096 5 0 333.948 4 0 7.6
"11" "Steelers D/ST" "4.18-13.92" 18.74 2.84 1.2 0.62 0.06 0.16 "#29" 13.92 4.18 4.87 23.7169 5 0 327.448 4 0 7.56
"1" "Titans D/ST" "3.59-14.83" 17.91 2.76 0.86 0.78 0.04 0.24 "#26" 14.83 3.59 5.62 31.5844 5 0 323.132 4 0 7.56
"6" "Packers D/ST" "1.53-16.15" 23.83 2.56 1.52 0.9 0.03 0.18 "#25" 16.15 1.53 7.31 53.4361 5 0 353.916 5 -1 7.54
"1" "Patriots D/ST" "2.39-13.99" 21.84 2.42 1.12 0.7 0.02 0.24 "#18" 13.99 2.39 5.8 33.64 5 0 343.568 4 0 7.54
"3" "Chiefs D/ST" "1.66-13.94" 22.72 2.41 1.07 0.66 0.04 0.26 "#25" 13.94 1.66 6.14 37.6996 5 0 348.144 4 0 7.51
"16" "Dolphins D/ST" "2.21-13.95" 21.59 2.92 0.88 0.76 0.04 0.2 "#29" 13.95 2.21 5.87 34.4569 5 0 342.268 4 0 7.48
"5" "Rams D/ST" "2.54-13.94" 20.34 2.14 1.26 0.71 0.04 0.22 "#15" 13.94 2.54 5.7 32.49 5 0 335.768 4 0 7.48
"4" "Chargers D/ST" "0.96-16.42" 24.07 3.22 1.34 0.55 0.03 0.23 "#25" 16.42 0.96 7.73 59.7529 5 0 355.164 5 -1 7.44
"6" "Rams D/ST" "2.86-13.60" 21.09 2.1 1.3 0.61 0.1 0.22 "#11" 13.6 2.86 5.37 28.8369 5 0 339.668 4 0 7.44
"15" "Browns D/ST" "2.49-14.75" 19.51 2.34 1.3 0.64 0.06 0.18 "#11" 14.75 2.49 6.13 37.5769 5 0 331.452 4 0 7.42
"17" "Rams D/ST" "3.06-12.32" 22.79 2.02 1.24 0.68 0.06 0.24 "#25" 12.32 3.06 4.63 21.4369 5 0 348.508 4 0 7.42
"13" "Bills D/ST" "3.06-14.10" 18.89 2.36 1.1 0.78 0.04 0.2 "#26" 14.1 3.06 5.52 30.4704 5 0 328.228 4 0 7.4
"17" "Bills D/ST" "3.06-14.10" 18.89 2.36 1.1 0.78 0.04 0.2 "#26" 14.1 3.06 5.52 30.4704 5 0 328.228 4 0 7.4
"8" "49ers D/ST" "2.18-15.58" 18.92 2.3 1.2 0.82 0.04 0.16 "#31" 15.58 2.18 6.7 44.89 5 0 328.384 4 0 7.38
"6" "Panthers D/ST" "1.69-13.67" 22.14 2.31 1.01 0.6 0.02 0.3 "#22" 13.67 1.69 5.99 35.8801 5 0 345.128 4 0 7.37
"9" "Dolphins D/ST" "2.27-13.91" 20.75 2.82 0.85 0.76 0.06 0.2 "#27" 13.91 2.27 5.82 33.8724 5 0 337.9 4 0 7.36
"14" "Titans D/ST" "2.06-13.56" 22.53 2.52 1.04 0.88 0.02 0.16 "#29" 13.56 2.06 5.75 33.0625 5 0 347.156 4 0 7.36
"15" "Redskins D/ST" "3.15-13.79" 19.68 2.39 1.38 0.5 0.06 0.18 "#29" 13.79 3.15 5.32 28.3024 5 0 332.336 4 0 7.35
"5" "Patriots D/ST" "1.59-15.93" 23.08 2.8 1.45 0.88 0.02 0.14 "#20" 15.93 1.59 7.17 51.4089 5 0 350.016 5 -1 7.34
"8" "Patriots D/ST" "3.17-14.71" 18.57 2.44 1.02 0.78 0.04 0.2 "#32" 14.71 3.17 5.77 33.2929 5 0 326.564 4 0 7.32
"16" "Patriots D/ST" "3.17-14.71" 18.57 2.44 1.02 0.78 0.04 0.2 "#32" 14.71 3.17 5.77 33.2929 5 0 326.564 4 0 7.32
"13" "Redskins D/ST" "2.43-13.57" 21.43 2.08 1.32 0.6 0.1 0.2 "#24" 13.57 2.43 5.57 31.0249 5 0 341.436 4 0 7.32
"17" "Redskins D/ST" "2.43-13.57" 21.43 2.08 1.32 0.6 0.1 0.2 "#24" 13.57 2.43 5.57 31.0249 5 0 341.436 4 0 7.32
"3" "Panthers D/ST" "2.08-14.36" 20.15 2.03 1 0.72 0.05 0.29 "#4" 14.36 2.08 6.14 37.6996 5 0 334.78 4 0 7.31
"7" "Eagles D/ST" "2.12-14.40" 21.05 2.56 1.08 0.54 0.06 0.23 "#16" 14.4 2.12 6.14 37.6996 5 0 339.46 4 0 7.3
"2" "Raiders D/ST" "1.81-13.99" 20.89 2.5 0.86 0.7 0 0.28 "#11" 13.99 1.81 6.09 37.0881 5 0 338.628 4 0 7.3
"15" "Bears D/ST" "2.90-13.16" 21.63 2.86 1.14 0.64 0.02 0.14 "#13" 13.16 2.9 5.13 26.3169 5 0 342.476 4 0 7.3
"9" "Cowboys D/ST" "2.03-14.13" 20.71 2.86 0.74 0.82 0.06 0.2 "#28" 14.13 2.03 6.05 36.6025 5 0 337.692 4 0 7.3
"16" "Chargers D/ST" "0.08-15.46" 22.94 1.6 1.14 0.78 0.02 0.3 "#8" 15.46 0.08 7.69 59.1361 5 0 349.288 4 0 7.28
"7" "Cowboys D/ST" "1.60-14.26" 21.94 3.05 0.73 0.92 0.04 0.14 "#22" 14.26 1.6 6.33 40.0689 5 0 344.088 4 0 7.27
"12" "Browns D/ST" "2.18-13.44" 21.66 2.34 1.3 0.62 0 0.18 "#4" 13.44 2.18 5.63 31.6969 5 0 342.632 4 0 7.26
"16" "Browns D/ST" "2.18-13.44" 21.66 2.34 1.3 0.62 0 0.18 "#4" 13.44 2.18 5.63 31.6969 5 0 342.632 4 0 7.26
"13" "Cardinals D/ST" "3.45-13.41" 23.4 2.85 1.3 0.8 0 0.2 "#13" 13.41 3.45 4.98 24.8004 5 0 351.68 5 -1 7.25
"5" "Titans D/ST" "2.59-15.03" 19.65 2.61 0.73 0.86 0.07 0.22 "#32" 15.03 2.59 6.22 38.6884 5 0 332.18 4 0 7.25
"5" "Bengals D/ST" "3.70-13.00" 19.21 2.21 1.08 0.97 0.04 0.14 "#26" 13 3.7 4.65 21.6225 5 0 329.892 4 0 7.23
"9" "Ravens D/ST" "0.16-15.24" 22.61 2.49 0.9 0.74 0 0.24 "#10" 15.24 0.16 7.54 56.8516 5 0 347.572 4 0 7.21
"3" "Browns D/ST" "2.86-13.58" 20.76 2.78 0.77 0.73 0.02 0.23 "#27" 13.58 2.86 5.36 28.7296 5 0 337.952 4 0 7.2
"8" "Redskins D/ST" "3.35-13.39" 19.12 2.44 1.32 0.56 0.06 0.14 "#21" 13.39 3.35 5.02 25.2004 5 0 329.424 4 0 7.16
"14" "Redskins D/ST" "3.35-13.39" 19.12 2.44 1.32 0.56 0.06 0.14 "#21" 13.39 3.35 5.02 25.2004 5 0 329.424 4 0 7.16
"15" "Broncos D/ST" "3.44-14.18" 18.18 2.83 0.92 0.52 0 0.24 "#30" 14.18 3.44 5.37 28.8369 5 0 324.536 4 0 7.15
"2" "Cowboys D/ST" "1.69-14.73" 20.48 2.27 1.34 0.72 0.02 0.12 "#21" 14.73 1.69 6.52 42.5104 5 0 336.496 4 0 7.15
"2" "Eagles D/ST" "1.88-15.58" 18.59 2.42 1 0.78 0.04 0.18 "#9" 15.58 1.88 6.85 46.9225 5 0 326.668 4 0 7.14
"15" "Lions D/ST" "2.50-13.26" 21.31 2.22 1.02 0.68 0.04 0.24 "#32" 13.26 2.5 5.38 28.9444 5 0 340.812 4 0 7.14
"15" "Giants D/ST" "1.95-13.59" 22.67 2.45 0.8 0.74 0.08 0.24 "#28" 13.59 1.95 5.82 33.8724 5 0 347.884 4 0 7.13
"7" "Broncos D/ST" "4.04-11.70" 16.19 1.99 0.87 0.51 0.03 0.21 "#31" 11.7 4.04 3.83 14.6689 4 1 314.188 4 0 7.07
"14" "Broncos D/ST" "2.56-13.38" 19.42 2.42 0.96 0.6 0.04 0.24 "#25" 13.38 2.56 5.41 29.2681 5 0 330.984 4 0 7.06
"10" "Steelers D/ST" "1.89-13.21" 21.55 2.38 1.1 0.72 0.04 0.16 "#16" 13.21 1.89 5.66 32.0356 5 0 342.06 4 0 7.06
"11" "Raiders D/ST" "3.18-12.74" 21.16 2.08 0.86 0.62 0.04 0.32 "#31" 12.74 3.18 4.78 22.8484 5 0 340.032 4 0 7.04
"3" "Ravens D/ST" "4.17-13.25" 13.94 1.93 0.96 0.39 0.04 0.22 "#11" 13.25 4.17 4.54 20.6116 4 1 302.488 4 0 7.03
"8" "Steelers D/ST" "2.06-14.40" 18.93 2.55 1 0.48 0.04 0.24 "#30" 14.4 2.06 6.17 38.0689 5 0 328.436 4 0 7.03
"16" "Bears D/ST" "2.84-13.64" 18.97 2.38 1.1 0.7 0.04 0.16 "#25" 13.64 2.84 5.4 29.16 5 0 328.644 4 0 7.02
"15" "Ravens D/ST" "0.79-14.51" 21.86 2.18 0.88 0.82 0 0.24 "#9" 14.51 0.79 6.86 47.0596 5 0 343.672 4 0 7.02
"10" "49ers D/ST" "1.91-13.13" 22.14 2.37 1.12 0.64 0.02 0.18 "#21" 13.13 1.91 5.61 31.4721 5 0 345.128 4 0 7.01
"4" "Lions D/ST" "1.94-12.68" 22.93 2.41 1.07 0.63 0 0.2 "#19" 12.68 1.94 5.37 28.8369 5 0 349.236 4 0 7.01
"2" "Cardinals D/ST" "1.86-13.04" 22.9 2.2 1.12 0.66 0.02 0.2 "#1" 13.04 1.86 5.59 31.2481 5 0 349.08 4 0 7
"2" "Ravens D/ST" "2.66-14.68" 18.21 2.36 1.04 0.68 0.06 0.18 "#4" 14.68 2.66 6.01 36.1201 5 0 324.692 4 0 7
"1" "Lions D/ST" "2.34-14.12" 20.43 2.3 1.16 0.74 0.02 0.14 "#27" 14.12 2.34 5.89 34.6921 5 0 336.236 4 0 6.98
"12" "Steelers D/ST" "2.08-13.74" 21.5 2.62 1.18 0.48 0.04 0.16 "#11" 13.74 2.08 5.83 33.9889 5 0 341.8 4 0 6.98
"2" "Titans D/ST" "2.19-12.69" 22.53 2.68 0.88 0.7 0.02 0.18 "#18" 12.69 2.19 5.25 27.5625 5 0 347.156 4 0 6.96
"9" "Broncos D/ST" "1.42-13.26" 22.3 2.4 0.84 0.7 0.02 0.24 "#18" 13.26 1.42 5.92 35.0464 5 0 345.96 4 0 6.96
"3" "Rams D/ST" "-0.99-16.57" 25.75 2.44 1.4 0.7 0 0.22 "#3" 16.57 -0.99 8.78 77.0884 5 0 363.9 5 -1 6.96
"11" "Ravens D/ST" "0.81-14.63" 21.7 2.28 0.98 0.7 0 0.22 "#4" 14.63 0.81 6.91 47.7481 5 0 342.84 4 0 6.96
"4" "Texans D/ST" "2.11-12.63" 22.54 2.45 0.81 0.85 0.02 0.19 "#20" 12.63 2.11 5.26 27.6676 5 0 347.208 4 0 6.95
"3" "Patriots D/ST" "2.01-13.89" 19.75 2.08 1.07 0.54 0.04 0.26 "#17" 13.89 2.01 5.94 35.2836 5 0 332.7 4 0 6.94
"12" "Dolphins D/ST" "2.34-12.66" 21.73 2.37 0.98 0.7 0 0.2 "#20" 12.66 2.34 5.16 26.6256 5 0 342.996 4 0 6.93
"3" "Jets D/ST" "3.81-12.03" 16.64 1.83 0.8 0.63 0.05 0.19 "#30" 12.03 3.81 4.11 16.8921 4 1 316.528 4 0 6.93
"11" "Jaguars D/ST" "1.58-13.44" 22.24 1.96 1.02 0.62 0 0.28 "#10" 13.44 1.58 5.93 35.1649 5 0 345.648 4 0 6.92
"8" "Seahawks D/ST" "2.68-13.08" 19.96 2.36 0.98 0.74 0.02 0.18 "#17" 13.08 2.68 5.2 27.04 5 0 333.792 4 0 6.92
"12" "Vikings D/ST" "1.03-14.81" 24.62 2.87 0.9 0.72 0.06 0.28 "#13" 14.81 1.03 6.89 47.4721 5 0 358.024 5 -1 6.91
"2" "Dolphins D/ST" "2.62-12.70" 20.86 2.22 0.94 0.7 0.04 0.22 "#27" 12.7 2.62 5.04 25.4016 5 0 338.472 4 0 6.9
"4" "Chiefs D/ST" "2.57-12.01" 22.06 2.69 0.93 0.64 0.02 0.17 "#11" 12.01 2.57 4.72 22.2784 5 0 344.712 4 0 6.89
"7" "Cardinals D/ST" "2.93-12.21" 20.64 2.06 1.26 0.54 0.04 0.19 "#11" 12.21 2.93 4.64 21.5296 5 0 337.328 4 0 6.88
"6" "Ravens D/ST" "2.57-13.57" 15.53 2.01 0.84 0.53 0.08 0.16 "#28" 13.57 2.57 5.5 30.25 4 1 310.756 4 0 6.87
"13" "Texans D/ST" "2.30-13.44" 21.22 2.7 0.78 0.72 0.04 0.18 "#30" 13.44 2.3 5.57 31.0249 5 0 340.344 4 0 6.86
"8" "Browns D/ST" "2.03-13.43" 20.86 2.34 1.16 0.56 0 0.18 "#10" 13.43 2.03 5.7 32.49 5 0 338.472 4 0 6.86
"7" "Lions D/ST" "1.58-14.12" 24.33 2.6 1.19 0.84 0 0.2 "#26" 14.12 1.58 6.27 39.3129 5 0 356.516 5 -1 6.86
"10" "Patriots D/ST" "2.38-13.50" 20.84 2.34 0.82 0.74 0.04 0.22 "#28" 13.5 2.38 5.56 30.9136 5 0 338.368 4 0 6.86
"5" "Eagles D/ST" "2.73-13.07" 21.28 2.01 0.91 0.89 0.02 0.2 "#14" 13.07 2.73 5.17 26.7289 5 0 340.656 4 0 6.85
"3" "Eagles D/ST" "2.66-14.66" 17.87 2.29 0.96 0.82 0.02 0.16 "#20" 14.66 2.66 6 36 5 0 322.924 4 0 6.85
"12" "Bengals D/ST" "2.85-14.65" 17.91 2.08 1.1 0.62 0 0.22 "#30" 14.65 2.85 5.9 34.81 5 0 323.132 4 0 6.84
"16" "Bengals D/ST" "2.85-14.65" 17.91 2.08 1.1 0.62 0 0.22 "#30" 14.65 2.85 5.9 34.81 5 0 323.132 4 0 6.84
"12" "Colts D/ST" "1.21-14.07" 22.87 2.63 0.8 0.68 0.02 0.2 "#26" 14.07 1.21 6.43 41.3449 5 0 348.924 4 0 6.83
"5" "Jets D/ST" "1.59-13.61" 20.71 2.33 1.01 0.72 0.04 0.16 "#11" 13.61 1.59 6.01 36.1201 5 0 337.692 4 0 6.83
"4" "Raiders D/ST" "1.60-13.56" 25.62 3.24 0.98 0.69 0.11 0.17 "#30" 13.56 1.6 5.98 35.7604 5 0 363.224 5 -1 6.82
"7" "Jaguars D/ST" "2.92-13.74" 18.6 2.27 0.75 0.8 0 0.24 "#18" 13.74 2.92 5.41 29.2681 5 0 326.72 4 0 6.81
"5" "Saints D/ST" "1.23-14.53" 25.09 3.2 0.82 0.82 0.03 0.21 "#22" 14.53 1.23 6.65 44.2225 5 0 360.468 5 -1 6.8
"11" "Bears D/ST" "3.81-12.93" 23.73 2.66 0.88 0.78 0.06 0.28 "#14" 12.93 3.81 4.56 20.7936 5 0 353.396 5 -1 6.78
"17" "Bears D/ST" "3.81-12.93" 23.73 2.66 0.88 0.78 0.06 0.28 "#14" 12.93 3.81 4.56 20.7936 5 0 353.396 5 -1 6.78
"3" "Cowboys D/ST" "2.21-13.19" 21.76 2.27 0.93 0.66 0 0.22 "#15" 13.19 2.21 5.49 30.1401 5 0 343.152 4 0 6.77
"4" "Patriots D/ST" "1.90-14.32" 23.11 2.4 1.25 0.72 0.04 0.22 "#26" 14.32 1.9 6.21 38.5641 5 0 350.172 5 -1 6.74
"3" "Seahawks D/ST" "0.61-14.99" 24.05 2.87 0.95 0.64 0.02 0.27 "#19" 14.99 0.61 7.19 51.6961 5 0 355.06 5 -1 6.71
"17" "Cardinals D/ST" "2.52-14.44" 18.61 2.3 0.86 0.72 0.02 0.2 "#15" 14.44 2.52 5.96 35.5216 5 0 326.772 4 0 6.7
"4" "Browns D/ST" "1.50-12.98" 21.34 2.02 0.9 0.77 0.04 0.21 "#23" 12.98 1.5 5.74 32.9476 5 0 340.968 4 0 6.7
"4" "Cowboys D/ST" "0.94-14.94" 23.07 2.05 1.41 0.78 0 0.21 "#17" 14.94 0.94 7 49 5 0 349.964 5 -1 6.69
"5" "Chiefs D/ST" "0.73-14.59" 29.09 3.58 0.92 0.99 0 0.21 "#29" 14.59 0.73 6.93 48.0249 6 -1 381.268 5 -1 6.66
"7" "Chiefs D/ST" "1.02-14.02" 28.63 2.54 1.34 0.97 0.03 0.24 "#4" 14.02 1.02 6.5 42.25 6 -1 378.876 5 -1 6.66
"8" "Jaguars D/ST" "2.38-14.16" 19.19 2.38 0.8 0.68 0 0.22 "#24" 14.16 2.38 5.89 34.6921 5 0 329.788 4 0 6.66
"7" "Vikings D/ST" "2.75-13.35" 18.25 2.3 0.85 0.65 0.02 0.22 "#27" 13.35 2.75 5.3 28.09 5 0 324.9 4 0 6.66
"5" "Bills D/ST" "2.42-12.00" 21.78 1.93 0.89 0.63 0 0.28 "#28" 12 2.42 4.79 22.9441 5 0 343.256 4 0 6.65
"6" "Giants D/ST" "2.35-12.25" 21.59 1.8 0.79 0.55 0.05 0.34 "#24" 12.25 2.35 4.95 24.5025 5 0 342.268 4 0 6.62
"10" "Colts D/ST" "1.29-13.31" 22.1 2.49 0.76 0.72 0.04 0.18 "#29" 13.31 1.29 6.01 36.1201 5 0 344.92 4 0 6.61
"13" "Colts D/ST" "1.29-13.31" 22.1 2.49 0.76 0.72 0.04 0.18 "#29" 13.31 1.29 6.01 36.1201 5 0 344.92 4 0 6.61
"6" "Chargers D/ST" "2.25-12.45" 21.23 1.75 1.03 0.48 0.02 0.3 "#30" 12.45 2.25 5.1 26.01 5 0 340.396 4 0 6.61
"12" "Cowboys D/ST" "1.55-12.87" 21.94 2.72 0.66 0.82 0.04 0.14 "#22" 12.87 1.55 5.66 32.0356 5 0 344.088 4 0 6.6
"3" "Dolphins D/ST" "2.89-13.31" 17.87 2.02 1.02 0.67 0.09 0.17 "#23" 13.31 2.89 5.21 27.1441 5 0 322.924 4 0 6.6
"6" "Seahawks D/ST" "3.15-12.37" 20.34 2.07 0.99 0.72 0.04 0.17 "#23" 12.37 3.15 4.61 21.2521 5 0 335.768 4 0 6.59
"4" "Eagles D/ST" "1.37-15.47" 17.6 2.18 0.93 0.73 0 0.18 "#28" 15.47 1.37 7.05 49.7025 5 0 321.52 4 0 6.58
"16" "Eagles D/ST" "2.51-13.33" 19.43 2.46 1.02 0.58 0.04 0.14 "#18" 13.33 2.51 5.41 29.2681 5 0 331.036 4 0 6.58
"2" "Falcons D/ST" "0.90-13.12" 22.43 2.1 0.98 0.66 0 0.2 "#16" 13.12 0.9 6.11 37.3321 5 0 346.636 4 0 6.58
"15" "Jets D/ST" "1.76-13.80" 19.55 1.72 1.3 0.66 0.1 0.12 "#18" 13.8 1.76 6.02 36.2404 5 0 331.66 4 0 6.56
"10" "Cowboys D/ST" "1.97-13.71" 18.64 2.42 0.84 0.76 0.04 0.14 "#24" 13.71 1.97 5.87 34.4569 5 0 326.928 4 0 6.54
"14" "Cowboys D/ST" "1.97-13.71" 18.64 2.42 0.84 0.76 0.04 0.14 "#24" 13.71 1.97 5.87 34.4569 5 0 326.928 4 0 6.54
"5" "Chargers D/ST" "2.89-12.73" 24.29 2.02 1.02 0.82 0.02 0.3 "#23" 12.73 2.89 4.92 24.2064 5 0 356.308 5 -1 6.54
"6" "Jaguars D/ST" "2.76-14.24" 17.73 2.71 0.95 0.56 0.07 0.11 "#19" 14.24 2.76 5.74 32.9476 5 0 322.196 4 0 6.53
"1" "Bills D/ST" "2.70-11.86" 21 2.16 1.18 0.44 0.08 0.16 "#8" 11.86 2.7 4.58 20.9764 5 0 339.2 4 0 6.52
"9" "Bills D/ST" "1.99-13.63" 20.12 2.22 1.02 0.56 0.02 0.18 "#12" 13.63 1.99 5.82 33.8724 5 0 334.624 4 0 6.5
"5" "Cardinals D/ST" "2.13-12.67" 19.3 2.06 1.09 0.6 0.05 0.16 "#25" 12.67 2.13 5.27 27.7729 5 0 330.36 4 0 6.5
"6" "Colts D/ST" "1.88-11.92" 22.51 2.28 0.72 0.57 0.07 0.25 "#27" 11.92 1.88 5.02 25.2004 5 0 347.052 4 0 6.5
"6" "Bengals D/ST" "0.48-14.06" 25.55 2.8 1.04 0.7 0 0.2 "#10" 14.06 0.48 6.79 46.1041 5 0 362.86 5 -1 6.48
"1" "Cardinals D/ST" "1.46-13.52" 20.98 2.06 1 0.59 0.02 0.2 "#22" 13.52 1.46 6.03 36.3609 5 0 339.096 4 0 6.48
"6" "Jets D/ST" "2.59-12.87" 19.13 1.99 0.9 0.52 0.04 0.26 "#20" 12.87 2.59 5.14 26.4196 5 0 329.476 4 0 6.47
"7" "Dolphins D/ST" "1.41-12.49" 22.35 1.87 0.94 0.8 0.02 0.18 "#17" 12.49 1.41 5.54 30.6916 5 0 346.22 4 0 6.47
"5" "Texans D/ST" "-1.35-17.15" 28.9 3.44 0.88 0.73 0.03 0.29 "#19" 17.15 -1.35 9.25 85.5625 6 -1 380.28 5 -1 6.46
"7" "Falcons D/ST" "1.75-13.27" 23.2 2.98 0.89 0.75 0.02 0.19 "#21" 13.27 1.75 5.76 33.1776 5 0 350.64 5 -1 6.44
"3" "Packers D/ST" "1.00-14.22" 24.25 2.9 0.81 0.71 0.03 0.24 "#22" 14.22 1 6.61 43.6921 5 0 356.1 5 -1 6.44
"10" "Panthers D/ST" "2.04-12.34" 25.47 1.96 0.82 0.98 0.04 0.3 "#10" 12.34 2.04 5.15 26.5225 5 0 362.444 5 -1 6.44
"17" "Bengals D/ST" "0.89-13.25" 25.65 2.18 1.06 0.86 0.04 0.22 "#10" 13.25 0.89 6.18 38.1924 5 0 363.38 5 -1 6.42
"5" "Broncos D/ST" "3.00-12.70" 18.57 2 0.91 0.57 0.07 0.22 "#27" 12.7 3 4.85 23.5225 5 0 326.564 4 0 6.42
"12" "Seahawks D/ST" "2.08-12.60" 21.41 2.3 0.86 0.7 0.02 0.16 "#16" 12.6 2.08 5.26 27.6676 5 0 341.332 4 0 6.42
"14" "Patriots D/ST" "1.60-12.34" 22.91 2.36 0.9 0.74 0.02 0.12 "#26" 12.34 1.6 5.37 28.8369 5 0 349.132 4 0 6.4
"7" "Patriots D/ST" "0.42-14.42" 24.84 2.88 0.83 0.75 0.05 0.21 "#12" 14.42 0.42 7 49 5 0 359.168 5 -1 6.4
"4" "Cardinals D/ST" "1.60-13.06" 20.75 1.99 0.99 0.75 0.04 0.14 "#15" 13.06 1.6 5.73 32.8329 5 0 337.9 4 0 6.39
"13" "Ravens D/ST" "1.94-12.52" 21.44 1.98 0.82 0.84 0 0.18 "#7" 12.52 1.94 5.29 27.9841 5 0 341.488 4 0 6.38
"4" "Bears D/ST" "2.44-13.34" 24.42 2.4 0.81 0.89 0.06 0.24 "#9" 13.34 2.44 5.45 29.7025 5 0 356.984 5 -1 6.36
"7" "Buccaneers D/ST" "1.85-13.07" 24.94 2.64 1.14 0.64 0.07 0.17 "#30" 13.07 1.85 5.61 31.4721 5 0 359.688 5 -1 6.36
"7" "Jets D/ST" "1.67-12.17" 22.97 2.11 0.97 0.65 0.02 0.16 "#14" 12.17 1.67 5.25 27.5625 5 0 349.444 4 0 6.35
"4" "Falcons D/ST" "1.63-13.55" 24.48 2.11 1.11 0.56 0.04 0.3 "#4" 13.55 1.63 5.96 35.5216 5 0 357.296 5 -1 6.33
"6" "Steelers D/ST" "2.35-11.67" 22.14 1.79 0.77 0.65 0.01 0.28 "#4" 11.67 2.35 4.66 21.7156 5 0 345.128 4 0 6.33
"8" "Chiefs D/ST" "1.52-12.84" 24.56 2.31 0.86 0.72 0.02 0.3 "#11" 12.84 1.52 5.66 32.0356 5 0 357.712 5 -1 6.31
"4" "Ravens D/ST" "0.41-12.57" 22.93 2.03 0.85 0.82 0.02 0.15 "#10" 12.57 0.41 6.08 36.9664 5 0 349.236 4 0 6.31
"10" "Packers D/ST" "2.30-12.88" 23.35 2.1 1.1 0.72 0 0.26 "#26" 12.88 2.3 5.29 27.9841 5 0 351.42 5 -1 6.3
"8" "Panthers D/ST" "2.24-12.66" 24.2 2.1 1 0.82 0 0.26 "#8" 12.66 2.24 5.21 27.1441 5 0 355.84 5 -1 6.3
"6" "Redskins D/ST" "1.73-13.17" 23.47 2.34 0.79 0.73 0.06 0.3 "#16" 13.17 1.73 5.72 32.7184 5 0 352.044 5 -1 6.3
"3" "Raiders D/ST" "2.56-11.80" 20.47 2.01 0.76 0.69 0 0.23 "#26" 11.8 2.56 4.62 21.3444 5 0 336.444 4 0 6.29
"7" "Bears D/ST" "1.13-12.83" 26.02 3.06 0.83 0.83 0.03 0.14 "#5" 12.83 1.13 5.85 34.2225 5 0 365.304 5 -1 6.28
"1" "Packers D/ST" "1.67-11.45" 22.16 2.36 0.6 0.8 0.02 0.18 "#12" 11.45 1.67 4.89 23.9121 5 0 345.232 4 0 6.28
"13" "Chiefs D/ST" "2.07-12.19" 24.33 2.43 0.96 0.9 0.02 0.18 "#23" 12.19 2.07 5.06 25.6036 5 0 356.516 5 -1 6.27
"17" "Chiefs D/ST" "2.07-12.19" 24.33 2.43 0.96 0.9 0.02 0.18 "#23" 12.19 2.07 5.06 25.6036 5 0 356.516 5 -1 6.27
"10" "Bears D/ST" "3.24-11.60" 20.33 2.38 0.76 0.7 0.06 0.14 "#17" 11.6 3.24 4.18 17.4724 5 0 335.716 4 0 6.26
"12" "Bears D/ST" "3.24-11.60" 20.33 2.38 0.76 0.7 0.06 0.14 "#17" 11.6 3.24 4.18 17.4724 5 0 335.716 4 0 6.26
"6" "Eagles D/ST" "3.79-11.91" 17.82 2.06 0.8 0.55 0.06 0.23 "#21" 11.91 3.79 4.06 16.4836 5 0 322.664 4 0 6.26
"7" "Panthers D/ST" "2.56-11.00" 21.91 1.6 0.85 0.58 0 0.3 "#24" 11 2.56 4.22 17.8084 5 0 343.932 4 0 6.26
"8" "Bengals D/ST" "0.57-13.49" 25.14 2.24 0.88 0.84 0.06 0.24 "#9" 13.49 0.57 6.46 41.7316 5 0 360.728 5 -1 6.24
"15" "Rams D/ST" "2.38-12.76" 23.45 2.2 1.26 0.62 0.04 0.2 "#24" 12.76 2.38 5.19 26.9361 5 0 351.94 5 -1 6.24
"1" "Bengals D/ST" "1.31-11.83" 22.96 2.14 0.74 0.64 0 0.22 "#20" 11.83 1.31 5.26 27.6676 5 0 349.392 4 0 6.22
"4" "Saints D/ST" "1.31-13.79" 23.05 2.19 1.14 0.59 0 0.26 "#21" 13.79 1.31 6.24 38.9376 5 0 349.86 5 -1 6.21
"16" "Titans D/ST" "1.54-12.76" 24.23 2.72 0.86 0.74 0.04 0.2 "#22" 12.76 1.54 5.61 31.4721 5 0 355.996 5 -1 6.2
"6" "Cowboys D/ST" "1.36-13.68" 23.65 2.84 0.77 0.91 0.08 0.14 "#29" 13.68 1.36 6.16 37.9456 5 0 352.98 5 -1 6.2
"7" "Texans D/ST" "2.42-11.78" 24.48 2.38 0.98 0.87 0.02 0.18 "#29" 11.78 2.42 4.68 21.9024 5 0 357.296 5 -1 6.2
"14" "Browns D/ST" "1.59-13.29" 19.81 2.18 0.94 0.6 0.1 0.12 "#16" 13.29 1.59 5.85 34.2225 5 0 333.012 4 0 6.18
"14" "Texans D/ST" "1.12-13.20" 25.16 2.5 0.72 0.76 0.02 0.28 "#20" 13.2 1.12 6.04 36.4816 5 0 360.832 5 -1 6.18
"6" "Falcons D/ST" "-2.03-15.99" 30.31 2.74 1.37 0.91 0.04 0.13 "#9" 15.99 -2.03 9.01 81.1801 6 -1 387.612 5 -1 6.16
"16" "Colts D/ST" "0.43-12.73" 22.86 2.42 0.88 0.6 0.02 0.12 "#21" 12.73 0.43 6.15 37.8225 5 0 348.872 4 0 6.14
"6" "Titans D/ST" "1.35-13.13" 25.36 3.07 0.81 0.75 0.05 0.14 "#8" 13.13 1.35 5.89 34.6921 5 0 361.872 5 -1 6.13
"3" "Giants D/ST" "1.18-12.42" 21.06 1.93 0.81 0.64 0.02 0.21 "#18" 12.42 1.18 5.62 31.5844 5 0 339.512 4 0 6.13
"4" "Titans D/ST" "-0.10-14.28" 25.42 2.68 1.01 0.72 0.07 0.14 "#24" 14.28 -0.1 7.19 51.6961 5 0 362.184 5 -1 6.12
"15" "Bengals D/ST" "2.26-12.82" 23.56 2.46 1.04 0.72 0.02 0.18 "#23" 12.82 2.26 5.28 27.8784 5 0 352.512 5 -1 6.1
"11" "Chargers D/ST" "2.02-13.22" 22.99 2.26 0.98 0.58 0.02 0.28 "#11" 13.22 2.02 5.6 31.36 5 0 349.548 5 -1 6.1
"17" "Chargers D/ST" "2.02-13.22" 22.99 2.26 0.98 0.58 0.02 0.28 "#11" 13.22 2.02 5.6 31.36 5 0 349.548 5 -1 6.1
"8" "Giants D/ST" "1.50-13.50" 23.43 2.86 0.72 0.74 0.06 0.2 "#22" 13.5 1.5 6 36 5 0 351.836 5 -1 6.1
"14" "Giants D/ST" "1.50-13.50" 23.43 2.86 0.72 0.74 0.06 0.2 "#22" 13.5 1.5 6 36 5 0 351.836 5 -1 6.1
"6" "Patriots D/ST" "-0.42-14.10" 31.09 3 1.13 0.9 0.06 0.15 "#2" 14.1 -0.42 7.26 52.7076 6 -1 391.668 5 -1 6.08
"1" "Cowboys D/ST" "0.93-12.81" 22.2 1.7 0.84 0.64 0.04 0.22 "#16" 12.81 0.93 5.94 35.2836 5 0 345.44 4 0 6.06
"3" "Broncos D/ST" "3.09-11.35" 16.2 1.68 0.72 0.52 0.02 0.14 "#8" 11.35 3.09 4.13 17.0569 4 1 314.24 4 0 6.04
"15" "Cardinals D/ST" "1.56-12.62" 24.33 2.35 1.1 0.76 0 0.16 "#7" 12.62 1.56 5.53 30.5809 5 0 356.516 5 -1 6.03
"7" "Redskins D/ST" "0.57-14.77" 26.86 2.56 1.26 0.66 0.03 0.26 "#19" 14.77 0.57 7.1 50.41 6 -1 369.672 5 -1 6.02
"14" "Chargers D/ST" "1.78-11.78" 25.6 1.96 0.98 0.9 0.04 0.2 "#4" 11.78 1.78 5 25 5 0 363.12 5 -1 6
"3" "Redskins D/ST" "2.91-11.63" 18.65 2.22 0.9 0.51 0.03 0.15 "#13" 11.63 2.91 4.36 19.0096 5 0 326.98 4 0 6
"8" "Dolphins D/ST" "0.46-12.26" 21.53 2.27 0.78 0.66 0.06 0.12 "#18" 12.26 0.46 5.9 34.81 5 0 341.956 4 0 5.99
"11" "Colts D/ST" "1.39-12.95" 23.41 2.66 0.76 0.74 0.06 0.2 "#28" 12.95 1.39 5.78 33.4084 5 0 351.732 5 -1 5.98
"17" "Colts D/ST" "1.39-12.95" 23.41 2.66 0.76 0.74 0.06 0.2 "#28" 12.95 1.39 5.78 33.4084 5 0 351.732 5 -1 5.98
"7" "Ravens D/ST" "0.32-14.70" 27.31 2.41 0.98 0.82 0.05 0.31 "#6" 14.7 0.32 7.19 51.6961 6 -1 372.012 5 -1 5.97
"4" "Bills D/ST" "2.59-10.81" 22.2 1.86 0.91 0.45 0.03 0.22 "#13" 10.81 2.59 4.11 16.8921 5 0 345.44 4 0 5.96
"14" "Chiefs D/ST" "0.57-12.37" 25.98 2.23 0.86 0.94 0.02 0.18 "#8" 12.37 0.57 5.9 34.81 5 0 365.096 5 -1 5.95
"4" "Steelers D/ST" "0.83-13.79" 23.92 2.91 1.04 0.67 0 0.1 "#8" 13.79 0.83 6.48 41.9904 5 0 354.384 5 -1 5.93
"5" "Lions D/ST" "0.36-14.28" 27.23 2.29 1.33 0.73 0.07 0.23 "#13" 14.28 0.36 6.96 48.4416 6 -1 371.596 5 -1 5.93
"13" "Broncos D/ST" "1.33-12.07" 25.74 2.2 0.84 0.78 0.02 0.24 "#4" 12.07 1.33 5.37 28.8369 5 0 363.848 5 -1 5.92
"6" "Dolphins D/ST" "1.49-11.83" 21.43 2.6 0.68 0.68 0.04 0.08 "#12" 11.83 1.49 5.17 26.7289 5 0 341.436 4 0 5.88
"5" "Browns D/ST" "1.38-12.70" 19.44 1.89 0.93 0.69 0.04 0.11 "#8" 12.7 1.38 5.66 32.0356 5 0 331.088 4 0 5.87
"3" "Cardinals D/ST" "3.10-11.84" 18.22 1.99 0.82 0.82 0.06 0.08 "#12" 11.84 3.1 4.37 19.0969 5 0 324.744 4 0 5.87
"12" "Broncos D/ST" "1.55-12.21" 24.09 2.28 0.8 0.84 0.04 0.2 "#10" 12.21 1.55 5.33 28.4089 5 0 355.268 5 -1 5.84
"16" "Packers D/ST" "1.47-11.99" 24 2.32 0.8 0.7 0.04 0.24 "#27" 11.99 1.47 5.26 27.6676 5 0 354.8 5 -1 5.84
"12" "Panthers D/ST" "1.99-12.31" 23.53 2.24 1.04 0.78 0 0.16 "#15" 12.31 1.99 5.16 26.6256 5 0 352.356 5 -1 5.84
"5" "Steelers D/ST" "0.79-13.45" 27.16 2.68 0.99 0.94 0.08 0.19 "#7" 13.45 0.79 6.33 40.0689 6 -1 371.232 5 -1 5.84
"1" "Bears D/ST" "1.62-11.88" 25.53 2.39 1.02 0.6 0.06 0.18 "#13" 11.88 1.62 5.13 26.3169 5 0 362.756 5 -1 5.83
"12" "Packers D/ST" "0.50-12.82" 24.76 1.94 1.08 0.6 0.04 0.24 "#14" 12.82 0.5 6.16 37.9456 5 0 358.752 5 -1 5.82
"14" "49ers D/ST" "0.43-12.57" 25.71 2.29 0.98 0.54 0.02 0.24 "#11" 12.57 0.43 6.07 36.8449 5 0 363.692 5 -1 5.81
"6" "Browns D/ST" "-0.39-15.25" 27.36 2.75 0.95 0.88 0.13 0.19 "#3" 15.25 -0.39 7.82 61.1524 6 -1 372.272 5 -1 5.81
"10" "Falcons D/ST" "2.05-12.05" 23.2 2.69 0.68 0.7 0.02 0.22 "#30" 12.05 2.05 5 25 5 0 350.64 5 -1 5.81
"4" "Colts D/ST" "0.75-13.45" 24.63 2.79 0.68 0.7 0.02 0.2 "#18" 13.45 0.75 6.35 40.3225 5 0 358.076 5 -1 5.79
"10" "Giants D/ST" "1.27-11.27" 22.59 2.29 0.6 0.68 0.04 0.14 "#25" 11.27 1.27 5 25 5 0 347.468 4 0 5.77
"7" "Browns D/ST" "1.34-11.50" 21.76 1.97 0.86 0.49 0 0.18 "#9" 11.5 1.34 5.08 25.8064 5 0 343.152 4 0 5.75
"4" "Jets D/ST" "1.23-11.77" 25.26 2.53 1.04 0.56 0.03 0.16 "#29" 11.77 1.23 5.27 27.7729 5 0 361.352 5 -1 5.75
"5" "Vikings D/ST" "2.22-11.28" 20.72 1.9 1.05 0.54 0.02 0.1 "#24" 11.28 2.22 4.53 20.5209 5 0 337.744 4 0 5.72
"17" "Texans D/ST" "2.32-10.90" 24.48 2.19 0.9 0.8 0.02 0.18 "#29" 10.9 2.32 4.29 18.4041 5 0 357.296 5 -1 5.71
"13" "Chargers D/ST" "1.55-11.63" 25.24 1.86 1.02 0.82 0.04 0.18 "#10" 11.63 1.55 5.04 25.4016 5 0 361.248 5 -1 5.7
"11" "Saints D/ST" "1.19-12.99" 24.09 2.66 0.8 0.8 0 0.14 "#24" 12.99 1.19 5.9 34.81 5 0 355.268 5 -1 5.7
"13" "Titans D/ST" "1.80-12.26" 23.83 2.1 0.76 0.78 0.1 0.22 "#27" 12.26 1.8 5.23 27.3529 5 0 353.916 5 -1 5.7
"3" "Steelers D/ST" "1.21-12.19" 23.72 2.17 0.81 0.75 0.04 0.22 "#9" 12.19 1.21 5.49 30.1401 5 0 353.344 5 -1 5.69
"10" "Dolphins D/ST" "0.54-12.84" 24.04 2.16 0.94 0.62 0.04 0.22 "#13" 12.84 0.54 6.15 37.8225 5 0 355.008 5 -1 5.68
"3" "Bengals D/ST" "1.44-12.68" 23.24 2.41 0.94 0.62 0 0.19 "#16" 12.68 1.44 5.62 31.5844 5 0 350.848 5 -1 5.67
"13" "Bengals D/ST" "1.82-11.14" 25.37 2.22 1.04 0.46 0 0.24 "#11" 11.14 1.82 4.66 21.7156 5 0 361.924 5 -1 5.66
"15" "Titans D/ST" "0.86-12.48" 24.51 2.3 1.16 0.48 0 0.18 "#21" 12.48 0.86 5.81 33.7561 5 0 357.452 5 -1 5.66
"12" "Giants D/ST" "0.73-11.83" 22.74 2.32 0.7 0.64 0.02 0.1 "#24" 11.83 0.73 5.55 30.8025 5 0 348.248 4 0 5.64
"4" "Buccaneers D/ST" "1.06-12.76" 23.2 2.27 1.03 0.59 0.02 0.18 "#12" 12.76 1.06 5.85 34.2225 5 0 350.64 5 -1 5.63
"9" "Patriots D/ST" "0.99-12.49" 27.91 2.53 1.14 0.6 0.02 0.26 "#13" 12.49 0.99 5.75 33.0625 6 -1 375.132 5 -1 5.61
"5" "Packers D/ST" "0.84-13.22" 27.08 2.12 1.22 0.74 0 0.26 "#17" 13.22 0.84 6.19 38.3161 6 -1 370.816 5 -1 5.6
"3" "Saints D/ST" "0.82-12.06" 26.4 2.25 0.9 0.78 0.07 0.14 "#7" 12.06 0.82 5.62 31.5844 5 0 367.28 5 -1 5.59
"8" "Texans D/ST" "2.12-10.12" 22.64 2.34 0.54 0.7 0.02 0.12 "#26" 10.12 2.12 4 16 5 0 347.728 4 0 5.58
"5" "Jaguars D/ST" "0.10-13.34" 28.01 2.28 1.31 0.8 0.05 0.16 "#2" 13.34 0.1 6.62 43.8244 6 -1 375.652 5 -1 5.56
"6" "Bills D/ST" "2.49-10.11" 20.8 1.72 0.59 0.71 0.02 0.2 "#18" 10.11 2.49 3.81 14.5161 5 0 338.16 4 0 5.56
"1" "Chargers D/ST" "0.26-12.24" 25.31 2.22 1 0.54 0.02 0.2 "#2" 12.24 0.26 5.99 35.8801 5 0 361.612 5 -1 5.54
"5" "Cowboys D/ST" "0.09-13.67" 24.46 2.84 0.7 0.72 0.04 0.13 "#18" 13.67 0.09 6.79 46.1041 5 0 357.192 5 -1 5.54
"11" "Titans D/ST" "0.79-12.23" 24.56 1.98 1.1 0.68 0 0.16 "#20" 12.23 0.79 5.72 32.7184 5 0 357.712 5 -1 5.5
"17" "Titans D/ST" "0.79-12.23" 24.56 1.98 1.1 0.68 0 0.16 "#20" 12.23 0.79 5.72 32.7184 5 0 357.712 5 -1 5.5
"2" "Patriots D/ST" "0.58-13.82" 26.82 2.71 0.99 0.65 0.08 0.22 "#29" 13.82 0.58 6.62 43.8244 6 -1 369.464 5 -1 5.47
"6" "Raiders D/ST" "0.63-13.11" 28 2.56 0.76 1.09 0.06 0.18 "#15" 13.11 0.63 6.24 38.9376 6 -1 375.6 5 -1 5.46
"5" "Dolphins D/ST" "1.13-11.47" 25 1.94 0.98 0.65 0 0.21 "#4" 11.47 1.13 5.17 26.7289 5 0 360 5 -1 5.46
"13" "Patriots D/ST" "0.56-12.10" 25.28 1.92 1.08 0.58 0 0.2 "#14" 12.1 0.56 5.77 33.2929 5 0 361.456 5 -1 5.44
"8" "Rams D/ST" "1.92-10.78" 25.7 2.24 1.06 0.54 0.02 0.16 "#13" 10.78 1.92 4.43 19.6249 5 0 363.64 5 -1 5.44
"9" "49ers D/ST" "1.42-12.16" 23.05 1.94 0.9 0.8 0 0.18 "#23" 12.16 1.42 5.37 28.8369 5 0 349.86 5 -1 5.42
"1" "Falcons D/ST" "1.16-11.08" 26.37 2.22 0.78 0.7 0.08 0.18 "#24" 11.08 1.16 4.96 24.6016 5 0 367.124 5 -1 5.42
"4" "Bengals D/ST" "1.68-11.06" 25.87 2.44 0.71 0.71 0.08 0.16 "#7" 11.06 1.68 4.69 21.9961 5 0 364.524 5 -1 5.4
"16" "Panthers D/ST" "1.56-10.48" 25.11 1.92 0.62 0.96 0.06 0.2 "#7" 10.48 1.56 4.46 19.8916 5 0 360.572 5 -1 5.4
"14" "Vikings D/ST" "1.43-9.93" 22.92 2.2 0.66 0.56 0 0.12 "#15" 9.93 1.43 4.25 18.0625 5 0 349.184 4 0 5.36
"16" "Redskins D/ST" "1.76-11.22" 23.97 1.92 0.96 0.66 0.06 0.18 "#28" 11.22 1.76 4.73 22.3729 5 0 354.644 5 -1 5.36
"11" "Texans D/ST" "1.05-11.29" 25.04 2.18 0.88 0.72 0 0.16 "#22" 11.29 1.05 5.12 26.2144 5 0 360.208 5 -1 5.34
"16" "Giants D/ST" "0.80-12.10" 23.83 2.16 0.9 0.64 0 0.18 "#20" 12.1 0.8 5.65 31.9225 5 0 353.916 5 -1 5.32
"15" "Dolphins D/ST" "0.21-13.03" 23.48 1.76 0.94 0.84 0.02 0.16 "#14" 13.03 0.21 6.41 41.0881 5 0 352.096 5 -1 5.32
"7" "Bills D/ST" "3.03-10.21" 17.84 1.59 0.74 0.49 0.03 0.2 "#20" 10.21 3.03 3.59 12.8881 5 0 322.768 4 0 5.31
"1" "Broncos D/ST" "0.45-12.99" 23.43 1.95 0.9 0.66 0.02 0.2 "#15" 12.99 0.45 6.27 39.3129 5 0 351.836 5 -1 5.31
"3" "Falcons D/ST" "-0.66-14.26" 28.17 2.32 1.07 0.79 0 0.21 "#6" 14.26 -0.66 7.46 55.6516 6 -1 376.484 5 -1 5.3
"3" "Titans D/ST" "0.74-11.98" 23.94 2.22 0.67 0.63 0.02 0.24 "#29" 11.98 0.74 5.62 31.5844 5 0 354.488 5 -1 5.3
"3" "Buccaneers D/ST" "-0.51-13.33" 30.28 2.72 0.82 0.95 0 0.17 "#10" 13.33 -0.51 6.92 47.8864 6 -1 387.456 5 -1 5.28
"15" "Patriots D/ST" "0.26-11.46" 26.49 1.74 1.04 0.58 0.04 0.2 "#10" 11.46 0.26 5.6 31.36 5 0 367.748 5 -1 5.26
"5" "Giants D/ST" "-1.21-14.13" 27.99 1.92 1.03 0.7 0.04 0.3 "#16" 14.13 -1.21 7.67 58.8289 6 -1 375.548 5 -1 5.26
"9" "Chargers D/ST" "-0.81-13.15" 25.19 2 0.86 0.66 0 0.2 "#15" 13.15 -0.81 6.98 48.7204 5 0 360.988 5 -1 5.24
"5" "Redskins D/ST" "0.64-11.54" 30.29 2.19 1.11 0.63 0 0.26 "#6" 11.54 0.64 5.45 29.7025 6 -1 387.508 5 -1 5.23
"1" "Dolphins D/ST" "1.97-10.99" 23.48 2.2 0.8 0.72 0.06 0.14 "#28" 10.99 1.97 4.51 20.3401 5 0 352.096 5 -1 5.2
"7" "Giants D/ST" "-0.64-13.28" 28.32 2.28 0.99 0.57 0.03 0.29 "#7" 13.28 -0.64 6.96 48.4416 6 -1 377.264 5 -1 5.2
"6" "Broncos D/ST" "-0.50-12.46" 31.72 2.7 1.07 0.74 0.03 0.13 "#1" 12.46 -0.5 6.48 41.9904 6 -1 394.944 5 -1 5.16
"17" "Packers D/ST" "0.17-11.75" 25.48 1.96 0.98 0.58 0 0.18 "#17" 11.75 0.17 5.79 33.5241 5 0 362.496 5 -1 5.16
"17" "Giants D/ST" "0.17-11.31" 25.99 2.18 0.94 0.48 0.02 0.18 "#19" 11.31 0.17 5.57 31.0249 5 0 365.148 5 -1 5.14
"15" "Colts D/ST" "0.53-11.31" 25.51 2.2 0.82 0.7 0.02 0.14 "#19" 11.31 0.53 5.39 29.0521 5 0 362.652 5 -1 5.12
"15" "Texans D/ST" "1.61-10.63" 24.77 2.32 0.7 0.7 0.02 0.16 "#27" 10.63 1.61 4.51 20.3401 5 0 358.804 5 -1 5.12
"13" "Giants D/ST" "0.08-11.54" 25.17 2.34 0.86 0.54 0.06 0.14 "#12" 11.54 0.08 5.73 32.8329 5 0 360.884 5 -1 5.1
"9" "Titans D/ST" "0.63-10.83" 26.28 2.16 0.8 0.6 0.02 0.18 "#19" 10.83 0.63 5.1 26.01 5 0 366.656 5 -1 5.08
"2" "Steelers D/ST" "1.26-10.46" 26.26 2.06 0.92 0.48 0 0.2 "#2" 10.46 1.26 4.6 21.16 5 0 366.552 5 -1 5.06
"12" "Titans D/ST" "1.18-11.22" 24.5 2.18 0.64 0.74 0.02 0.18 "#18" 11.22 1.18 5.02 25.2004 5 0 357.4 5 -1 5.06
"3" "Chargers D/ST" "-0.70-12.16" 29.72 2.46 1.07 0.59 0.03 0.2 "#1" 12.16 -0.7 6.43 41.3449 6 -1 384.544 5 -1 5.04
"11" "Cowboys D/ST" "0.75-10.79" 25.81 1.36 1 0.58 0.04 0.24 "#7" 10.79 0.75 5.02 25.2004 5 0 364.212 5 -1 5.04
"13" "Rams D/ST" "1.70-11.26" 23.89 2.36 1.04 0.5 0 0.1 "#17" 11.26 1.7 4.78 22.8484 5 0 354.228 5 -1 5.04
"7" "Saints D/ST" "-0.23-13.77" 27.33 2.32 0.93 0.8 0 0.21 "#8" 13.77 -0.23 7 49 6 -1 372.116 5 -1 5.04
"16" "Texans D/ST" "1.08-10.46" 25.57 1.92 0.86 0.62 0.04 0.18 "#24" 10.46 1.08 4.69 21.9961 5 0 362.964 5 -1 5.04
"5" "Falcons D/ST" "0.62-11.54" 24.86 1.6 1.16 0.46 0.02 0.19 "#10" 11.54 0.62 5.46 29.8116 5 0 359.272 5 -1 5.02
"5" "Raiders D/ST" "-0.51-12.81" 29.31 2.27 1.07 0.88 0.03 0.13 "#3" 12.81 -0.51 6.66 44.3556 6 -1 382.412 5 -1 5.01
"1" "Chiefs D/ST" "0.07-10.91" 25.49 1.76 0.84 0.7 0.04 0.18 "#3" 10.91 0.07 5.42 29.3764 5 0 362.548 5 -1 5
"11" "Redskins D/ST" "0.75-11.07" 24.48 1.79 0.96 0.54 0.06 0.18 "#18" 11.07 0.75 5.16 26.6256 5 0 357.296 5 -1 4.99
"12" "Texans D/ST" "1.82-10.20" 24.7 2.62 0.74 0.66 0.04 0.08 "#28" 10.2 1.82 4.19 17.5561 5 0 358.44 5 -1 4.98
"10" "Browns D/ST" "1.40-11.22" 23.23 2.17 0.9 0.58 0 0.14 "#7" 11.22 1.4 4.91 24.1081 5 0 350.796 5 -1 4.97
"5" "Seahawks D/ST" "-0.88-12.54" 29.77 2.34 0.81 0.88 0.02 0.2 "#1" 12.54 -0.88 6.71 45.0241 6 -1 384.804 5 -1 4.96
"6" "Buccaneers D/ST" "0.47-11.67" 29.52 2.53 0.78 1.05 0.05 0.11 "#7" 11.67 0.47 5.6 31.36 6 -1 383.504 5 -1 4.95
"10" "Eagles D/ST" "0.02-12.16" 23.18 2.63 0.82 0.44 0.04 0.12 "#19" 12.16 0.02 6.07 36.8449 5 0 350.536 5 -1 4.95
"14" "Eagles D/ST" "0.02-12.16" 23.18 2.63 0.82 0.44 0.04 0.12 "#19" 12.16 0.02 6.07 36.8449 5 0 350.536 5 -1 4.95
"9" "Falcons D/ST" "0.01-11.35" 25.72 2.1 0.78 0.68 0.04 0.14 "#22" 11.35 0.01 5.67 32.1489 5 0 363.744 5 -1 4.94
"4" "Giants D/ST" "-0.22-12.40" 29.9 2.28 1.03 0.79 0.03 0.16 "#6" 12.4 -0.22 6.31 39.8161 6 -1 385.48 5 -1 4.94
"6" "Cardinals D/ST" "1.65-10.55" 25.37 2.02 0.69 0.62 0.07 0.19 "#14" 10.55 1.65 4.45 19.8025 5 0 361.924 5 -1 4.92
"16" "Cowboys D/ST" "0.33-10.75" 26.33 1.4 1.06 0.6 0.06 0.18 "#9" 10.75 0.33 5.21 27.1441 5 0 366.916 5 -1 4.92
"9" "Panthers D/ST" "0.81-10.11" 25.74 1.72 0.62 0.84 0.04 0.2 "#9" 10.11 0.81 4.65 21.6225 5 0 363.848 5 -1 4.92
"13" "Panthers D/ST" "0.81-10.11" 25.74 1.72 0.62 0.84 0.04 0.2 "#9" 10.11 0.81 4.65 21.6225 5 0 363.848 5 -1 4.92
"1" "Giants D/ST" "-0.32-12.30" 24.41 1.98 0.82 0.52 0 0.2 "#29" 12.3 -0.32 6.31 39.8161 5 0 356.932 5 -1 4.86
"12" "Patriots D/ST" "1.22-11.56" 23.87 2.18 0.6 0.72 0.04 0.16 "#27" 11.56 1.22 5.17 26.7289 5 0 354.124 5 -1 4.86
"17" "Patriots D/ST" "1.22-11.56" 23.87 2.18 0.6 0.72 0.04 0.16 "#27" 11.56 1.22 5.17 26.7289 5 0 354.124 5 -1 4.86
"7" "Bengals D/ST" "-1.32-12.82" 31.6 2.21 1.21 0.68 0 0.14 "#2" 12.82 -1.32 7.07 49.9849 6 -1 394.32 5 -1 4.83
"4" "49ers D/ST" "-0.87-11.75" 31.69 2.2 0.7 0.98 0.03 0.2 "#3" 11.75 -0.87 6.31 39.8161 6 -1 394.788 5 -1 4.82
"6" "49ers D/ST" "0.23-11.75" 28.16 2.08 1 0.59 0.09 0.23 "#13" 11.75 0.23 5.76 33.1776 6 -1 376.432 5 -1 4.82
"3" "Colts D/ST" "-0.33-12.61" 29.87 2.54 0.79 0.87 0.03 0.15 "#24" 12.61 -0.33 6.47 41.8609 6 -1 385.324 5 -1 4.82
"11" "Bengals D/ST" "0.68-10.62" 25.4 2.08 0.98 0.44 0.02 0.14 "#8" 10.62 0.68 4.97 24.7009 5 0 362.08 5 -1 4.8
"4" "Dolphins D/ST" "0.85-10.97" 23.81 1.67 0.9 0.63 0.02 0.17 "#5" 10.97 0.85 5.06 25.6036 5 0 353.812 5 -1 4.79
"14" "Falcons D/ST" "0.87-10.47" 24.94 2.03 0.98 0.48 0 0.14 "#13" 10.47 0.87 4.8 23.04 5 0 359.688 5 -1 4.79
"13" "Vikings D/ST" "0.14-12.34" 24.08 1.9 0.84 0.54 0.02 0.18 "#5" 12.34 0.14 6.1 37.21 5 0 355.216 5 -1 4.78
"5" "Colts D/ST" "-0.27-11.21" 30.06 3.17 0.76 0.64 0.03 0.12 "#5" 11.21 -0.27 5.74 32.9476 6 -1 386.312 5 -1 4.75
"13" "49ers D/ST" "-0.39-11.05" 26.06 2.22 0.62 0.54 0.06 0.18 "#15" 11.05 -0.39 5.72 32.7184 5 0 365.512 5 -1 4.74
"15" "49ers D/ST" "-0.39-11.05" 26.06 2.22 0.62 0.54 0.06 0.18 "#15" 11.05 -0.39 5.72 32.7184 5 0 365.512 5 -1 4.74
"1" "Eagles D/ST" "0.95-10.81" 23.21 1.66 0.76 0.82 0.02 0.14 "#7" 10.81 0.95 4.93 24.3049 5 0 350.692 5 -1 4.7
"1" "Panthers D/ST" "-0.19-12.55" 23.37 1.9 0.86 0.58 0.04 0.14 "#19" 12.55 -0.19 6.37 40.5769 5 0 351.524 5 -1 4.7
"4" "Broncos D/ST" "-0.17-12.25" 27.92 2.34 0.83 0.71 0 0.21 "#2" 12.25 -0.17 6.21 38.5641 6 -1 375.184 5 -1 4.68
"2" "Panthers D/ST" "0.57-10.59" 25.48 2 0.7 0.74 0.04 0.12 "#7" 10.59 0.57 5.01 25.1001 5 0 362.496 5 -1 4.68
"4" "Vikings D/ST" "0.26-11.76" 27.16 2.3 0.95 0.83 0.05 0.12 "#1" 11.76 0.26 5.75 33.0625 6 -1 371.232 5 -1 4.68
"3" "49ers D/ST" "-0.92-12.08" 31.2 2.65 0.82 0.92 0 0.09 "#2" 12.08 -0.92 6.5 42.25 6 -1 392.24 5 -1 4.67
"9" "Texans D/ST" "0.30-12.04" 27.01 1.85 1 0.58 0.04 0.26 "#11" 12.04 0.3 5.87 34.4569 6 -1 370.452 5 -1 4.65
"8" "Colts D/ST" "0.86-10.84" 23.99 2.04 0.7 0.62 0 0.16 "#23" 10.84 0.86 4.99 24.9001 5 0 354.748 5 -1 4.64
"13" "Cowboys D/ST" "-0.14-11.60" 24.89 1.62 1 0.54 0.04 0.14 "#6" 11.6 -0.14 5.87 34.4569 5 0 359.428 5 -1 4.62
"14" "Rams D/ST" "0.14-10.48" 26.05 1.9 0.82 0.52 0.04 0.16 "#12" 10.48 0.14 5.17 26.7289 5 0 365.46 5 -1 4.62
"2" "Jaguars D/ST" "0.15-11.33" 27.61 2.02 1 0.7 0.04 0.18 "#5" 11.33 0.15 5.59 31.2481 6 -1 373.572 5 -1 4.58
"11" "Vikings D/ST" "0.92-10.38" 23.63 2.3 0.6 0.58 0.02 0.14 "#12" 10.38 0.92 4.73 22.3729 5 0 352.876 5 -1 4.54
"17" "Vikings D/ST" "0.92-10.38" 23.63 2.3 0.6 0.58 0.02 0.14 "#12" 10.38 0.92 4.73 22.3729 5 0 352.876 5 -1 4.54
"16" "Chiefs D/ST" "-0.59-10.81" 25.59 1.76 0.74 0.7 0.04 0.12 "#15" 10.81 -0.59 5.7 32.49 5 0 363.068 5 -1 4.44
"16" "49ers D/ST" "0.39-11.51" 26.73 2.56 0.66 0.6 0.06 0.2 "#12" 11.51 0.39 5.56 30.9136 6 -1 368.996 5 -1 4.4
"16" "Raiders D/ST" "0.95-10.81" 27.83 2.14 0.9 0.5 0.06 0.22 "#11" 10.81 0.95 4.93 24.3049 6 -1 374.716 5 -1 4.38
"10" "Rams D/ST" "0.56-10.10" 24.25 1.74 0.78 0.5 0.04 0.16 "#15" 10.1 0.56 4.77 22.7529 5 0 356.1 5 -1 4.34
"14" "Packers D/ST" "-1.08-11.60" 29.11 1.86 0.82 0.58 0.02 0.26 "#7" 11.6 -1.08 6.34 40.1956 6 -1 381.372 5 -1 4.26
"12" "49ers D/ST" "-0.44-11.16" 28.45 1.93 0.8 0.58 0.06 0.24 "#9" 11.16 -0.44 5.8 33.64 6 -1 377.94 5 -1 4.25
"8" "Saints D/ST" "0.21-10.67" 28.12 1.78 0.82 0.64 0.04 0.24 "#14" 10.67 0.21 5.23 27.3529 6 -1 376.224 5 -1 4.22
"2" "Giants D/ST" "0.36-9.62" 25.4 2.1 0.78 0.4 0 0.12 "#19" 9.62 0.36 4.63 21.4369 5 0 362.08 5 -1 4.18
"14" "Colts D/ST" "-0.13-11.01" 24.29 2.32 0.52 0.44 0.02 0.14 "#18" 11.01 -0.13 5.57 31.0249 5 0 356.308 5 -1 4.12
"2" "49ers D/ST" "0.12-8.82" 26.26 1.75 0.78 0.6 0 0.1 "#17" 8.82 0.12 4.35 18.9225 5 0 366.552 5 -1 4.11
"12" "Redskins D/ST" "0.37-11.17" 26.86 1.95 0.96 0.5 0.02 0.2 "#19" 11.17 0.37 5.4 29.16 6 -1 369.672 5 -1 4.11
"8" "Jets D/ST" "1.27-8.81" 23.43 1.9 0.72 0.64 0 0.08 "#12" 8.81 1.27 3.77 14.2129 5 0 351.836 5 -1 4.1
"16" "Ravens D/ST" "0.10-10.82" 28.14 1.66 0.7 0.7 0.04 0.26 "#3" 10.82 0.1 5.36 28.7296 6 -1 376.328 5 -1 4.1
"15" "Saints D/ST" "0.33-10.95" 27.53 2.18 0.7 0.68 0.04 0.18 "#16" 10.95 0.33 5.31 28.1961 6 -1 373.156 5 -1 4.1
"17" "Saints D/ST" "0.33-10.95" 27.53 2.18 0.7 0.68 0.04 0.18 "#16" 10.95 0.33 5.31 28.1961 6 -1 373.156 5 -1 4.1
"11" "Buccaneers D/ST" "0.89-10.19" 26.84 1.92 1.04 0.6 0.02 0.14 "#21" 10.19 0.89 4.65 21.6225 6 -1 369.568 5 -1 4.08
"1" "Colts D/ST" "-0.42-9.68" 26.32 1.78 0.86 0.42 0.04 0.1 "#4" 9.68 -0.42 5.05 25.5025 5 0 366.864 5 -1 4.02
"12" "Jets D/ST" "0.27-10.63" 26.86 1.74 0.9 0.76 0 0.16 "#5" 10.63 0.27 5.18 26.8324 6 -1 369.672 5 -1 4.02
"17" "Jets D/ST" "0.27-10.63" 26.86 1.74 0.9 0.76 0 0.16 "#5" 10.63 0.27 5.18 26.8324 6 -1 369.672 5 -1 4.02
"3" "Lions D/ST" "-0.68-11.68" 27.95 1.78 0.93 0.77 0.03 0.13 "#5" 11.68 -0.68 6.18 38.1924 6 -1 375.34 5 -1 4.02
"8" "Vikings D/ST" "-0.04-11.92" 26.78 1.66 0.96 0.66 0.02 0.18 "#6" 11.92 -0.04 5.98 35.7604 6 -1 369.256 5 -1 4.02
"2" "Packers D/ST" "0.43-10.53" 27.56 1.8 0.72 0.7 0.06 0.2 "#14" 10.53 0.43 5.05 25.5025 6 -1 373.312 5 -1 3.96
"9" "Redskins D/ST" "0.11-9.97" 28.07 1.76 0.84 0.58 0.02 0.22 "#7" 9.97 0.11 4.93 24.3049 6 -1 375.964 5 -1 3.96
"15" "Steelers D/ST" "-1.37-11.01" 29.25 1.86 0.94 0.52 0.02 0.18 "#5" 11.01 -1.37 6.19 38.3161 6 -1 382.1 5 -1 3.9
"2" "Bills D/ST" "0.65-9.45" 27.63 1.88 0.88 0.54 0.04 0.18 "#3" 9.45 0.65 4.4 19.36 6 -1 373.676 5 -1 3.88
"16" "Saints D/ST" "-0.64-10.28" 28.93 1.61 0.74 0.7 0.02 0.22 "#10" 10.28 -0.64 5.46 29.8116 6 -1 380.436 5 -1 3.85
"14" "Ravens D/ST" "0.37-9.67" 28.24 2.06 0.76 0.54 0.04 0.18 "#2" 9.67 0.37 4.65 21.6225 6 -1 376.848 5 -1 3.82
"10" "Buccaneers D/ST" "0.54-10.30" 26.7 2.24 0.82 0.38 0.1 0.16 "#22" 10.3 0.54 4.88 23.8144 6 -1 368.84 5 -1 3.8
"8" "Raiders D/ST" "0.51-9.75" 27.09 1.56 0.94 0.52 0.04 0.2 "#20" 9.75 0.51 4.62 21.3444 6 -1 370.868 5 -1 3.76
"6" "Chiefs D/ST" "-1.40-13.02" 34.44 2.25 0.96 0.8 0 0.33 "#5" 13.02 -1.4 7.21 51.9841 6 -1 409.088 6 -3 3.75
"17" "Lions D/ST" "-0.74-10.40" 29.19 2.41 0.83 0.4 0.02 0.14 "#13" 10.4 -0.74 5.57 31.0249 6 -1 381.788 5 -1 3.75
"2" "Buccaneers D/ST" "-0.10-10.24" 27.35 1.98 0.72 0.64 0.04 0.16 "#24" 10.24 -0.1 5.17 26.7289 6 -1 372.22 5 -1 3.74
"14" "Saints D/ST" "-0.63-9.85" 29.51 1.48 0.74 0.6 0.06 0.24 "#9" 9.85 -0.63 5.24 27.4576 6 -1 383.452 5 -1 3.72
"13" "Falcons D/ST" "0.19-9.99" 27.23 1.99 0.78 0.72 0 0.12 "#8" 9.99 0.19 4.9 24.01 6 -1 371.596 5 -1 3.71
"3" "Bills D/ST" "-0.91-11.17" 27.26 1.98 0.72 0.79 0.04 0.1 "#14" 11.17 -0.91 6.04 36.4816 6 -1 371.752 5 -1 3.68
"10" "Saints D/ST" "-0.47-10.23" 27.93 1.72 0.68 0.74 0.02 0.16 "#4" 10.23 -0.47 5.35 28.6225 6 -1 375.236 5 -1 3.56
"9" "Packers D/ST" "-1.43-9.91" 30.41 1.74 0.56 0.64 0.04 0.22 "#5" 9.91 -1.43 5.67 32.1489 6 -1 388.132 5 -1 3.54
"8" "Buccaneers D/ST" "0.30-9.08" 27.54 1.86 0.68 0.62 0.04 0.16 "#4" 9.08 0.3 4.39 19.2721 6 -1 373.208 5 -1 3.5
"12" "Saints D/ST" "-0.15-9.39" 28.07 1.34 0.82 0.56 0.04 0.22 "#7" 9.39 -0.15 4.77 22.7529 6 -1 375.964 5 -1 3.5
"9" "Browns D/ST" "-0.39-8.89" 30.37 1.98 0.84 0.48 0 0.14 "#2" 8.89 -0.39 4.64 21.5296 6 -1 387.924 5 -1 3.46
"15" "Eagles D/ST" "-1.16-9.94" 29.12 2.06 0.74 0.46 0.02 0.16 "#1" 9.94 -1.16 5.55 30.8025 6 -1 381.424 5 -1 3.46
"9" "Raiders D/ST" "-0.53-10.55" 27.46 1.86 0.8 0.46 0.06 0.16 "#25" 10.55 -0.53 5.54 30.6916 6 -1 372.792 5 -1 3.46
"10" "Redskins D/ST" "-0.70-9.54" 28.66 1.58 0.8 0.5 0.02 0.2 "#9" 9.54 -0.7 5.12 26.2144 6 -1 379.032 5 -1 3.42
"17" "Buccaneers D/ST" "0.79-8.09" 29.08 1.8 0.6 0.86 0.04 0.1 "#7" 8.09 0.79 3.65 13.3225 6 -1 381.216 5 -1 3.4
"11" "Packers D/ST" "0.63-8.69" 27.24 1.96 0.74 0.56 0.06 0.12 "#15" 8.69 0.63 4.03 16.2409 6 -1 371.648 5 -1 3.4
"12" "Cardinals D/ST" "0.35-8.95" 28.07 2.34 0.78 0.48 0 0.08 "#3" 8.95 0.35 4.3 18.49 6 -1 375.964 5 -1 3.34
"10" "Cardinals D/ST" "-0.24-9.10" 29.4 2.14 0.76 0.46 0 0.12 "#2" 9.1 -0.24 4.67 21.8089 6 -1 382.88 5 -1 3.3
"10" "Lions D/ST" "-0.74-9.84" 28.84 1.86 0.64 0.78 0 0.1 "#12" 9.84 -0.74 5.29 27.9841 6 -1 379.968 5 -1 3.3
"12" "Lions D/ST" "-0.74-9.84" 28.84 1.86 0.64 0.78 0 0.1 "#12" 9.84 -0.74 5.29 27.9841 6 -1 379.968 5 -1 3.3
"1" "Texans D/ST" "-1.11-9.47" 29.36 2.11 0.62 0.59 0.07 0.1 "#5" 9.47 -1.11 5.29 27.9841 6 -1 382.672 5 -1 3.27
"12" "Raiders D/ST" "0.01-9.51" 27.39 1.9 0.56 0.68 0.02 0.14 "#8" 9.51 0.01 4.75 22.5625 6 -1 372.428 5 -1 3.26
"16" "Falcons D/ST" "-0.85-9.75" 27.94 1.9 0.7 0.6 0.02 0.12 "#16" 9.75 -0.85 5.3 28.09 6 -1 375.288 5 -1 3.26
"11" "Lions D/ST" "-0.73-9.89" 28.17 2 0.68 0.62 0 0.1 "#16" 9.89 -0.73 5.31 28.1961 6 -1 376.484 5 -1 3.2
"11" "Rams D/ST" "-1.16-8.22" 31.54 1.52 0.8 0.5 0 0.18 "#2" 8.22 -1.16 4.69 21.9961 6 -1 394.008 5 -1 3.2
"8" "Broncos D/ST" "-1.66-10.16" 28.11 1.8 0.76 0.61 0.02 0.1 "#2" 10.16 -1.66 5.91 34.9281 6 -1 376.172 5 -1 3.18
"8" "Bills D/ST" "-0.37-9.39" 27.09 1.78 0.76 0.46 0 0.16 "#5" 9.39 -0.37 4.88 23.8144 6 -1 370.868 5 -1 3.18
"16" "Bills D/ST" "-0.37-9.39" 27.09 1.78 0.76 0.46 0 0.16 "#5" 9.39 -0.37 4.88 23.8144 6 -1 370.868 5 -1 3.18
"9" "Seahawks D/ST" "-0.14-9.48" 27.26 2.34 0.68 0.5 0 0.08 "#3" 9.48 -0.14 4.81 23.1361 6 -1 371.752 5 -1 3.18
"15" "Raiders D/ST" "0.00-8.60" 27.61 1.7 0.7 0.64 0 0.12 "#4" 8.6 0 4.3 18.49 6 -1 373.572 5 -1 3.1
"9" "Lions D/ST" "-0.52-8.84" 29.44 1.72 0.72 0.64 0.02 0.1 "#14" 8.84 -0.52 4.68 21.9024 6 -1 383.088 5 -1 3.08
"16" "Lions D/ST" "-0.52-8.84" 29.44 1.72 0.72 0.64 0.02 0.1 "#14" 8.84 -0.52 4.68 21.9024 6 -1 383.088 5 -1 3.08
"15" "Panthers D/ST" "-0.81-10.03" 27.37 1.56 0.66 0.64 0.04 0.14 "#6" 10.03 -0.81 5.42 29.3764 6 -1 372.324 5 -1 3.08
"17" "Panthers D/ST" "-0.81-10.03" 27.37 1.56 0.66 0.64 0.04 0.14 "#6" 10.03 -0.81 5.42 29.3764 6 -1 372.324 5 -1 3.08
"13" "Saints D/ST" "-0.88-9.88" 27.02 1.98 0.56 0.56 0 0.14 "#19" 9.88 -0.88 5.38 28.9444 6 -1 370.504 5 -1 3.06
"9" "Buccaneers D/ST" "-0.30-9.10" 27.66 1.94 0.66 0.48 0.06 0.12 "#16" 9.1 -0.3 4.7 22.09 6 -1 373.832 5 -1 3.06
"13" "Buccaneers D/ST" "-0.30-9.10" 27.66 1.94 0.66 0.48 0.06 0.12 "#16" 9.1 -0.3 4.7 22.09 6 -1 373.832 5 -1 3.06
"2" "Colts D/ST" "-0.31-8.83" 27.83 1.56 0.82 0.62 0 0.1 "#22" 8.83 -0.31 4.57 20.8849 6 -1 374.716 5 -1 3.04
"11" "Giants D/ST" "-0.79-8.55" 29.37 1.59 0.6 0.42 0.04 0.22 "#9" 8.55 -0.79 4.67 21.8089 6 -1 382.724 5 -1 3.03
"11" "Falcons D/ST" "-0.95-9.57" 27.01 2.1 0.64 0.44 0.02 0.12 "#19" 9.57 -0.95 5.26 27.6676 6 -1 370.452 5 -1 3.02
"14" "Raiders D/ST" "0.12-8.80" 26.75 1.6 0.64 0.7 0 0.12 "#10" 8.8 0.12 4.34 18.8356 6 -1 369.1 5 -1 3
"10" "Titans D/ST" "-0.36-8.12" 29.43 1.76 0.54 0.6 0.06 0.14 "#5" 8.12 -0.36 4.24 17.9776 6 -1 383.036 5 -1 3
"12" "Buccaneers D/ST" "-0.28-9.36" 26.59 2.02 0.8 0.52 0.04 0.04 "#25" 9.36 -0.28 4.82 23.2324 6 -1 368.268 5 -1 2.98
"2" "Chiefs D/ST" "-1.05-8.65" 29.79 1.4 0.82 0.62 0.04 0.1 "#10" 8.65 -1.05 4.85 23.5225 6 -1 384.908 5 -1 2.96
"17" "Falcons D/ST" "-1.17-8.87" 29.18 1.51 0.88 0.6 0 0.08 "#9" 8.87 -1.17 5.02 25.2004 6 -1 381.736 5 -1 2.95
"8" "Lions D/ST" "-0.84-8.56" 29.32 1.64 0.54 0.8 0 0.1 "#15" 8.56 -0.84 4.7 22.09 6 -1 382.464 5 -1 2.92
"15" "Buccaneers D/ST" "-0.41-8.85" 27.67 1.58 0.58 0.62 0.04 0.14 "#8" 8.85 -0.41 4.63 21.4369 6 -1 373.884 5 -1 2.9
"11" "Eagles D/ST" "-0.80-9.04" 28.06 1.92 0.72 0.52 0 0.08 "#6" 9.04 -0.8 4.92 24.2064 6 -1 375.912 5 -1 2.88
"16" "Steelers D/ST" "-1.70-9.06" 29.3 1.6 0.94 0.46 0 0.08 "#6" 9.06 -1.7 5.38 28.9444 6 -1 382.36 5 -1 2.88
"1" "49ers D/ST" "-0.12-8.04" 28.39 1.66 0.64 0.68 0.02 0.08 "#14" 8.04 -0.12 4.08 16.6464 6 -1 377.628 5 -1 2.82
"16" "Buccaneers D/ST" "-0.59-7.73" 30.42 1.9 0.56 0.4 0.06 0.14 "#19" 7.73 -0.59 4.16 17.3056 6 -1 388.184 5 -1 2.78
"16" "Seahawks D/ST" "-0.35-8.57" 27.81 2.1 0.68 0.46 0.02 0.06 "#2" 8.57 -0.35 4.46 19.8916 6 -1 374.612 5 -1 2.78
"15" "Packers D/ST" "-0.55-7.89" 29.31 1.94 0.64 0.48 0.04 0.08 "#12" 7.89 -0.55 4.22 17.8084 6 -1 382.412 5 -1 2.74
"10" "Bengals D/ST" "-0.82-8.18" 29.95 1.68 0.74 0.54 0 0.08 "#6" 8.18 -0.82 4.5 20.25 6 -1 385.74 5 -1 2.72
"16" "Cardinals D/ST" "-0.28-7.96" 29.83 1.98 0.64 0.54 0 0.06 "#1" 7.96 -0.28 4.12 16.9744 6 -1 385.116 5 -1 2.7
"10" "Seahawks D/ST" "-0.34-8.46" 27.75 1.98 0.7 0.48 0.04 0.04 "#1" 8.46 -0.34 4.4 19.36 6 -1 374.3 5 -1 2.66
"13" "Steelers D/ST" "-1.47-7.93" 30.5 1.52 0.86 0.46 0 0.08 "#3" 7.93 -1.47 4.7 22.09 6 -1 388.6 5 -1 2.64
"1" "Buccaneers D/ST" "-1.98-8.48" 31.37 1.42 0.62 0.54 0.02 0.14 "#6" 8.48 -1.98 5.23 27.3529 6 -1 393.124 5 -1 2.62
"14" "Bears D/ST" "-0.57-7.51" 29.06 2.04 0.62 0.52 0 0.04 "#1" 7.51 -0.57 4.04 16.3216 6 -1 381.112 5 -1 2.56
"7" "Titans D/ST" "-1.79-14.51" 35.26 3.01 0.91 0.98 0.07 0.27 "#3" 14.51 -1.79 8.15 66.4225 7 -3 413.352 6 -3 2.55
"14" "Bengals D/ST" "-1.21-7.81" 31.83 1.54 0.76 0.56 0 0.06 "#3" 7.81 -1.21 4.51 20.3401 6 -1 395.516 5 -1 2.54
"15" "Chargers D/ST" "-1.98-8.14" 30.58 1.8 0.68 0.44 0 0.08 "#2" 8.14 -1.98 5.06 25.6036 6 -1 389.016 5 -1 2.52
"9" "Rams D/ST" "-1.44-7.72" 30.23 1.48 0.58 0.5 0.02 0.12 "#6" 7.72 -1.44 4.58 20.9764 6 -1 387.196 5 -1 2.4
"11" "Broncos D/ST" "-1.21-8.21" 28.13 1.5 0.56 0.56 0.08 0.08 "#3" 8.21 -1.21 4.71 22.1841 6 -1 376.276 5 -1 2.38
"17" "Broncos D/ST" "-1.21-8.21" 28.13 1.5 0.56 0.56 0.08 0.08 "#3" 8.21 -1.21 4.71 22.1841 6 -1 376.276 5 -1 2.38
"14" "Buccaneers D/ST" "-1.73-7.31" 31.62 1.5 0.56 0.56 0.02 0.08 "#6" 7.31 -1.73 4.52 20.4304 6 -1 394.424 5 -1 2.26
"14" "Dolphins D/ST" "-0.64-7.78" 27.64 1.68 0.6 0.44 0.02 0.06 "#5" 7.78 -0.64 4.21 17.7241 6 -1 373.728 5 -1 2.16
"1" "Browns D/ST" "-1.42-7.00" 32.24 1.4 0.48 0.56 0 0.1 "#10" 7 -1.42 4.21 17.7241 6 -1 397.648 5 -1 2.08
"1" "Raiders D/ST" "-0.79-7.99" 28.09 1.52 0.52 0.4 0 0.12 "#1" 7.99 -0.79 4.39 19.2721 6 -1 376.068 5 -1 2.08
"7" "49ers D/ST" "-2.90-14.08" 34.55 3.49 1.16 0.73 0.03 0.06 "#1" 14.08 -2.9 8.49 72.0801 7 -3 409.66 6 -3 1.69
"12" "Falcons D/ST" "-1.88-6.78" 32.85 1.36 0.62 0.58 0 0.12 "#6" 6.78 -1.88 4.33 18.7489 6 -1 400.82 6 -3 0.48
"9" "Saints D/ST" "-2.32-7.42" 33.43 1.84 0.58 0.52 0 0.06 "#1" 7.42 -2.32 4.87 23.7169 6 -1 403.836 6 -3 0.4
"10" "Raiders D/ST" "-2.45-6.35" 33.52 1.28 0.58 0.56 0.02 0.06 "#3" 6.35 -2.45 4.4 19.36 6 -1 404.304 6 -3 -0.04
"8" "Packers D/ST" "-2.39-6.37" 33.51 1.56 0.42 0.38 0.02 0.12 "#1" 6.37 -2.39 4.38 19.1844 6 -1 404.252 6 -3 -0.0800000000000005
"2" "Browns D/ST" "-2.64-6.62" 34.48 1.34 0.48 0.54 0 0.08 "#6" 6.62 -2.64 4.63 21.4369 6 -1 409.296 6 -3 -0.14
"11" "Chiefs D/ST" "-2.15-7.67" 35.81 1.44 0.64 0.56 0 0.16 "#1" 7.67 -2.15 4.91 24.1081 7 -3 416.212 6 -3 -1.2
"15" "Chiefs D/ST" "-2.17-7.45" 35.39 1.4 0.7 0.38 0.04 0.18 "#3" 7.45 -2.17 4.81 23.1361 7 -3 414.028 6 -3 -1.28
"17" "49ers D/ST" "-2.47-6.01" 34.55 1.74 0.58 0.36 0.02 0.04 "#1" 6.01 -2.47 4.24 17.9776 7 -3 409.66 6 -3 -2.1
"13" "Lions D/ST" "-2.36-5.84" 35.38 1.24 0.56 0.5 0.02 0.08 "#1" 5.84 -2.36 4.1 16.81 7 -3 413.976 6 -3 -2.12
"13" "Raiders D/ST" "-3.42-5.56" 35.04 1.26 0.5 0.32 0.02 0.08 "#2" 5.56 -3.42 4.49 20.1601 7 -3 412.208 6 -3 -2.58
"17" "Raiders D/ST" "-3.42-5.56" 35.04 1.26 0.5 0.32 0.02 0.08 "#2" 5.56 -3.42 4.49 20.1601 7 -3 412.208 6 -3 -2.58
