"Player" "Pos" "X1" "X2" "X3" "X4" "X5" "X6" "X7" "X8" "X9" "X10" "X11" "X12" "X13" "X14" "X15" "X16" "X17"
"A.J. Derby" "TE" 1.73 1.73 2.65 0 0 0 2.29 2.2 1.77 2.12 NA 2.05 1.78 1.84 1.68 1.94 1.74
"A.J. Green" "WR" 12.65 10.69 11.96 9.6 11.17 11.93 12.36 14.7 NA 12.72 9.85 9.52 10.88 9.71 14.6 9.25 10.81
"A.J. McCarron" "QB" 0.54 0.5 0.63 0.61 0.57 0.58 NA 0.69 0.66 0.83 0.62 0.55 0.82 0.72 0.81 0.84 0.77
"Aaron Jones" "RB" 0 0 5.42 5.58 8.76 7.16 NA 7.94 7.03 7.52 5.75 6.11 6.68 7.82 5.45 5.89 7.56
"Aaron Rodgers" "QB" 22.36 19.52 20.7 22.61 21.59 21.89 NA 20.21 23.06 22.15 18.3 18.78 20.6 23.96 18.46 18.95 25.22
"Adam Humphries" "WR" 2.14 2.32 2.2 3.92 NA 3.72 3.57 2.99 3.9 2.77 3.86 4.04 4.02 3.52 3.27 3.93 3.17
"Adam Shaheen" "TE" 0 0 0 0 NA 0 0 0.56 0.41 0.45 0.56 0.43 0.41 0.45 0.51 0.52 0.53
"Adam Thielen" "WR" 11.05 10.03 11.35 9.78 12.27 13.17 14.47 16.39 14.83 NA 13.38 14.21 13.95 13.43 14.71 14.41 13.79
"Adrian Peterson" "RB" 3.71 9.35 9.32 NA 9.69 11.34 11.45 11.04 12.74 11.52 12.12 10.62 8.73 12 9.51 11.3 9.42
"Alan Cross" "TE" 0.67 0.57 0.54 0.49 NA 1.06 0.44 0.44 0.42 0.42 0.51 0.55 0.44 0.67 0.39 0.54 0.59
"Albert Wilson" "WR" 4.01 3.73 4.78 4.57 5.13 4.96 6.15 5.66 5.42 5.21 NA 5.06 5.56 5.42 5.17 5.04 5.27
"Aldrick Robinson" "WR" NA NA 0.5 0.43 2.13 0.51 0.54 0.74 0.67 NA 0.4 0.66 0.63 0.46 0.72 0.64 0.41
"Alex Armah" "RB" 0.69 0.61 0.63 NA 0.59 0.39 0.3 0.29 0.45 0.3 0.38 0.3 0.41 0.27 0.43 0.42 0.4
"Alex Collins" "RB" 10.28 8.1 9.93 9.97 7.62 5.99 10.35 10.24 10.59 NA 10.63 10.74 10.29 10.3 10.77 9.93 9.65
"Alex Erickson" "WR" 0.47 0.5 0.79 0.82 1.26 1.07 1.48 0.59 NA 0.56 0.46 0.47 0.5 0.45 0.62 0.46 0.45
"Alex Smith" "QB" 14.97 20.24 18.71 NA 19.7 19.02 16.03 18.49 17.78 18.95 19.58 15.09 13.82 19.73 13.71 18.64 14.8
"Alex Tanney" "QB" 0 0 0 0 0 0 0 0 NA 0 0 0 0 0 0 0 0
"Alfred Blue" "RB" 3.38 2.71 4.54 4.98 8.86 6.58 5.31 4.62 4.56 NA 4.77 5.39 3.79 5.32 3.86 3.86 3.29
"Alfred Morris" "RB" 5.23 7.48 8.35 6.96 6.2 6.73 3.74 3.15 3.87 3.68 NA 3.45 3 4.11 3.28 3.48 3.44
"Allen Hurns" "WR" 4.5 4.92 4.66 4.73 4.9 4.48 3.64 NA 3.07 3.34 4.46 3.77 4.26 3.46 2.91 5.01 3.3
"Allen Robinson" "WR" 8.56 8.46 8.4 7.7 NA 8.03 7.2 6.56 5.53 6.72 6.55 6.52 6.4 6.3 6.85 6.64 6.37
"Alshon Jeffery" "WR" 0 0 0 3.85 9.19 9.03 10.67 10.37 NA 11.08 11.06 9.93 8.89 10.66 9.09 11.86 8.55
"Alvin Kamara" "RB" 19.29 18.49 16.06 17.7 17.45 NA 13.68 13.62 14.9 13.95 13.86 15.27 13.14 13.62 12.93 14.25 13.86
"Amari Cooper" "WR" 8.35 8.45 8.25 10.1 9.01 7.5 NA 7.76 7.09 5.51 6.02 5.58 6.21 5.31 6.6 5.85 6.14
"Ameer Abdullah" "RB" 0 0 1.71 0 2.31 NA 1.6 1.65 1.33 1.5 1.65 1.59 2.37 1.6 1.52 1.41 2.18
"Andre Holmes" "WR" 0.97 0.44 0.45 0.53 0.39 2.02 2.46 2.69 2.2 2.39 NA 2.1 2.48 2.48 2.78 2.59 2.56
"Andre Roberts" "WR" NA NA 0.43 0.26 0.27 0.24 0.58 0.23 0.27 0.24 NA 0.25 0.22 0.24 0.22 0.22 0.24
"Andrew Luck" "QB" 18.05 15.88 14.26 18.38 16.92 15.45 18.69 21.03 NA 14.17 20.44 17.55 13.12 20.19 15.64 20.78 19.37
"Andy Dalton" "QB" 18.67 12.73 13.15 18.63 18.71 17.1 19.76 21.28 NA 22.31 12.64 15.9 18.52 16.85 20.98 14.99 15.39
"Andy Janovich" "RB" 0.84 0.85 1.25 1.01 1.34 1.31 1.49 1.36 1.45 NA 1.68 1.78 1.38 1.5 1.57 1.39 1.81
"Andy Jones" "WR" 0.51 0.54 0.47 0.56 0.6 NA 0.68 0.61 0.56 0.62 0.74 0.64 0.57 0.57 0.58 0.58 0.62
"Anthony Firkser" "TE" NA NA NA NA NA NA 0.65 NA 0.67 0.6 0.67 0.68 0.71 0.65 0.61 0.61 0.7
"Anthony Miller" "WR" 5.15 4.07 3.4 0 NA 4.19 4.04 4.48 4.66 2.93 4.64 2.82 3.83 4.01 3.76 3.86 4.52
"Anthony Sherman" "RB" 0.41 0.56 0.6 0.63 0.5 0.47 0.45 0.45 0.45 0.46 0.42 NA 0.49 0.47 0.44 0.45 0.52
"Antonio Brown" "WR" 12.94 14.65 15.35 15.87 15.59 14.88 NA 13.55 13.17 14.87 12.59 15.2 14.61 17.86 16.71 17.44 16.44
"Antonio Callaway" "WR" 4.39 4.32 6.27 6.42 6.8 6.97 6.24 5.78 5.3 5.6 NA 5.69 5.6 4.83 5.21 5.89 5.79
"Antonio Gates" "TE" 3.05 2.44 2.54 3.09 3.78 2.57 2.46 NA 2.47 2.83 2.94 2.17 2.63 2.66 2.56 2.26 2.8
"Antony Auclair" "TE" 0.62 0.53 0.66 0.69 NA 1.05 0.45 0.4 0.41 0.42 0.43 0.45 0.42 0.45 0.4 0.43 0.42
"Austin Carr" "WR" 4.3 4.06 2.13 2.18 1.24 NA 2.47 1.94 2.46 2.44 1.95 2.61 2.21 2.54 2.25 1.95 2.3
"Austin Ekeler" "RB" 5.93 5.43 5.26 6.53 7.42 6.56 7.05 NA 7.03 5.98 8.28 7.67 6.94 7.48 6.57 6 7.67
"Austin Hooper" "TE" 3.37 4.61 3.39 3.94 4.21 6.12 8.2 NA 5.76 4.36 7.07 7.46 4.8 8 4.34 6.93 8.01
"Baker Mayfield" "QB" 2.19 1.78 0.88 18.36 13.22 17.36 17.72 13.52 15.89 16.61 NA 15.79 17.71 15.32 15.26 16.74 10.48
"Ben Braunecker" "TE" 0.59 0.59 0.42 0.61 NA 0.48 0.32 0.3 0.34 0.39 0.29 0.38 0.33 0.28 0.31 0.3 0.28
"Ben Roethlisberger" "QB" 16.58 18.92 21.35 19.29 22.82 20.06 NA 19.62 18.24 21.6 18.82 20.86 21.1 22.33 22.56 22.34 21.54
"Benjamin Watson" "TE" 4.43 5.18 4.84 5.88 5.16 NA 4.51 4.82 5.45 6.27 4.45 5.69 5.43 6.21 5.95 4.83 6.2
"Benny Cunningham" "RB" 1.06 1.03 1.2 0.52 NA 0.48 0.61 0.6 0.53 0.52 0.56 0.49 0.54 0.57 0.53 0.55 0.53
"Bilal Powell" "RB" 5.55 5.95 6.92 6.09 8.05 7.59 5.53 5.99 5.15 6.34 NA 7.24 6.94 5.87 6.63 7.8 6.68
"Blaine Gabbert" "QB" 0.4 15.24 9.72 0 0.34 0.69 0.48 NA 0.47 0.62 0.58 0.54 0.48 0.43 0.58 0.58 0.62
"Blake Bortles" "QB" 14.58 16.97 17.51 16.2 19.98 18.66 17.1 16.74 NA 17.85 16.64 16.27 18.92 17.48 18.52 16.58 16.93
"Blake Jarwin" "TE" 4.51 3.15 1.56 1.74 1.59 1.25 1.24 NA 1.32 1.01 1.17 1.29 1.24 1.04 1.17 1.75 1.24
"Brandin Cooks" "WR" 8.64 9.77 9.96 10.84 12.13 10.51 12.47 11.09 11.32 12.23 12.11 NA 11.2 11.28 11.02 11.71 11.8
"Brandon Bolden" "RB" 0.54 0.52 0.52 0.43 0.58 0.37 0.61 0.58 0.51 0.7 NA 0.6 0.47 0.75 0.46 0.49 0.45
"Brandon LaFell" "WR" 0 2.33 0.72 0 0 0 NA 2.29 2.18 2.27 2.34 2.19 2.79 2.47 1.91 2.15 2.71
"Brandon Marshall" "WR" 4.59 6.41 5.46 4.19 3.08 3.69 NA 4.03 4.09 4.05 4.22 4.08 4.38 2.88 4.21 4.12 2.68
"Brandon Weeden" "QB" 0.77 0.73 0.94 0.82 0.88 0.8 0.73 0.8 0.81 NA 0.81 0.78 0.75 0.79 0.73 0.72 0.77
"Brandon Zylstra" "WR" NA NA NA NA NA 0.52 0.59 0.6 0.65 NA 0.62 0.57 0.58 0.59 0.59 0.63 0.65
"Breshad Perriman" "WR" NA NA 0 NA NA 0 1.07 0.57 0.53 0.6 NA 0.51 0.46 0.54 0.5 0.52 0.62
"Brett Hundley" "QB" 0.64 0.62 1.01 0.88 1.04 1.1 NA 1.05 1 0.96 1.04 0.96 1.06 0.85 1 1.01 0.82
"Brian Hill" "RB" NA 0.51 1.51 0.94 0 0 0.89 NA 0.61 0.45 0.6 0.53 0.57 0.56 0.49 0.57 0.48
"Brian Hoyer" "QB" 0.78 0.58 0.73 0.99 0.99 0.98 0.67 0.6 0.87 0.78 NA 0.69 0.75 0.77 0.69 0.64 0.73
"Brian Parker" "TE" NA NA NA NA 0.45 0.4 0.37 0.38 0.33 NA 0.3 0.37 0.32 0.3 0.4 0.41 0.31
"Brian Quick" "WR" NA 0.81 0.77 NA 0.67 1.73 1.45 0.83 0.84 0.85 0.79 0.7 0.63 0.83 0.47 0.83 0.63
"Brice Butler" "WR" NA NA NA 0.81 0.87 0 1.91 NA 0.96 0.64 0.92 1 0.86 0.66 0.87 0.99 0.87
"Brock Osweiler" "QB" 0 0 0 0 0 11.9 14.25 15.64 0.93 0.93 NA 0.97 0.77 0.92 0.84 0.74 0.73
"Bruce Ellington" "WR" 3.18 2.71 3.1 0 0 0 0 0 0 NA 0 2.83 3.4 2.84 3.48 3.29 3.24
"Buddy Howell" "RB" NA NA NA 1.39 1.62 0.41 0.34 0.5 0.46 NA 0.56 0.69 0.31 0.64 0.43 0.39 0.35
"C.J. Anderson" "RB" 5.1 5.74 5.37 NA 6.18 3.54 1.8 1.55 2.11 1.83 2 1.9 1.99 1.67 2.24 2.15 2.09
"C.J. Beathard" "QB" 0.67 0.9 0.86 14.05 12.92 14.14 15.46 13.08 14.79 15.06 NA 14.86 12.51 15.09 13.19 14.04 14.56
"C.J. Ham" "RB" 0.53 0.6 0.55 0.48 0.45 0.41 0.61 0.6 0.59 NA 0.5 0.59 0.56 0.46 0.68 0.55 0.54
"C.J. Prosise" "RB" 1.61 2.16 0 0 0 0 NA 0.6 0.45 0.62 0.53 0.49 0.53 0.55 0.51 0.65 0.44
"C.J. Uzomah" "TE" 0.5 0.33 0.36 0.56 3.49 4.03 5.74 6.39 NA 6.17 3.44 4.49 5.87 5.16 6.45 4.3 4.73
"Calvin Ridley" "WR" 4.15 4.23 3.09 6.83 7.75 8.17 6.86 NA 6.35 6.5 6.43 6.65 7.9 6.47 7.57 6.58 7.32
"Cam Newton" "QB" 19.87 18.22 20.18 NA 23.25 20.43 18.19 16.97 24.81 17.96 23.03 17.99 23.03 17.99 24.26 24.66 22.52
"Cameron Artis-Payne" "RB" 0 2 1.25 NA 0 0 1.24 1.16 1.93 1.38 1.82 1.27 1.81 1.31 1.87 1.88 1.76
"Cameron Batson" "WR" NA NA NA NA NA NA 0.6 NA 0.55 0.64 0.68 0.53 0.61 0.48 0.66 0.63 0.7
"Cameron Brate" "TE" 4.81 2.42 2.43 3.89 NA 4.41 3.62 4.73 5 4.72 4.04 4.58 5.28 4.4 3.88 4.01 4.59
"Cameron Meredith" "WR" 0 0 1.13 2.75 4.09 NA 2.59 1.07 1.26 1.11 1.13 1.31 1.03 1.14 1.09 1.08 1.1
"Carlos Hyde" "RB" 8.59 10.03 11.24 11.7 10.39 12.06 11.01 9.51 12 11.93 NA 10 9.72 10.23 10.05 10.96 7.26
"Carson Wentz" "QB" 0 0 19.52 19.86 19.39 17.73 18 17.17 NA 20.22 23.18 24.54 20.55 19.09 20.25 25.4 19.28
"Case Keenum" "QB" 12.53 17.08 12.85 17.84 15.61 16.86 16.94 19.12 20.96 NA 18 18.21 17.58 18.78 16.87 19.77 19.21
"Chad Henne" "QB" 0.46 0.54 0.58 0.35 0.47 0.42 0.49 0.5 0.47 0.5 0.49 NA 0.4 0.45 0.44 0.43 0.42
"Chad Kelly" "QB" NA NA NA NA NA NA 0.71 0.8 0.74 NA 0.82 0.85 0.79 0.82 0.75 0.78 0.87
"Chad Williams" "WR" 1.73 1.88 1.94 0.78 3.86 3.11 2.38 2.48 NA 2.23 2.31 2.04 2.53 2.39 2.29 2.47 1.7
"Charles Clay" "TE" 4.25 4.32 4.02 4.18 4.51 4.77 4.37 4.36 3.8 4.19 NA 4.1 4.08 4.31 5.56 4.24 4.2
"Charone Peake" "WR" 0.6 0.67 0.73 0 0 0 1.39 0.5 0.54 0.5 NA 0.63 0.66 0.49 0.77 0.53 0.62
"Chase Daniel" "QB" 0.75 0.76 0.79 0.91 NA 0.77 0.81 0.82 0.7 0.79 0.71 0.74 0.82 0.86 0.84 0.77 0.67
"Chase Edmonds" "RB" 4.47 3.93 4.04 3.81 4.03 1.22 1.13 0.98 NA 1.08 1.16 0.86 0.98 1.1 1.15 1.32 0.87
"Chester Rogers" "WR" 3.47 2.78 2.6 2.78 6.73 7.4 6.67 6.41 NA 4.96 6 6.65 4.82 5.28 5.72 6.24 5.8
"Chris Carson" "RB" 7.79 7.98 6 0 7.35 11.48 NA 11.77 8.22 10.51 11.49 9.91 10.93 7.95 9.97 12.39 9.66
"Chris Conley" "WR" 2.15 2.51 3.21 3.54 4.03 2.15 2.3 2.01 2.2 2.14 2.39 NA 2.69 1.93 2.09 2.27 2.8
"Chris Godwin" "WR" 4.36 5.11 4.49 5.58 NA 6.1 6.08 5.82 5.75 5.85 5.74 6.11 5.94 5.65 5.79 5.35 5.27
"Chris Herndon" "TE" NA NA 2.91 0.95 0.93 1.12 1.38 1.84 1.67 1.89 NA 2.12 1.96 1.8 1.81 1.97 2.04
"Chris Hogan" "WR" 10.52 9.55 8.48 5.93 4.64 4.85 3.99 3.74 3.83 3.83 NA 3.54 3.84 3.87 3.39 3.87 3.61
"Chris Ivory" "RB" 4.03 4.69 6.79 5.6 5.61 4.79 4.77 4.99 3.01 3.46 NA 2.74 4.67 3.71 5.16 4.67 4.99
"Chris Manhertz" "TE" 0.37 0.39 2.96 NA 1.25 0.52 0.15 0.16 0.19 0.15 0.18 0.16 0.18 0.15 0.2 0.24 0.19
"Chris Moore" "WR" 0.29 0.39 0.49 0.45 0.66 0.5 0.43 0.41 0.45 NA 0.47 0.41 0.38 0.34 0.37 0.42 0.47
"Chris Thompson" "RB" 6.44 9.95 8.98 NA 8.8 0 7.24 7.9 7.91 7.72 8.87 6.83 6.62 8.35 7.22 7.58 7.06
"Christian Kirk" "WR" 3.94 4.56 4.59 3.99 5.75 5.28 7.17 8.56 NA 6.9 7.09 6.39 7.69 7.19 7.35 7.32 6.6
"Christian McCaffrey" "RB" 14.11 12.35 13.11 NA 15.54 14.75 13.01 12.61 13.61 11.78 13.03 13.21 12.78 12.1 11.81 14.95 11.2
"Cody Core" "WR" 0 0 0.39 0.58 1.51 1.35 0.07 0.03 NA 0.03 0.03 0.03 0.03 0.03 0.03 0.03 0.03
"Cody Kessler" "QB" 0.46 0.59 0.55 0.54 0.88 0.79 0.8 0.78 NA 0.74 0.85 0.69 0.78 0.8 0.85 0.84 0.76
"Cody Latimer" "WR" 1.86 2.68 3.52 0 1.41 1.08 0 0 NA 0 0 0 0 0 0 0 0
"Cole Beasley" "WR" 2.6 4.49 4.38 4.44 4.5 4.5 5.8 NA 5.76 5.1 4.68 4.95 5.76 5.28 5.24 5.37 5.26
"Cole Wick" "TE" 0.46 0.59 0.55 0.49 0.45 0 0.43 0.39 0.44 0.38 NA 0.44 0.29 0.45 0.29 0.35 0.41
"Colt McCoy" "QB" 0.68 0.78 0.83 NA 0.82 0.82 0.81 0.79 0.84 0.77 0.79 0.76 0.74 0.83 0.74 0.81 0.79
"Cooper Kupp" "WR" 7.59 5.72 6 8.02 9.57 10.27 0 12.22 13.78 12.48 12 NA 12.21 11.09 11.51 11.44 13.1
"Cooper Rush" "QB" 0.68 0.73 0.65 0.82 0.79 0.79 0.66 NA 0.7 0.69 0.68 0.7 0.7 0.73 0.63 0.69 0.64
"Cordarrelle Patterson" "WR" 1.95 1.36 0.91 0.31 1.97 2.85 3.34 3.55 3.13 2.87 NA 3.12 3.12 2.87 3.85 3.64 3.2
"Corey Clement" "RB" 4.8 5.73 10.4 0 2.04 9.33 9.29 9.04 NA 8.29 9.04 9.56 9.75 7.74 9.36 8.97 8.89
"Corey Davis" "WR" 7.61 8.25 8.03 8.35 9.16 8.49 6.97 NA 7.17 9.65 8.81 8.59 7.16 7.3 9.04 8.59 9.25
"Courtland Sutton" "WR" 3.08 4.48 2.41 4.06 4.99 4.7 4.69 4.21 4.48 NA 3.58 3.84 3.79 3.9 4.13 4.26 3.65
"Curtis Samuel" "WR" 0 0 0 NA 1.68 2.52 0.94 0.86 1.39 0.91 1.16 0.96 1.27 0.91 1.26 1.36 1.26
"D'Onta Foreman" "RB" 0 0 0 0 0 0 0 2.65 4.72 NA 5.04 5.25 4.23 4.95 4.81 3.96 3.56
"D.J. Chark" "WR" 1.58 1.44 0.62 0.56 0.61 1.52 1.28 1.13 NA 1.49 1.11 1.02 1.49 1.17 1.48 1.08 1.1
"D.J. Moore" "WR" 5.19 4.31 3.41 NA 3.25 5.88 4.94 5.32 6.88 4.5 5.45 4.86 6.62 5.07 5.83 5.43 5.58
"DaeSean Hamilton" "WR" NA NA NA 0.55 0.57 0.65 0.57 0.73 0.63 NA 0.61 0.67 0.69 0.65 0.55 0.6 0.63
"Dak Prescott" "QB" 15.04 15.59 13.81 17.43 17.57 14.58 17.95 NA 19.27 15.53 18.85 19.37 19.98 16.69 17.84 21.42 17.87
"Dallas Goedert" "TE" 2.47 3.02 3.15 3.45 2.64 2.93 2.77 1.93 NA 2.03 2.88 3.02 3.69 2.03 3.58 3.26 3.51
"Dalvin Cook" "RB" 13.38 12.7 0 8.07 0 0 8.81 13.36 13.35 NA 9.71 13.03 11.06 9.16 10.26 12.33 9.46
"Damien Williams" "RB" 0.33 0.4 0.35 0.32 0.27 0.28 0.37 0.34 0.35 0.38 0.34 NA 0.45 0.39 0.31 0.32 0.46
"Damiere Byrd" "WR" 0.61 0 0 NA 1.2 0 0.67 0.58 0.75 0.61 0.7 0.73 0.73 0.66 0.59 0.74 0.58
"Damion Ratley" "WR" NA NA NA NA NA NA 4.01 2.96 3.57 3.48 NA 3.28 3.6 3.48 3.21 3.37 3.03
"Daniel Brown" "TE" 0 0.58 0.49 0.63 NA 0.49 0.61 0.53 0.53 0.58 0.48 0.55 0.43 0.49 0.44 0.52 0.46
"Danny Amendola" "WR" 5.16 4.27 4.64 5.39 4.95 4.26 4.66 5.04 3.4 4.19 NA 4.4 3.93 4.08 3.85 4.01 3.88
"Dante Pettis" "WR" NA 5.99 4.74 2.39 0 0 1.08 1.9 2.43 2.74 NA 2.31 2.23 1.68 2.33 2.1 2.03
"Darius Jennings" "WR" 0.65 0.7 0.45 0.48 0.5 0.45 0.41 NA 0.4 0.35 0.44 0.43 0.38 0.4 0.44 0.45 0.44
"Darrell Daniels" "TE" 0.27 0.21 2.87 0 NA 2.42 NA 0.75 1.1 0.8 0.72 0.83 0.73 0.96 0.72 0.7 1.15
"Darren Fells" "TE" 1.48 1.33 2.14 2.99 2.29 3.17 2.55 2.09 2.44 2.35 NA 2.44 2.6 2.04 2.22 2.56 2.1
"Darren Sproles" "RB" 3.72 0 0 0 0 0 2.24 2.93 NA 3.08 3.49 3.69 4.87 2.92 4.68 3.55 4.54
"Darrius Heyward-Bey" "WR" 1.62 1.51 0.77 2.12 0 0 NA 0.71 0.59 0.82 0.63 0.73 0.9 0.98 0.86 0.89 0.85
"Davante Adams" "WR" 9.99 9.71 11.35 11.85 13.1 12.33 NA 14.46 13.22 13.31 11.09 13.05 10.73 16.11 10.91 11.9 15.73
"David Fales" "QB" 0 0 0 0 0 0 0 0 0 0 NA 0 0 0 0 0 0
"David Fluellen" "RB" 0.97 0.91 0 0 1.01 1.39 1.55 NA 1.4 1.94 1.74 1.63 1.38 1.37 1.79 1.64 1.83
"David Grinnage" "TE" NA NA NA NA NA NA 0.98 0.39 NA 0.52 0.42 0.37 0.54 0.55 0.53 0.46 0.48
"David Johnson" "RB" 18.44 14.9 11.35 10.72 14.08 10.57 10.87 10.4 NA 13.61 12.67 10.22 11.11 12.79 12.49 13.18 9.55
"David Moore" "WR" NA 0.63 1.67 1.31 0.48 3.76 NA 4.1 4.36 4.29 3.84 3.75 3.37 5.14 3.37 4.34 4.42
"David Morgan" "TE" 1.36 1.27 0 1.77 1.74 1.53 1.55 1.44 1.94 NA 1.41 2 1.31 1.38 1.46 1.85 1.47
"David Njoku" "TE" 4.12 5.14 4.43 5.89 5.83 6.44 7.19 5.77 5.79 6.15 NA 5.45 6.94 7.04 6.99 5.52 4.37
"De'Lance Turner" "RB" NA NA NA NA 0.94 1.37 1.4 1.12 1.11 NA 0.5 0.72 0.54 0.63 0.77 0.47 0.55
"DeAndre Carter" "WR" NA 0.81 0 0.76 0.78 0.66 0.43 0.63 NA 0.64 0.66 0.73 0.59 0.62 0.58 0.59 0.57
"DeAndre Hopkins" "WR" 14.98 12.4 13.01 14.53 15.31 14.46 11.41 14.7 13.42 NA 13.12 14.97 11.28 16.07 11.86 11.62 11.83
"DeAndre Washington" "RB" 0 0 0 0 0 0 NA 0.67 0.6 0.38 0.41 0.48 0.74 0.43 0.55 0.49 0.7
"Dede Westbrook" "WR" 4.79 4.34 4.82 4.5 6.16 6.09 6.42 6.94 NA 7.32 7.94 5.29 7.56 7.49 8.25 5.91 6.12
"Demarcus Robinson" "WR" 0.47 0.39 0.38 0.39 1.03 0.29 0.29 0.29 0.33 0.35 0.26 NA 0.31 0.32 0.34 0.35 0.31
"Demaryius Thomas" "WR" 8.73 9.74 8.51 8.78 7.92 8.7 7.66 8.93 8.88 NA 7.94 8.23 9.44 9.37 7.42 9.39 8.22
"Demetrius Harris" "TE" 0 1.86 2.97 1.95 2.81 1.97 2.23 3.34 3.53 3.71 2.59 NA 2.57 3.57 3.21 3.48 2.68
"Deonte Thompson" "WR" 1.87 2.28 3.68 3.49 3.36 2.71 1.07 NA 0.55 0.58 0.54 0.52 0.57 0.59 0.55 0.63 0.56
"Derek Anderson" "QB" NA NA NA NA NA 0 14.11 13.81 6.69 6.82 NA 0 0 0 0 0 0
"Derek Carr" "QB" 14.26 11.98 13.33 15.92 14.83 15.77 NA 17.92 15.95 14.63 12.79 11.23 16.52 13.15 14.21 14.34 15.64
"Derek Carrier" "TE" 1.01 1.18 1.37 1.6 1.24 1.09 NA 1.17 1.18 1.13 0.96 0.77 1 0.87 1.02 1.13 1
"Derek Watt" "RB" 0.75 0.72 0.74 0.91 1.04 0.56 0.59 NA 0.53 0.55 0.74 0.62 0.56 0.64 0.59 0.5 0.67
"Derrick Coleman" "RB" NA 0.28 0.18 0.24 0.2 0.2 0.23 0.21 NA 0.23 0.2 0.22 0.24 0.26 0.23 0.24 0.23
"Derrick Henry" "RB" 9.4 9.16 8.99 8.74 10.03 7.21 7.6 NA 7.53 9.26 8.57 8.55 8.15 6.59 8.36 8.61 9.47
"DeSean Jackson" "WR" 5.87 6.54 6.97 6.04 NA 7.25 6.61 6.12 6.57 6.84 5.87 6.03 6.75 6.45 7.43 5.86 6.68
"Deshaun Watson" "QB" 19.16 18.95 19.66 22.18 23.21 20.62 18.15 20.94 18.17 NA 17.9 21.89 19.03 22.31 18.41 17.79 19.24
"DeShone Kizer" "QB" 0.98 1.39 0.77 0.96 0.72 0.6 NA 0.16 0.22 0.31 0.35 0.3 0.36 0.2 0.33 0.28 0.18
"DeVante Parker" "WR" 0 0 5.34 0 0 3.97 3.56 3.2 3.07 3.26 NA 3.45 2.88 4.1 3.43 3.3 2.78
"Devin Funchess" "WR" 7.9 7.73 8.26 NA 9.53 7.95 7.44 6.8 8.69 7.12 7.07 8.07 8.39 6.69 8.16 8.01 7.93
"Devonta Freeman" "RB" 10.38 0 0 0 8.95 0 0 NA 0 0 0 0 0 0 0 0 0
"Devontae Booker" "RB" 5.35 5.6 1.92 2.25 1.58 3.08 2.88 3.44 3.13 NA 3.11 3.22 3.43 3.44 2.75 3.27 3.33
"Dion Lewis" "RB" 6.85 8.04 8.89 8.45 8.28 8.42 7.42 NA 8.09 9.5 8.65 7.89 7.47 6.28 8.36 8.7 9.22
"Dion Sims" "TE" 2.15 2.48 1.06 2.06 NA 1.29 1.05 1.05 1.12 1.52 1.14 1.46 1.35 1.46 1.4 1.34 1.14
"Donte Moncrief" "WR" 4.45 4.17 6.04 5.71 5.69 6.78 5.55 5.71 NA 7.81 6.5 5.25 8.19 7.96 6.63 6.37 5.99
"Dontrell Hilliard" "RB" NA NA NA NA NA NA 0.58 0.61 0.65 0.63 NA 0.7 0.43 0.69 0.7 0.75 0.44
"Doug Baldwin" "WR" 9.27 0 0 7.83 9.06 9.08 NA 8.24 9.71 7.78 9.12 8.42 8.52 7.62 8.22 7.97 6.36
"Doug Martin" "RB" 4.94 3.81 5.43 4.49 4.94 3.26 NA 2.93 2.76 3.46 3.34 3.04 3.01 3.75 3.32 3.78 2.77
"Drew Brees" "QB" 24.06 23.92 19.97 22.68 21.26 NA 19.45 22.32 22.1 20.07 21.83 23.12 22.24 24.47 21.3 21.66 22.69
"Drew Stanton" "QB" 0 0 0 0.96 0 0 0 0 0 0 NA 0 0 0 0 0 0
"Duke Johnson Jr." "RB" 7.5 6.42 4.67 6.12 4.55 4.83 5.94 5.56 6.34 5.82 NA 6.35 5.56 6.34 5.8 6.74 5.23
"Durham Smythe" "TE" NA NA NA NA 0.49 0.48 0.48 0.48 0.31 0.4 NA 0.39 0.41 0.39 0.23 0.35 0.4
"Dwayne Allen" "TE" 1.99 0.72 1.19 1.49 1.17 0.79 0.45 0.35 0.93 0.87 NA 0.48 0.43 0.57 0.63 0.35 0.49
"Dwayne Harris" "WR" 0.62 0 0.65 0.4 0.38 0.44 NA 0.44 0.43 0.45 0.41 0.4 0.46 0.42 0.45 0.41 0.44
"Dwayne Washington" "RB" NA NA NA 1.2 0.36 NA 0.23 0.21 0.36 0.35 0.21 0.37 0.32 0.35 0.33 0.31 0.35
"Ed Dickson" "TE" 0 0 0 0 0 0 NA 1.97 2.3 2.26 2.64 2.28 2.56 2.24 2.46 2.11 2.58
"Eli Manning" "QB" 10.9 15.42 15.64 18.07 13.7 14.69 18.5 16.66 NA 16.41 20.13 13.2 14.63 15.75 17.78 16.78 16.58
"Eli Rogers" "WR" 0 0 0 0 0 0.5 NA 0.61 0.56 0.58 0.58 0.55 0.57 0.51 0.44 0.51 0.5
"Elijah McGuire" "RB" 0 0 0 0 0 0 0 1.41 1.47 1.36 NA 1.76 1.59 1.28 1.66 1.68 1.66
"Elijhaa Penny" "RB" NA NA 0.55 0.7 0.66 0.42 0.62 0.58 NA 0.54 0.5 0.44 0.56 0.55 0.59 0.56 0.54
"Emmanuel Sanders" "WR" 8.17 8.89 8.67 9.93 8.33 8.59 8.29 10.51 10.34 NA 9.02 9.18 11.26 10.89 8.48 11.24 9.3
"Equanimeous St. Brown" "WR" NA NA NA NA NA 4.34 NA 1.17 1.22 1.28 1.27 1.3 1.22 1.25 1.2 1.27 1.43
"Eric Ebron" "TE" 3.51 4.24 6.21 5.46 6.17 7.82 7.48 7.76 NA 7.76 8.08 8.47 7.48 8.28 8.38 7.61 7.75
"Eric Saubert" "TE" 0.97 1 2.17 1.91 1.81 1.81 1.27 NA 1.23 1.15 0.97 1.54 1.08 1.25 1.2 1.12 1.58
"Eric Tomlinson" "TE" 0.5 1.12 1.81 1.38 2.32 2.27 1.94 1.86 1.88 1.77 NA 1.87 1.5 1.71 2.04 1.65 1.78
"Erik Swoope" "TE" 0.58 0 1.91 0 1.71 1.57 1.78 0.89 NA 0.85 0.82 0.76 0.8 0.84 0.88 0.93 0.77
"Evan Engram" "TE" 6.06 6.56 7.25 0 0 0 3.15 6.58 NA 6 6.15 7.25 7.16 6.82 5.87 5.62 6
"Ezekiel Elliott" "RB" 14.51 16.97 17.57 17.93 17.41 16.29 17.84 NA 21.01 17.38 19.26 22.11 21.28 18.88 19.04 18.28 18.73
"Frank Gore" "RB" 5.11 5.6 7.18 7.04 6.27 7.1 7.79 4.79 5.77 6.04 NA 6.09 4.9 6.14 4.51 5.46 4.58
"Gabe Holmes" "TE" 0.46 0.4 1.81 0.45 0.45 0.44 0.64 0.51 NA 0.53 0.58 0.47 0.47 0.57 0.51 0.59 0.44
"Garrett Celek" "TE" 1.77 2.57 1.97 4 2.14 3.39 2.58 2.68 3.05 3.31 NA 3.08 2.86 3.06 2.99 3.01 3.05
"Geno Smith" "QB" 0.29 0.28 0.57 0.81 1.04 0.69 0.37 NA 0.32 0.36 0.35 0.34 0.3 0.35 0.33 0.33 0.33
"Geoff Swaim" "TE" 1.36 1.73 2.67 3.88 3.41 3.13 1.87 NA 1.43 1.53 1.8 1.96 1.26 1.58 1.28 1.78 1.33
"George Kittle" "TE" 3.68 7.23 6.78 5.18 6.15 7.14 8.49 7.69 8.02 6.84 NA 7.97 7.41 7.29 7.73 7.67 8.12
"Gerald Everett" "TE" 2.23 2.04 2.25 1.72 1.35 1.75 2.33 2.42 1.96 2.34 2.35 NA 2.12 2.28 2.34 2.38 2.42
"Geremy Davis" "WR" 0 0.5 0.58 0.85 1.88 1.27 1.75 NA 0.63 0.88 0.72 0.71 0.63 0.83 0.81 0.62 0.7
"Geronimo Allison" "WR" 3.37 4.95 5.71 6.17 0 0 NA 4.6 5.36 4.54 5.7 5.51 4.8 4.98 5.4 5.63 5.98
"Giovani Bernard" "RB" 6.72 4.83 9.99 11.66 0 0 3.22 6.44 NA 6.4 4.47 4.91 6.41 5.43 5.7 4.68 5.98
"Golden Tate" "WR" 9.82 9.36 10.87 10.5 11.58 NA 10.08 9.29 10.42 8.55 10.02 8.74 12.63 8.75 8.72 10.73 12.21
"Greg Olsen" "TE" 9.51 0 0 NA 0 6.17 6.93 5.15 6.99 5.27 6.28 5.64 6.63 5.82 7.01 6.69 6.83
"Gus Edwards" "RB" NA NA NA NA NA NA 1.38 1.71 1.98 NA 0.79 0.59 0.66 0.58 0.56 0.58 0.44
"Hayden Hurst" "TE" 0 0 0 0 4.7 2.75 1.55 1.75 1.68 NA 1.68 2.85 2.87 3.1 2.92 1.68 1.84
"Ian Thomas" "TE" NA 3.15 3.78 NA 3.93 1.92 1.78 1.53 1.29 1.74 1.59 1.65 1.25 1.76 1.28 1.77 1.25
"Isaiah Crowell" "RB" 7.22 7.42 7.48 6.14 6.33 7.7 7.3 6.24 7.69 7.32 NA 9.84 8.46 6.81 9.71 9.49 9.01
"Ito Smith" "RB" NA 1.54 5.15 3.58 2.88 6.27 6.72 NA 7.54 6.45 6.33 7.11 6.33 6.71 6.38 6.55 6.5
"J'Mon Moore" "WR" 0 0 0 0.79 4.92 3.05 NA 0.69 0.72 0.74 0.55 0.61 0.61 0.7 0.53 0.58 0.67
"J.D. McKissic" "RB" 0 0 0 0 0 0 NA 0.72 0.55 0.7 0.81 0.59 0.84 0.55 0.78 0.81 0.49
"J.J. Nelson" "WR" 4.46 1.75 1.56 0.33 0.34 0.35 0.39 0.35 NA 0.32 0.34 0.4 0.33 0.36 0.31 0.3 0.41
"Jack Doyle" "TE" 5.89 5.12 0 0 0 0 2.42 2.82 NA 4.36 4.93 5.85 4.29 7.09 6.15 4.77 4.71
"Jacob Hollister" "TE" 0 0.26 0 0 1.35 0.55 0.44 0.43 0.64 0.61 NA 0.41 0.45 0.53 0.42 0.44 0.42
"Jacoby Brissett" "QB" 1.88 1.36 0.57 1.06 0.87 0.71 0.61 0.7 NA 0.58 0.67 0.62 0.55 0.64 0.61 0.68 0.63
"Jacquizz Rodgers" "RB" 1.55 1.62 4.73 3.2 NA 2.66 0.99 0.95 0.91 1.05 0.85 0.91 0.95 0.87 0.88 0.95 0.98
"Jakeem Grant" "WR" 0.43 0.43 0.28 3.01 4.5 4.54 3.18 3.35 3.31 2.99 NA 3.45 3.34 3.39 3.26 3.41 3.21
"Jalen Richard" "RB" 1.95 1.13 1.81 3.77 5.56 5.25 NA 4.74 4.79 4.85 4.44 4.18 5.36 4.49 5.47 5.02 5.09
"Jamaal Charles" "RB" NA NA NA NA NA 1.6 2.74 1.67 NA 1.41 1.9 1.46 1.58 1.6 1.44 1.66 1.51
"Jamaal Williams" "RB" 10.8 10 7.68 6.85 6.53 6.25 NA 7.1 5.92 6.34 6.34 5.58 6.68 8.39 6.04 6.26 7.21
"Jameis Winston" "QB" 0 0 0 0.72 NA 20.24 17.74 19.51 18.36 20.68 19.41 21.56 19.52 20.84 15.43 16.53 20.77
"James Conner" "RB" 13.01 13.69 13.02 11.91 13.33 12.96 NA 11.02 9.83 11.04 10.37 11.23 10.89 12.32 11.28 11.98 12.71
"James Develin" "RB" 0.19 0.13 0.24 0.2 0.23 0.15 0.2 0.19 0.21 0.2 NA 0.24 0.29 0.27 0.2 0.2 0.25
"James O'Shaughnessy" "TE" 1.26 1.23 1.99 2.11 1.93 3.09 4.3 4.03 NA 3.58 3.85 3.92 3.77 3.62 3.49 4.04 4.09
"James Washington" "WR" 3.52 4.27 3.33 3.37 2.92 3.1 NA 1.46 2.09 1.9 1.71 1.54 2.02 2.42 2.24 2.25 1.59
"James White" "RB" 7.76 6.2 6.8 6.16 10.33 11.77 9.27 9.5 10.91 10.1 NA 9.49 9.72 9.83 10.09 10.14 10
"Jamison Crowder" "WR" 6.48 6.51 6.37 NA 6.81 0 2.93 5.78 5.4 5.22 5.73 5.73 4.96 5.92 5.14 6.15 5.03
"Jamize Olawale" "RB" NA NA 0.34 0.49 0.53 0.27 0.32 NA 0.38 0.29 0.36 0.34 0.39 0.3 0.38 0.46 0.35
"Jared Cook" "TE" 4.59 5.46 6.76 7.11 7.48 7.27 NA 8.45 8.5 7.96 7.23 6.39 10.52 7 8.62 7.63 10.04
"Jared Goff" "QB" 19.08 17.42 16.72 17.71 19.18 20.55 23.04 23.9 24.51 18.89 24.65 NA 23.29 18.37 19.19 17.51 24.55
"Jarius Wright" "WR" 0.59 0.6 3.01 NA 3.11 2.95 2.8 2.07 3.21 2.97 2.87 2.55 3.16 2.59 3.03 2.78 2.97
"Jaron Brown" "WR" 1.8 1.71 3.08 3.59 1.67 0.52 NA 0.7 0.65 0.7 0.61 0.62 0.57 0.6 0.56 0.74 0.46
"Jarvis Landry" "WR" 8.49 10.74 9.56 9.74 9.62 9.82 10.92 8.31 11.07 11.29 NA 9.26 9.93 9.64 9.09 9.51 6.74
"Jason Croom" "TE" NA 0.39 0.44 0.51 0.64 0.43 0.44 0.38 0.36 0.44 NA 0.34 0.47 0.46 0.5 0.36 0.49
"Javon Wims" "WR" NA NA NA NA NA 0 0.38 0.36 0.32 0.36 0.32 0.35 0.32 0.38 0.38 0.32 0.31
"Javorius Allen" "RB" 4.65 4.66 4.61 6.39 7.03 6.84 6.9 6.81 7.01 NA 7.76 6.35 6.99 6.94 6.23 6.66 5.17
"Jawill Davis" "WR" NA NA NA NA 1.26 1.1 0.83 0.45 NA 0.39 0.43 0.41 0.43 0.44 0.44 0.44 0.43
"Jeff Heuerman" "TE" 1.47 1.58 1.9 3.04 4.01 4 3.58 3.84 4.7 NA 4.35 4.64 4.94 4.72 3.73 3.81 4.45
"Jerell Adams" "TE" 0.49 0.49 0.54 1.65 1.39 1.42 1.38 0.71 NA 0.64 0.63 0.63 0.6 0.69 0.69 0.66 0.62
"Jeremy Sprinkle" "TE" 0.61 0.76 0.72 NA 0.62 0.7 0.65 0.56 0.56 0.47 0.51 0.62 0.56 0.59 0.55 0.57 0.59
"Jermaine Gresham" "TE" 0 0 0.43 2.28 1.81 2.16 1.89 2.85 NA 2.18 2.46 2.04 2.52 2.16 2.31 2.32 1.61
"Jermaine Kearse" "WR" 0 4.21 3.23 2.93 4.03 3.69 6.71 7.12 7.04 6.17 NA 6.35 5.69 4.65 4.69 5.73 6.13
"Jesse James" "TE" 3.81 3.18 4.9 4.19 3.47 3.39 NA 3.24 2.58 3.71 3.1 3.56 3.57 3.48 4.6 3.7 3.93
"Jimmy Graham" "TE" 7.89 6.83 8.15 7.97 8.65 7.46 NA 7.55 9.07 9.77 7.59 9.58 6.88 9.21 7.34 8.93 9.87
"Joe Flacco" "QB" 12.76 12.12 14.16 13.7 14.35 17.48 19 14.57 14.21 NA 16.15 21.32 17.49 17.27 20.79 14.75 16.88
"Joe Mixon" "RB" 12.94 10.18 0 0 11.08 13.27 14.16 15.02 NA 13.62 10.66 12.54 12.21 11.46 14.75 11.55 12.86
"Joe Webb" "QB" 0 0 0 0 0 0 0 0 0 NA 0 0 0 0 0 0 0
"John Brown" "WR" 5.31 4.53 5.74 6.85 8.45 7.63 9.95 7.28 6.73 NA 7.11 8.42 6.87 6.65 9.31 7.12 8.38
"John Ross" "WR" 4.55 4.83 2.17 0.92 0 0 2.36 1.82 NA 1.95 1.37 1.88 2.8 2.54 2.02 1.81 2.46
"JoJo Natson" "WR" NA NA 0.27 0 0 1.67 0.55 0.5 0.51 0.54 0.61 NA 0.61 0.53 0.61 0.55 0.68
"Jonnu Smith" "TE" 2.17 4.73 2.81 1.59 2.04 1.38 2.15 NA 1.94 2.3 2.3 2.19 1.7 1.42 2.32 2.05 2.37
"Jordan Akins" "TE" NA 1.73 2.03 2.1 2.1 2.62 1.68 2.01 1.99 NA 2.82 2.45 2 2.44 1.83 1.87 1.75
"Jordan Howard" "RB" 12.47 11.86 12.03 13.71 NA 11.76 8.67 9.22 8.48 10.88 8.39 9.9 9.46 9.57 9.68 8.81 7.65
"Jordan Leggett" "TE" 1.65 0 2.24 1.52 1.79 2.27 1.36 1.68 1.54 1.99 NA 1.68 1.75 1.9 1.76 1.83 1.6
"Jordan Matthews" "WR" NA NA 2.83 2.96 2.39 2.2 2.57 1.92 NA 2.34 2.93 2.82 3.15 2.26 2.95 2.94 3.03
"Jordan Reed" "TE" 5.41 7.1 6.39 NA 7.57 7.41 6.7 6 5.73 6.28 7.04 7.69 8.47 6.3 8.13 6.71 8.95
"Jordan Taylor" "WR" 0.44 0.44 0 0 0 0.56 0.54 0.69 0.84 NA 0.8 0.76 0.74 0.74 0.66 0.69 0.83
"Jordan Thomas" "TE" NA 0.62 2.52 2.6 2.37 2.08 1.54 1.87 1.42 NA 1.82 2.14 1.55 2.15 1.88 1.77 1.6
"Jordan Wilkins" "RB" 8.11 6.39 8.38 7.67 6.96 4.56 1.9 1.89 NA 1.95 1.83 1.85 1.81 1.89 1.58 1.98 1.71
"Jordy Nelson" "WR" 5.91 6.94 5.29 7.03 7.46 5.98 NA 7 6.34 5.64 5.71 5.66 6.75 5.72 5.69 5.59 6.58
"Josh Adams" "RB" NA NA NA 3.5 1.53 2.33 1.91 0.99 NA 1.16 1.37 1.58 1.42 1.03 1.41 1.32 1.37
"Josh Allen" "QB" 0.72 12.96 10.12 16.58 15.35 16.07 0 0 6.56 6.43 NA 11.75 15.36 13.72 18.16 15.92 16.44
"Josh Bellamy" "WR" 0.55 0.48 0.56 0.55 NA 0.75 0.79 0.87 0.63 0.78 0.86 0.75 0.82 0.66 0.81 0.84 0.83
"Josh Doctson" "WR" 4.37 6.17 4.17 NA 0 3.97 3.02 2.26 2.13 2.44 2.15 2.1 2.14 2.34 1.81 2.49 2.2
"Josh Gordon" "WR" 4.4 NA 0 7.09 7.16 8.4 7.92 8.56 7.4 6.74 NA 7.53 7.86 7.56 6.61 8.93 7.9
"Josh Hill" "TE" 1.67 1.59 1.39 2.68 2.05 NA 2.4 2.73 3.55 3.12 2.55 3.82 2.61 3.25 2.54 2.77 2.67
"Josh Malone" "WR" 0.44 0.38 0.2 0.37 1.01 0.86 0.31 0.17 NA 0.18 0.26 0.2 0.21 0.2 0.18 0.2 0.23
"Josh McCown" "QB" 0.97 0.99 1.05 0.7 0.91 1.1 0.9 0.73 0.94 0.75 NA 1.01 0.95 0.71 0.96 1.04 0.95
"Josh Reynolds" "WR" 0.52 0.51 0.47 1.26 1.2 2.05 3.3 1.39 1.4 0.44 0.46 NA 0.43 0.38 0.36 0.34 0.45
"Josh Rosen" "QB" 1.72 1.54 0.81 12.06 14.43 14.01 11.03 14.68 NA 13.5 15.84 11.39 13.41 15.22 13.35 11.85 10.07
"Joshua Dobbs" "QB" NA NA NA NA NA 0.9 NA 0.71 0.67 0.75 0.68 0.74 0.76 0.74 0.74 0.7 0.82
"Joshua Perkins" "TE" NA NA 0.52 0.39 0.46 0.58 0.65 0.42 NA 0.57 0.57 0.61 0.64 0.55 0.65 0.4 0.61
"JuJu Smith-Schuster" "WR" 6.82 9.1 10.3 10.4 11.35 11.76 NA 13.32 12.59 10.61 12.33 10.7 11.02 14.33 12.16 14 12.23
"Julian Edelman" "WR" 0 0 0 0 9.81 10.25 8.78 9.05 10.96 10.73 NA 9.96 10.65 10.41 9.22 9.43 10.34
"Julio Jones" "WR" 9.87 11.77 14.27 13.69 14.17 14.14 14.67 NA 14.58 14.31 13.77 15.31 13.33 14.96 14.77 16.36 14.79
"Justin Davis" "RB" 0.56 0.53 0.48 0.36 0.54 0.54 0.51 0.58 0.52 0.51 0.57 NA 0.51 0.46 0.48 0.42 0.54
"Justin Hardy" "WR" 2.66 1.89 0.72 0.67 0.67 0.68 0.41 NA 0.33 0.55 0.4 0.41 0.58 0.43 0.54 0.39 0.4
"Justin Hunter" "WR" 0.46 0 0 0 1.58 1.11 NA 0.88 0.9 0.72 0.87 0.76 0.79 0.64 0.56 0.73 0.93
"Justin Jackson" "RB" 0 0 NA 0.78 0.67 0.36 0.37 NA 0.33 0.32 0.37 0.34 0.39 0.33 0.25 0.37 0.34
"Justin Watson" "WR" NA NA NA NA NA 0.76 0.65 0.64 0.71 0.67 0.68 0.69 0.73 0.75 0.51 0.59 0.85
"Kalen Ballage" "RB" 0 0 0 2 1.35 0 0.9 0.99 0.95 0.8 NA 0.88 0.75 0.86 1.07 0.79 0.72
"Kamar Aiken" "WR" NA 0.28 3.35 0.63 0.43 0.3 0.28 0.34 NA 0.33 0.24 0.24 0.28 0.33 0.25 0.26 0.28
"Kapri Bibbs" "RB" NA NA NA NA 0.71 5.23 1.07 1.31 1.6 1.33 1.29 1.01 1.21 1.43 1.19 1.32 1.3
"Kareem Hunt" "RB" 13.73 12.81 14.6 11.91 15.45 15.45 16.44 16.4 14.23 15.71 17.5 NA 16.76 15.15 16.67 13.71 18.23
"Keelan Cole" "WR" 6.52 5.48 7.32 7.31 7.28 6.43 6.31 6.25 NA 5.63 6.6 5.72 5.82 5.77 5.71 6.74 6.15
"Keenan Allen" "WR" 11.4 10.42 12.12 15.62 15.17 11.82 12.1 NA 11.23 14.89 12.68 11.97 10.9 11.52 12.6 12.59 12.3
"Keith Smith" "RB" 0.46 0.3 0.85 0.22 0.38 0.37 NA 0.31 0.27 0.25 0.28 0.32 0.33 0.26 0.26 0.21 0.31
"Keke Coutee" "WR" NA NA NA 2.84 3.56 5.82 4.96 4.8 5.67 NA 6.19 5.22 5.02 5.15 5.21 5.07 5.11
"Kelvin Benjamin" "WR" 5.61 5.08 4.18 5.41 5.36 4.4 5.35 5.68 4.47 4.27 NA 4.69 4.47 4.4 5.32 5.44 4.6
"Kendall Wright" "WR" NA NA NA NA NA 0 0.5 0.51 NA 0.38 0.47 0.47 0.48 0.44 0.41 0.51 0.43
"Kendrick Bourne" "WR" 0.43 0.31 0.48 0.47 1.02 2.05 2.67 2.54 2.53 2.19 NA 2.71 2.26 1.74 2.57 2.43 2.54
"Kenjon Barner" "RB" NA 0 0 0.22 0 0.54 1.24 1.16 1.63 1.59 NA 1.44 1.66 1.6 1.19 1.23 1.55
"Kenneth Dixon" "RB" 4.19 0 0 0 0 0 0 0 0 NA 2.33 2.53 2.39 2.56 2.6 2.51 2.21
"Kenny Golladay" "WR" 6.96 6.07 7.62 8.69 8.16 NA 9.4 9.29 8.84 8.76 9.19 9.01 9.79 8.95 8.68 9.14 9.63
"Kenny Stills" "WR" 7.53 8.6 7.84 7.59 7.56 6.92 7.43 7.85 8.09 8.15 NA 8.02 6.41 7.03 6.81 6.43 6.24
"Kenyan Drake" "RB" 9.38 9.19 10.16 9.16 6.28 5.99 7.76 7.01 7.99 7.92 NA 7.7 7.59 8.77 7.66 6.63 6.53
"Kerryon Johnson" "RB" 5.16 5.95 5.19 8 8.67 NA 6.04 5.52 4.81 5.13 6.58 5.45 7.2 5.69 5.59 5.12 6.27
"Kevin Hogan" "QB" 0 0 0 0 0 0 0 0 0 NA 0 0 0 0 0 0 0
"Kevin White" "WR" 2.08 0.9 0.52 0.47 NA 1.49 0.7 0.62 0.56 0.8 0.55 0.76 0.66 0.65 0.64 0.68 0.54
"Khadarel Hodge" "WR" NA NA NA 1.04 2.09 1.84 1.11 1.08 1.01 0.72 0.62 NA 0.59 0.71 0.69 0.62 0.7
"Kirk Cousins" "QB" 19.07 18.32 17.54 17.31 18.86 20.2 19.19 21.2 20.56 NA 17.12 18.86 17.38 16.88 20.26 19.35 18.15
"Kyle Juszczyk" "RB" 0.63 1.05 1.31 1.04 1.25 3.58 1.79 1.47 1.87 1.92 NA 1.77 1.3 1.52 1.36 1.63 1.67
"Kyle Rudolph" "TE" 7.2 6.29 7.14 6.44 6.37 6.83 6.87 7.58 9.1 NA 6.3 8.79 7.95 6.29 7.84 8.75 6.47
"Lamar Jackson" "QB" 3.83 2.72 3.28 2.49 2.21 2.24 2.3 2.25 2.25 NA 2.58 3.07 2.96 2.94 2.84 2.25 1.94
"Lamar Miller" "RB" 10.23 11.29 11.37 11.68 1.2 9.92 8.6 9.02 8.9 NA 9.51 9.87 7.47 10.2 7.29 7.51 6.9
"Lance Kendricks" "TE" 0.86 0.71 1.19 1.64 1.52 1.09 NA 1.3 1.31 1.75 1.45 1.69 1.53 1.49 1.51 1.69 1.67
"Laquon Treadwell" "WR" 2.46 2.67 2.64 1.94 1.84 2.95 3.07 3.93 4.45 NA 2.84 4.34 3.7 3.03 3.89 4.3 2.91
"Larry Fitzgerald" "WR" 9.18 8.63 8.73 7.12 8.21 6.77 6.01 6.64 NA 4.53 5.83 5.64 6.39 5.96 5.13 4.78 5.56
"Latavius Murray" "RB" 5.05 5.29 11.78 5.53 7.64 7.92 5.61 5.73 6.64 NA 4.8 6.14 5.26 4.23 5.57 6.14 5.2
"Le'Veon Bell" "RB" 0 0 0 0 0 0 NA 6.88 6.37 7.14 6.37 7.21 7.16 8.43 8.4 8.41 7.56
"Lee Smith" "TE" 0.23 0.17 0.48 0.55 0.35 0.39 NA 0.44 0.39 0.45 0.47 0.39 0.38 0.56 0.5 0.5 0.37
"LeGarrette Blount" "RB" 4.85 4.87 5.73 6.04 5.14 NA 5.39 4.42 4.75 4.36 5.91 4.7 6.08 4.18 4.34 5.13 6.14
"Leonard Fournette" "RB" 11.69 0 0 11.65 0 0 5.43 9.2 NA 12.36 11.49 8.57 13.44 12.27 13.28 9.3 10.99
"LeSean McCoy" "RB" 10.49 10.52 0 10.26 9.24 9.23 11.15 11.53 8.18 9.69 NA 7.78 10.39 10.41 12.16 10.7 11.15
"Levine Toilolo" "TE" 1.21 1.2 1.42 1.56 1.78 NA 1.68 1.82 1.58 1.76 1.88 1.83 2.27 1.78 1.8 1.64 1.93
"Logan Paulsen" "TE" 0.01 0.01 0.3 0.51 0.66 0.46 0.8 NA 0.58 0.53 0.71 0.68 0.42 0.65 0.62 0.66 0.69
"Logan Thomas" "TE" 0.54 0.57 0 0 0.63 0.69 0.63 0.66 0.39 0.48 NA 0.45 0.56 0.5 0.59 0.62 0.59
"Luke Stocker" "TE" 0.41 2.57 2.18 2.6 2.12 1.38 1.62 NA 1.71 1.87 1.97 2.38 1.61 1.42 2.18 2.08 2.06
"Luke Willson" "TE" 2.88 3.34 1.93 2.75 3.56 NA 2.52 2.72 2.73 2.56 2.71 2.68 3.67 2.86 2.98 2.73 3.67
"Malcolm Brown" "RB" 1.85 1.46 2.34 2.9 2.33 2.01 1.78 1.74 1.51 1.58 1.87 NA 1.55 1.45 1.58 1.49 1.92
"Marcedes Lewis" "TE" 1.7 1.6 0.45 0.38 0.47 0.52 NA 0.33 0.41 0.46 0.32 0.38 0.35 0.32 0.31 0.41 0.36
"Marcus Johnson" "WR" 0 0.41 0.42 0.45 0.84 1.29 0 0 NA 0 0 0 0 0 0 0 0
"Marcus Kemp" "WR" NA 0.78 0.81 0.56 0.6 0.63 0.37 0.36 0.36 0.37 0.36 NA 0.36 0.35 0.38 0.33 0.37
"Marcus Mariota" "QB" 16.67 0 1.15 13.28 15.71 15.36 13.61 NA 14.5 16.51 17.68 18.33 13.99 12.72 17.64 16.15 18.89
"Marcus Murphy" "RB" 0.61 0.74 6.05 0 0 0 1.27 1.44 1.91 1.77 NA 1.84 1.37 1.91 1.44 1.32 1.49
"Mark Andrews" "TE" NA 1.71 2.2 2.82 2.96 3.02 2.93 2.3 2.05 NA 2.36 2.63 2.47 2.52 2.67 2.24 2.21
"Mark Ingram II" "RB" 0 0 0 0 10.69 NA 10.38 10.63 14.37 13.89 11.55 13.94 10.56 11.45 12.43 11.57 13.59
"Mark Walton" "RB" NA NA 2.52 0.76 3.62 1.95 1.48 1.05 NA 0.92 0.87 0.99 0.9 0.85 1.04 0.93 0.77
"Marlon Mack" "RB" 0 7.93 0 0 0 5.44 7.92 6.43 NA 6.89 7.55 7.7 6.51 4.94 7.62 7.44 7.15
"Marquez Valdes-Scantling" "WR" NA 0.54 1.1 2.92 6.82 6.93 NA 3.23 3.61 4.06 4.41 4.65 3.67 3.54 4.47 4.62 3.46
"Marquise Goodwin" "WR" 6.69 0 7.06 5.35 0 6.06 7.51 5.59 8.59 8.43 NA 7.87 5.77 6.3 6.03 6.17 7.24
"Marshawn Lynch" "RB" 8.66 7.38 9.36 10.35 10.88 10.15 NA 12.93 12.66 11.59 9.66 8.05 14.7 11.69 11.45 11.94 13.24
"Martavis Bryant" "WR" NA 3.86 3 3.95 4.13 4.82 NA 4.3 4.11 5.1 4.81 4.89 5.39 5.34 4.3 3.88 5.13
"Marvin Hall" "WR" 0.53 0.6 0.41 0.55 0.56 0.69 0.76 NA 0.69 0.57 0.68 0.74 0.69 0.72 0.58 0.62 0.71
"Marvin Jones Jr." "WR" 9.35 8.74 9.63 8.23 8.45 NA 8.21 9.03 9.56 8.95 8.07 9.27 7.34 8.59 8.95 10 7.39
"Matt Breida" "RB" 5.97 8.53 9.23 9.31 8.17 9.31 9.62 9.64 9.82 9.76 NA 9.69 9.71 12.58 9.51 9.57 12.22
"Matt Cassel" "QB" 0.22 0.25 0.23 0.24 0.26 NA 0.13 0.13 0.15 0.12 0.13 0.13 0.15 0.11 0.11 0.16 0.17
"Matt LaCosse" "TE" NA NA 0.17 0.18 0.44 0.66 0.25 0.38 0.3 NA 0.43 0.36 0.39 0.35 0.26 0.41 0.45
"Matt Lengel" "TE" NA NA NA NA NA NA 2 1.64 NA 2.05 1.79 1.69 0.69 0.66 0.53 0.51 0.61
"Matt Ryan" "QB" 15.23 15.38 19.25 19.04 21.48 22.3 23.22 NA 19.64 18.5 21.82 22.64 18.81 20.17 19.72 19.89 22.13
"Matt Schaub" "QB" 0.39 0.48 0.77 0.59 0.52 0.74 0.58 NA 0.47 0.42 0.51 0.55 0.46 0.53 0.45 0.57 0.57
"Matt Slater" "WR" 0.72 0.54 0.68 0.71 0.88 0.89 0.62 0.63 0.92 0.84 NA 0.69 0.71 0.73 0.66 0.65 0.72
"Matthew Stafford" "QB" 19.89 18.68 19.94 17.78 19.37 NA 19.04 15.2 17.88 14.09 18.24 14.87 17.24 15.76 14.54 18.95 18.7
"Maurice Harris" "WR" 0 0 0.71 NA 0.64 3.85 1.39 0.61 0.58 0.49 0.48 0.66 0.5 0.64 0.49 0.68 0.52
"Maxx Williams" "TE" 1.69 1.42 1.7 1.5 1.4 1.87 2.28 1.77 1.81 NA 1.73 2.14 1.89 1.86 2.1 1.82 1.62
"Melvin Gordon" "RB" 16.66 16.01 15.47 17.79 17.71 16.57 19.87 NA 17.16 20.3 19.24 19.11 17.3 21.48 21.61 19.07 17.76
"Michael Burton" "RB" 0.31 0 0.44 0.44 NA 0 0.43 0.4 0.41 0.55 0.47 0.52 0.41 0.44 0.53 0.43 0.43
"Michael Crabtree" "WR" 7.83 8.45 8.17 8.18 7.81 8 9.41 6.79 6.9 NA 7.34 9.47 8.27 8.41 9.94 8 7.66
"Michael Floyd" "WR" NA NA 0 NA 0.46 2.69 0.85 0.37 0.26 0.37 0.43 0.38 0.31 0.38 0.28 0.36 0.31
"Michael Gallup" "WR" 4.65 3.77 2.3 2.71 5.41 3.93 2.3 NA 2.91 2.2 2.89 2.37 3.21 2.26 2.87 3.53 2.96
"Michael Gesicki" "TE" 3.63 3.24 2.01 2.26 2.64 1.89 2.7 2.21 2.36 2.86 NA 2.62 2.24 3.12 2.04 1.95 2.14
"Michael Roberts" "TE" 0.82 1.14 0 0 0 NA 0.84 0.69 0.69 0.67 0.76 0.7 0.8 0.58 0.65 0.72 0.82
"Michael Thomas" "WR" 11.86 12.97 13.73 15.1 13.45 NA 12.35 11.79 14.02 11.65 11.4 14.72 10.91 13.59 11.54 11.05 11.91
"Mike Boone" "RB" NA NA NA 0.6 0.43 0.8 0.64 0.38 0.39 NA 0.37 0.4 0.38 0.38 0.44 0.36 0.39
"Mike Davis" "RB" 0 0.31 2.09 0.91 6.83 6.45 NA 6.87 6.21 7.12 7.31 6.27 7.05 5.68 6.53 7.36 5.8
"Mike Evans" "WR" 12.34 10.67 13.54 11.57 NA 13.18 11.91 10.53 10.37 10.84 11.95 11.67 10.75 13.51 11.88 10.97 12.45
"Mike Glennon" "QB" 0 0 0 0.8 1.11 0.93 1 1.14 NA 1.06 1.14 0.91 1.07 1.12 1.05 1.05 0.84
"Mike Thomas" "WR" 0.58 0 0 0 0 0 0 0 0 0 0 NA 0 0 0 0 0.72
"Mike Williams" "WR" 5.06 4.87 4.17 5.42 5.7 6.2 6 NA 5.13 7.09 5.23 4.8 4.51 4.35 6.44 4.68 5.08
"Mitchell Trubisky" "QB" 15.84 12.96 11.57 15.87 NA 14.29 17.22 14.72 13.64 19.23 15.98 18.16 17.07 14.84 18.02 16.79 15.06
"Mo Alie-Cox" "TE" NA NA NA NA 0 0.45 1.2 0.76 NA 0.58 0.75 0.58 0.57 0.65 0.58 0.76 0.71
"Mohamed Sanu" "WR" 5.3 5.51 3.54 4.3 4.89 5.8 7.24 NA 6.78 6.02 6.33 7.05 6.09 5.92 5.99 5.46 7.91
"MyCole Pruitt" "TE" 0 0.6 0.42 0.48 0.49 0.44 0.43 NA 0.42 0.55 0.58 0.56 0.44 0.44 0.54 0.58 0.61
"Nate Sudfeld" "QB" 0 0 0 0 0 0 0 0 NA 0 0 0 0 0 0 0 0
"Nathan Peterman" "QB" 9.89 0.31 0.34 0.41 0.53 0.43 0.91 0.94 0.35 0.34 NA 0.31 0.4 0.38 0.43 0.39 0.42
"Neal Sterling" "TE" 0.51 0.56 0 0 0 1.1 2.21 1.98 1.98 2.17 NA 2.17 2.08 2.06 2.09 2.23 2.07
"Nelson Agholor" "WR" 8.5 8.69 9.74 9.11 7.45 6.61 6.72 6.45 NA 8.29 7.89 9.16 7.67 7.94 7.51 7.35 7.42
"Nick Bellore" "RB" NA NA 0.61 0.64 0.39 NA 0.26 0.37 0.32 0.35 0.39 0.37 0.38 0.35 0.37 0.34 0.27
"Nick Boyle" "TE" 1.15 1.38 1.87 1.81 2.18 2.48 2.17 2.29 2.12 NA 2.26 2.09 2.09 1.93 2.18 2.23 1.91
"Nick Chubb" "RB" 5.4 4.77 3.03 2.32 3.29 3.11 2.91 4.34 3.85 3.86 NA 4.27 2.8 4.63 4.34 4.58 2.82
"Nick Foles" "QB" 14.15 16.8 0.89 0.78 0.85 0.82 0.9 0.71 NA 0.85 0.9 0.97 0.9 0.81 0.86 0.9 0.85
"Nick O'Leary" "TE" NA NA NA NA NA NA 2.59 2.89 2.43 2.53 NA 2.63 2.36 2.63 2.53 2.5 2.26
"Nick Vannett" "TE" 2.02 2.31 2.69 2.24 2.88 0 NA 3.51 3.51 3.56 3.93 3.62 4.04 4.03 3.82 3.55 3.28
"Niles Paul" "TE" 1.67 1.55 2.22 2.2 2.12 3.64 0 0 NA 2.05 2.05 1.45 2.15 2.02 2.18 1.66 1.91
"Noah Brown" "WR" 0.36 0.44 0.42 0.45 0.56 0.54 1.21 NA 0.66 0.66 0.65 0.57 0.71 0.68 0.64 0.66 0.66
"Nyheim Hines" "RB" 5.01 4.34 5.22 5.18 7.41 7.45 6.76 8.17 NA 6.06 8.19 7.18 5.88 8.02 7.22 7.67 7.68
"O.J. Howard" "TE" 4.99 4.34 5.99 6.2 NA 5.06 6.6 6.19 7.4 5.42 5.91 7.35 7.85 6.22 6.35 7.71 5.48
"Odell Beckham Jr." "WR" 9.16 12.02 14.39 14.99 12.21 12.51 13.89 12.07 NA 12.37 12.62 11.47 12.26 11.72 12.83 12.25 13.82
"Orson Charles" "TE" NA 0.52 0.67 0.66 0.55 0.52 0.38 0.25 0.37 0.38 NA 0.34 0.43 0.35 0.38 0.35 0.24
"Patrick DiMarco" "RB" 0.43 0.45 0.46 0.79 0.58 0.65 0.79 0.81 0.76 0.74 NA 0.75 0.74 0.78 0.95 0.77 0.78
"Patrick Mahomes" "QB" 14.56 18.65 20.22 21.9 20.13 22.53 23.36 22.22 20.04 20.61 21.56 NA 25.57 21.1 23.68 19.82 27.43
"Patrick Ricard" "RB" NA 0.61 0.41 0.69 0.42 0 0.69 0.59 0.57 NA 0.61 0.68 0.71 0.69 0.68 0.51 0.44
"Paul Richardson" "WR" 5.15 5.46 6.02 NA 5.54 7.06 5.32 4.22 4.77 5.73 5.33 5.46 4.78 4.35 5.29 4.34 4.91
"Peyton Barber" "RB" 7.33 7.37 8.08 8.45 NA 7.01 7.32 7.69 7.06 7.52 7.2 7.74 7.61 7.35 6.71 7.43 8.01
"Pharoh Cooper" "WR" 0.94 0 0 0 0 0 0 0 0 2.38 2.12 NA 2.2 2.31 2.47 2.17 2.38
"Philip Rivers" "QB" 18.28 18.64 16.91 21.56 21.4 19.61 20.36 NA 19.03 22.08 20.88 18.71 17.6 20.59 20.65 18.92 19.75
"Phillip Dorsett" "WR" 4.9 5.9 5.81 4.04 4.42 5.21 0.5 0.54 0.58 0.61 NA 0.51 0.54 0.58 0.6 0.56 0.53
"Phillip Lindsay" "RB" 0.65 5.46 7.31 8.16 7.95 11.41 9.31 11.02 11.19 NA 9.08 11.07 11.35 10.36 10.02 10.36 9.84
"Pierre Garcon" "WR" 6.37 8.51 6.65 5.27 6.84 5.85 5.28 4.42 5.16 5.9 NA 5.24 4.19 4.2 4.26 4.42 5.15
"Quincy Enunwa" "WR" 5.8 7.81 9.82 8.15 8.65 8.74 0 0 3.96 3.92 NA 8.99 9.19 7.55 9.88 9.17 8.56
"Raheem Mostert" "RB" 0.22 0.36 0.27 0.2 0.25 2.02 4.48 3.89 4.54 4.47 NA 4.42 3.31 4.64 3.6 3.9 4.19
"Randall Cobb" "WR" 8.19 8.05 7.92 0 0 0 NA 4.93 5.26 5.99 4.71 5.6 4.34 5.65 4.58 5.63 5.46
"Rashaad Penny" "RB" 3.38 4.96 7.4 8.49 2.17 2.16 NA 6.63 6.13 6.18 6.69 5.63 6.35 5.27 5.94 6.93 5.14
"Rashad Greene" "WR" 0 0 NA 0 0 NA 0.6 0.66 NA 0.68 0.6 0.47 0.7 0.63 0.52 0.55 0.58
"Rashard Higgins" "WR" 0.44 1.36 3.42 3.79 2.56 0 0 2.7 4.11 3.85 NA 3.83 4.09 2.97 3.07 3.9 3.29
"Ray-Ray McCloud" "WR" NA NA NA 0.57 0.62 0.69 0.43 0.44 0.41 0.4 NA 0.37 0.42 0.4 0.45 0.44 0.42
"Rhett Ellison" "TE" 1.11 1.38 2.13 2.51 4.15 0 1.12 2.29 NA 1.93 2.6 1.82 1.82 2.2 1.97 1.9 2.13
"Richie James" "WR" NA NA NA NA NA 1.89 1.82 0.42 0.53 0.53 NA 0.5 0.5 0.46 0.51 0.49 0.45
"Ricky Ortiz" "RB" NA NA NA NA NA 0.45 0.47 NA 0.41 0.43 0.45 0.39 0.44 0.44 0.46 0.39 0.43
"Ricky Seals-Jones" "TE" 4.53 4.08 3.69 4.35 3.36 2.78 4.39 5.49 NA 5.46 6.99 4.55 5.6 6.43 5.74 5.06 3.49
"Rico Gathers" "TE" 0 0.53 0.52 0.53 1.03 0.62 0.64 NA 0.72 0.41 0.66 0.66 0.58 0.41 0.64 0.86 0.69
"Rob Gronkowski" "TE" 12.53 8.97 12.52 10.78 10.62 10.82 10.18 10.16 12.48 12.33 NA 8.63 10.57 10.46 9.76 10.65 8.94
"Robby Anderson" "WR" 6.73 6.91 5.4 5.45 7.06 6.8 6.25 5.17 6.28 5.21 NA 6.81 6.55 5.02 7.09 7.26 6.52
"Robert Foster" "WR" NA 0.51 0.48 0.46 0.66 0.6 0.49 0.45 0.43 0.44 NA 0.42 0.44 0.44 0.42 0.44 0.44
"Robert Griffin III" "QB" 0 0 0 0 0 0 0 0 0 NA 0 0 0 0 0 0 0
"Robert Turbin" "RB" 0 0 0 0.56 0.94 0.61 0.37 0.46 NA 0.36 0.54 0.4 0.33 0.46 0.37 0.5 0.5
"Robert Woods" "WR" 8.14 7.69 7.54 8.65 10.16 10.7 12.19 12.07 13.02 11.38 13.24 NA 13.3 11.09 12.25 10.61 12.67
"Roc Thomas" "RB" NA NA NA NA 0.38 2.16 1.76 1.52 1.7 NA 1.06 1.4 1.39 0.94 1.44 1.43 1.09
"Rod Smith" "RB" 2.63 2.65 3.24 3.77 3.57 1.15 1.77 NA 1.59 1.43 1.71 1.93 1.47 1.54 1.37 1.47 1.41
"Ronald Jones" "RB" 0 0 0 0.4 NA 4.25 2.81 3.06 3.2 3.31 3.52 4.11 3.29 3.7 3.16 3.4 3.93
"Roosevelt Nix" "RB" 0.86 0.92 0.98 1.01 1.16 0.81 NA 1.09 1.12 0.94 1.04 0.92 0.99 1.05 0.72 0.59 0.86
"Royce Freeman" "RB" 7.22 7.79 5.34 6.84 6.98 7.43 6.93 7.37 7.75 NA 6.18 7.28 7.6 7.24 6.65 7.17 6.72
"Russell Gage" "WR" NA NA NA NA NA NA 0.92 NA 0.65 0.65 0.83 0.9 0.67 0.85 0.67 0.83 0.9
"Russell Shepard" "WR" 1.13 1.55 2.52 2.17 1.82 0 2.36 1.75 NA 2.61 2.43 1.27 1.13 1.75 2.9 2.79 1.58
"Russell Wilson" "QB" 18.96 18.59 19.15 18.65 16.69 20.16 NA 19.39 16.65 16.12 20.83 15.28 20.32 18.53 19.09 19.17 16.17
"Ryan Fitzpatrick" "QB" 15.63 12.82 19.86 18.16 NA 1.22 1.1 1.17 1.08 1.22 1.1 1.13 1.16 1.15 0.99 1.11 1.21
"Ryan Grant" "WR" 4.4 4.93 5.08 5.2 7.53 7.33 5.72 5.5 NA 4.55 5.97 5.66 4.41 6.17 5.23 6.26 5.76
"Ryan Griffin" "TE" 4.34 3.31 1.55 2.16 2.05 2.27 4.02 3.28 4.32 NA 3.99 4 4.32 3.51 3.27 4.11 4.18
"Ryan Switzer" "WR" 0.71 0.9 0.93 1.6 4.08 3.72 NA 2.1 2.46 2.35 2.32 2.24 2.21 1.89 2.05 1.39 2.48
"Ryan Tannehill" "QB" 14.36 13.49 16.36 16.09 13.24 0 0 7.63 12.52 14.6 NA 14.83 11.45 15.01 13.91 10.85 10.8
"Sam Bradford" "QB" 13.44 12.29 12.44 0 0 0 0 0 NA 0 0 0 0 0 0 0 0
"Sam Darnold" "QB" 13.43 13.8 14.13 10.47 13.66 15.89 15.33 12.84 14.93 12.75 NA 16.06 15.65 11.95 17.44 17.02 15
"Samaje Perine" "RB" 0 0 0 NA 0 0.9 0.23 0.24 0.32 0.32 0.26 0.22 0.26 0.25 0.29 0.25 0.27
"Sammie Coates" "WR" 0.52 0 0 0.69 1.55 2.08 0.96 1.04 1.41 NA 1.53 0.39 0.3 0.39 0.28 0.37 0.3
"Sammy Watkins" "WR" 6.37 5.66 8.23 8.31 6.4 8.51 5.85 6.4 5.92 6.51 5.25 NA 7.03 5.97 5.94 6.44 7.28
"Saquon Barkley" "RB" 14.48 13.28 13.92 14.22 13.37 14.42 17.08 17.26 NA 15.39 18.53 14.54 15.53 16.02 14.49 14.6 16.09
"Scott Simonson" "TE" NA NA 0.46 1.14 1.25 2.99 0.89 0.46 NA 0.37 0.44 0.39 0.41 0.44 0.41 0.42 0.3
"Sean Mannion" "QB" 0.28 0.24 0.75 0.68 0.76 0.92 0.87 0.93 0.8 0.79 0.94 NA 0.86 0.8 0.81 0.76 0.93
"Senorise Perry" "RB" 1.17 1.13 1.01 0.76 0.67 0.52 0.51 0.44 0.43 0.55 NA 0.5 0.43 0.5 0.45 0.39 0.42
"Seth DeValve" "TE" 2.19 0 0 0 2.35 2.45 2.58 2.12 2.94 2.83 NA 2.41 2.66 2.45 2.31 2.56 1.89
"Seth Roberts" "WR" 2.75 2.42 0 3.01 2.88 2.94 NA 3.26 3.29 2.65 2.51 2.74 3.37 2.79 3.03 2.85 3.3
"Shaun Wilson" "RB" NA 0.66 2.12 0 NA 0 0.54 0.5 0.45 0.53 0.53 0.53 0.5 0.53 0.45 0.54 0.51
"Shelton Gibson" "WR" 0.34 0.3 1.05 0.55 0.25 0.42 0.49 0.48 NA 0.53 0.53 0.44 0.49 0.51 0.5 0.62 0.48
"Sony Michel" "RB" 0 5.03 7.34 6.94 12.22 13.27 12.01 11.44 15.65 13.86 NA 10.78 12.45 11.68 12 12.58 11.78
"Spencer Ware" "RB" 4.25 4.52 4.92 3.72 3.35 3.51 3.71 3.39 2.26 2.37 3.51 NA 3.7 2.29 3.31 2.22 3.97
"Stacy Coley" "WR" 0.31 0.35 0.15 0.19 0.22 0.07 0.07 0.03 NA 0.03 0.03 0.03 0.03 0.03 0.03 0.03 0.03
"Stefon Diggs" "WR" 10.69 9.65 10.95 10.86 10.38 11.43 10.57 13.16 12.74 NA 8.59 12.6 11.04 9.05 11.64 12.29 8.87
"Sterling Shepard" "WR" 5.62 6.96 6.04 7.3 7.58 6.47 7.32 5.95 NA 6.15 6.75 6.05 5.6 5.82 6.99 6.29 5.78
"Stevan Ridley" "RB" 0.58 0.62 0.39 1.43 1.25 0.96 NA 1.1 0.7 1.17 0.84 1.18 1.27 1.17 1.33 1.24 1.01
"T.J. Jones" "WR" 1.57 1.69 2.21 1.55 1.76 NA 1.35 1.14 1.12 1.13 1.18 1.15 1.13 1.14 1.1 1.13 1.26
"T.J. Logan" "RB" NA NA 0 0 0 0 0.5 0.51 NA 0.54 0.59 0.4 0.54 0.61 0.53 0.6 0.42
"T.J. Yeldon" "RB" 4.21 11.89 9.8 5.38 12.09 11.96 7.96 7.33 NA 7.86 7.09 6.14 8.37 7.83 8.89 7.17 7.46
"T.Y. Hilton" "WR" 9.75 9.78 9.97 11.74 0 0 9.41 9.47 NA 8.81 9.01 9.17 8.59 9.37 9.52 9.75 8.7
"Taiwan Jones" "RB" 0.28 0.29 1.99 0.51 0.23 0.22 0.21 0.21 0.21 0.18 NA 0.17 0.2 0.19 0.2 0.21 0.21
"Tajae Sharpe" "WR" 1.34 2.93 1.94 3.73 2.78 2.6 3.5 NA 3.58 4.11 4.3 4.57 3.16 2.13 4.07 3.17 4.49
"Tarik Cohen" "RB" 4.53 6.11 5.07 3.33 NA 6.13 8.02 7.78 6.74 7.71 7.91 7.18 6.77 6.98 7.57 7.62 7.52
"Tavon Austin" "WR" 1.93 1.93 3.06 3.1 2.05 2.06 1.17 NA 2.74 3.26 2.48 2.44 2.78 3.44 2.83 2.43 2.61
"Taylor Gabriel" "WR" 3.2 2.56 2.2 3.31 NA 5.19 6.26 6.97 5.54 5.6 7.13 5.5 5.56 5.52 6.06 6.21 6.9
"Taylor Heinicke" "QB" 0 0 0 NA 0 0 0 0 0 0 0 0 0 0 0 0 0
"Taysom Hill" "QB" 0 0 0 0 2.2 NA 2.06 2.27 2.42 2.27 2.35 2.48 2.43 2.46 2.43 2.41 2.52
"Taywan Taylor" "WR" 5.31 1.76 2.67 5.15 6 4.37 4.83 NA 5.14 3.92 3.86 4.7 4.39 3.85 4.05 4.25 4.06
"Ted Ginn Jr." "WR" 6.73 6.84 6 6.36 0 NA 3.35 5.98 7.02 6.49 6.16 7.11 6.19 7.12 6.39 6.85 6.59
"Teddy Bridgewater" "QB" 0.53 0.59 0.5 0.38 0.61 NA 0.5 0.46 0.66 0.61 0.55 0.62 0.5 0.53 0.56 0.58 0.6
"Terrelle Pryor Sr." "WR" 3.17 3.67 4.27 4.03 4.67 4.32 4.96 4.4 3.87 2.66 NA 4.82 4.43 2.6 4.7 4.73 4.61
"Tevin Coleman" "RB" 6.1 12.82 13.19 12.99 7.55 12.65 10.97 NA 10.17 9.47 10.57 11.4 10.19 12.55 9.9 11.31 12.7
"Theo Riddick" "RB" 5.59 5.78 8.2 6.85 7.14 NA 4.55 3.98 4.3 4.41 5.82 4.64 5.12 4.33 4.27 4.52 4.61
"Tim Patrick" "WR" NA 0.52 0.46 0.46 0.4 0.52 0.4 0.57 0.41 NA 0.41 0.53 0.57 0.56 0.38 0.5 0.41
"Tim White" "WR" NA NA NA 0.62 0.78 0.74 0.81 0.64 0.63 NA 0.68 0.79 0.71 0.74 0.8 0.73 0.81
"Todd Gurley II" "RB" 18.98 17.71 19.87 18.36 18.43 18.84 22.7 25.97 21.72 22.24 28.1 NA 24.48 20.94 24.66 20.65 24.79
"Tom Brady" "QB" 23.16 18.48 20.41 21.4 22.87 23.26 19.92 19.38 23.05 21.81 NA 20.87 23.65 22.25 18.67 18.66 22.23
"Tommy Bohanon" "RB" 0.35 0.44 0.4 0.3 0.51 0.45 0.31 0.24 NA 0.33 0.24 0.22 0.36 0.33 0.33 0.32 0.29
"Torrey Smith" "WR" 2.39 2.3 3.57 NA 4.01 3.16 3.61 3.69 5.92 4.66 5.44 3.83 5.7 3.77 6.39 5.97 6.17
"Travis Benjamin" "WR" 3.02 0 0 2.52 0 0 0.84 NA 1.52 1.37 1.66 1.34 1.55 1.87 1.66 1.57 1.61
"Travis Kelce" "TE" 9.21 8.43 10.17 10.75 10.91 10.36 11.22 12.01 10.89 10.99 11.09 NA 12.36 10.82 11.98 10.98 12.97
"Tre'Quan Smith" "WR" 2.95 3.1 2.33 2.34 4.46 NA 4.37 3.12 2.66 2.57 2.54 3.31 3.14 3.34 3.31 3.08 3.42
"Tre Madden" "RB" 0.42 0.39 0.83 1.25 0.64 0.68 NA 0.66 0.56 0.62 0.64 0.53 0.58 0.34 0.54 0.69 0.37
"Trent Taylor" "WR" 2.32 2.95 2.19 3.25 3.4 0 1.11 2.43 2.71 2.72 NA 2.72 2.17 2.73 2.22 2.56 2.16
"Trenton Cannon" "RB" NA 0.59 2.72 1.24 1.14 1.35 1.05 0.45 0.62 0.55 NA 0.56 0.53 0.53 0.53 0.6 0.54
"Trevor Siemian" "QB" 0.97 0.91 0.99 0.78 0.71 1.05 0.97 1.22 1.05 NA 0.85 1.09 1.02 0.8 1.1 0.99 0.89
"Trey Burton" "TE" 6.76 6.49 5.6 5.06 NA 6.11 5.9 7.14 4.34 4.07 6.33 3.89 4.66 4.15 4.81 4.86 6.04
"Ty Montgomery" "RB" 7.09 5.98 3.76 3.88 5.03 3.36 NA 5.55 4.79 6.19 4.25 5.08 5.74 5.45 4.31 4.54 5.63
"Tyler Boyd" "WR" 3.24 3.04 4.71 7.36 8.05 9.16 10.62 11.28 NA 10.38 9.1 8.41 9.82 8.25 11.25 8.11 8.23
"Tyler Conklin" "TE" NA 0.54 0.6 0.57 0.41 0.51 0.33 0.47 0.43 NA 0.34 0.46 0.47 0.34 0.43 0.41 0.35
"Tyler Ervin" "RB" 0.92 0.8 0.76 1.26 4.86 0.89 0.27 0.3 0.41 NA 0.44 0.38 0.35 0.37 0.3 0.34 0.29
"Tyler Higbee" "TE" 2.23 1.76 2.64 2.89 2.09 2.71 2.41 3 2.74 2.44 2.9 NA 2.91 2.53 2.59 2.55 2.52
"Tyler Kroft" "TE" 3.09 2.76 2.5 2.74 3.02 0 0 0 NA 0 0 0 1.87 1.61 2.14 1.45 1.58
"Tyler Lockett" "WR" 4.38 4.87 6.76 8.02 6.97 8.3 NA 6.91 7.96 6.74 6.58 7.42 6.74 6.92 6.45 7.23 7.39
"Tyreek Hill" "WR" 8.71 10.84 13.88 10.91 11.83 12.84 12.72 13.76 12.58 13.92 12 NA 15.96 12.76 15.43 12.32 16.56
"Tyrell Williams" "WR" 5.79 6.45 5.6 4.71 4.45 5.12 6.48 NA 5.22 4.81 5.26 5.39 5.19 5.47 4.87 5.28 5.03
"Tyrod Taylor" "QB" 12.79 16.4 16.8 0 1.09 1.17 1.01 0.86 1 0.98 NA 0.93 1.1 0.99 1 1 0.7
"Tyrone Swoopes" "TE" NA NA NA NA NA NA NA 0.62 0.78 0.7 0.63 0.69 0.72 0.78 0.69 0.7 0.73
"Vance McDonald" "TE" 0 2.91 1.94 4.54 5.77 4.39 NA 6.21 4.78 6.07 4.95 6.49 5.37 7.63 7.19 7.41 7.65
"Vernon Davis" "TE" 2.06 2.29 2.57 NA 2.51 3.26 3.21 3.04 3.07 2.92 2.92 3.04 2.79 3.18 2.63 3.17 2.94
"Victor Bolden Jr." "WR" 0 0 0.62 0.73 1.16 1.3 2.21 0.45 0.52 0.47 NA 0.51 0.42 0.48 0.42 0.41 0.52
"Virgil Green" "TE" 2.7 2.41 2.91 3.59 3.32 3.1 2.72 NA 3.02 2.94 2.99 3 2.62 3.02 2.57 2.54 2.83
"Vyncint Smith" "WR" NA 0.53 0.54 0 0 0 1.8 1.53 1.51 NA 1.49 0.45 0.66 0.48 0.53 0.47 0.6
"Wayne Gallman" "RB" 2.1 2.69 1.88 1.67 1.86 2.37 3 3.35 NA 2.98 2.69 3.17 3.36 3.14 3.3 2.64 3.49
"Wendell Smallwood" "RB" 1.21 1.15 6.81 3.39 4.22 8.11 9.66 7.54 NA 9.14 8.85 9.69 9.7 8.41 9.35 8.78 9.09
"Will Fuller V" "WR" 0 7.23 7.16 9.48 8.69 7.94 7.27 7.31 5.41 NA 5.99 7.17 7.72 7.49 6.56 6.78 8.49
"Willie Snead" "WR" 3.06 3.53 4.85 4.08 5.41 4.55 5.46 5.13 4.62 NA 4.49 4.43 4.78 4.01 4.69 5.27 4.31
"Xavier Grimble" "TE" 0.37 0.26 0.41 0.24 0.29 0.42 NA 0.5 0.46 0.65 0.46 0.64 0.77 0.45 0.59 0.57 0.62
"Zach Ertz" "TE" 10.17 8.89 9.15 9.39 9.61 8.65 10.15 9.15 NA 9.77 10.07 10.45 10.8 9.42 10.42 10.7 10.4
"Zach Line" "RB" NA NA 0.63 0.62 0.86 NA 0.46 0.41 0.47 0.52 0.48 0.47 0.5 0.53 0.57 0.49 0.61
"Zach Pascal" "WR" NA 0.51 0.6 0.56 5.44 3.42 3.69 2.02 NA 2.44 1.78 2.2 2.44 2.12 2.06 1.9 1.51
"Zay Jones" "WR" 2.31 3.2 3.2 3.49 4.31 4.29 5.2 4.76 3.7 3.82 NA 3.99 4.62 3.92 5.65 4.58 4.8
"Greg Zuerlein" "K" 9.24 10.08 0 0 0 NA 9.17 7.77 7.34 7.56 7.88 NA 7.28 7.2 7.38 7.32 8.04
"Caleb Sturgis" "K" 9.77 7.48 6.51 8.31 8.13 0 6.97 NA 5.83 6.48 6.4 6.16 6.55 6.86 7.18 5.23 6.03
"Wil Lutz" "K" 9.3 9.64 8.54 8.7 8.43 NA 6.9 7.86 8.01 7.81 8.7 8.43 8.04 7.18 8.84 8.64 9.33
"Robbie Gould" "K" 7.86 9.18 8.03 7.39 8.77 6.61 8.23 7.54 9.19 9.31 NA 8.45 7.72 8.07 8.19 7.79 8.15
"Justin Tucker" "K" 8.93 8.81 8.45 8.47 8.71 7.7 7.9 6.36 6.83 NA 8.47 8.36 7.59 7.59 9.22 6.21 6.57
"Matt Bryant" "K" 7.81 8.59 8.35 8.41 8.33 8.97 0 NA 8.79 7.71 7.92 8.92 8.01 8.23 8.18 8.25 9.19
"Josh Lambo" "K" 8.42 7.79 9.08 8.49 7.27 8.18 8.27 6.97 NA 8.39 6.77 6.62 8.86 8.3 8.16 7.25 7.45
"Mason Crosby" "K" 6.68 6.31 6.44 7.37 9.01 7.47 NA 6.42 7.59 7.57 6.41 6.41 6.33 8.09 6.28 6.75 7.91
"Graham Gano" "K" 8.27 7.27 8.39 NA 8.93 7.88 7.22 7.02 8.55 6.72 7.59 7.39 8.09 7.39 7.24 8.78 6.82
"Brett Maher" "K" 6.36 6.95 6.37 7.01 6.64 7.21 7.62 NA 8.22 6.5 7.66 7.31 8.82 6.87 7.63 8.37 7.43
"Stephen Gostkowski" "K" 8.37 7.72 8.74 8.44 8.59 8.49 8.49 7.04 8.64 8.21 NA 7.8 8.33 8.1 7.59 7.45 8.26
"Ryan Succop" "K" 7.41 6.92 6.21 6.6 7.19 6.06 6.98 NA 5.52 7.14 6.86 7.01 6.26 6.01 6.81 8.7 7.26
"Harrison Butker" "K" 7.36 7.36 8.3 8.09 7.25 7.75 8.68 7.93 7.87 8.32 7.57 NA 7.51 7.91 8.29 8.32 7.94
"Jason Sanders" "K" 6.69 6.62 7.01 6.38 6.07 5.9 6.76 7.29 6.72 7.95 NA 8.36 6.32 8.48 6.7 5.91 6
"Sebastian Janikowski" "K" 6.1 6.62 6.71 7.4 5.97 6.49 NA 8.29 7.02 7.24 7.79 6.56 7.51 7.67 7.09 7.59 8.45
"Matt Prater" "K" 8.44 7.32 7.22 6.83 6.88 NA 6.19 6.52 6.47 6.04 7.42 6.35 5.97 5.65 5.68 6.81 6.17
"Cody Parkey" "K" 7.09 8.24 7.88 7.54 NA 7.98 6.77 6.42 5.57 7.41 6.72 7.01 7.31 7.55 7.32 6.79 6.38
"Stephen Hauschka" "K" 6.43 6.97 6 6.71 6.45 6.69 7.42 8.19 6.97 7.12 NA 6.57 7.16 7.5 8.17 7.77 7.6
"Jake Elliott" "K" 8.03 8.15 8.15 6.8 7.41 6.02 5.69 4.96 NA 7.3 6.86 7.27 5.74 6.9 5.46 7.24 5.44
"Randy Bullock" "K" 6.85 6.87 6.89 7.13 8.15 6.85 7.14 7.28 NA 7.44 5.38 6.75 7.19 6.76 7.49 6.37 7.56
"Chris Boswell" "K" 7.99 8.12 7.75 7.75 7.85 7.5 NA 5.94 6.36 6.31 6.01 5.94 5.45 6.36 6.03 6.14 5.9
"Adam Vinatieri" "K" 7.04 6.7 6.2 7.29 6.7 6.13 6.05 7.06 NA 4.86 7.61 6.89 4.58 6.81 6.91 8 7.21
"Ka'imi Fairbairn" "K" 6.53 6.9 6.91 7.05 7.44 7.9 6.34 5.84 6.39 NA 7.11 6.98 5.66 7.01 5.02 5.32 5.67
"Dustin Hopkins" "K" 5.9 6.75 5.49 NA 6.44 6.79 7 7.42 7.22 6.55 7.18 6.08 6.05 7.85 6 7.08 6.35
"Brandon McManus" "K" 5.87 6.36 4.86 6.3 6.24 5.87 7.82 7.63 7.04 NA 6.82 7.21 6.7 6.26 6.46 7.28 7.2
"Jason Myers" "K" 6.03 6.1 5.49 5.35 6.36 7.64 7.18 5.82 6.58 6.85 NA 7.17 6.61 6.48 6.82 7.07 6.78
"Chandler Catanzaro" "K" 6.59 6.38 7.58 6.92 NA 7.12 7.39 6.29 6.31 6.57 6.46 6.85 6.68 7.25 5.77 6.26 7.13
"Greg Joseph" "K" NA NA 6.16 6.4 5.77 6.69 6.76 4.99 7.25 7.33 NA 4.99 5.92 5.8 5.42 5.28 5.78
"Dan Bailey" "K" NA NA 7.27 5.66 6.25 5.62 5.52 5.62 6.11 NA 4.32 5.97 5.16 4.35 5.74 5.81 4.58
"Cairo Santos" "K" NA NA NA NA 7.24 6.97 0 0 0 0 0 NA 0 0 0 0 0
"Phil Dawson" "K" 7.09 5.88 6.57 6.68 4.76 5.93 6.21 5.46 NA 5.43 5.67 4.86 5.17 5.7 5.32 5.22 4.12
"Aldrick Rosas" "K" 5.21 5.66 5.14 6.2 6.49 6.78 6.73 5.92 NA 6.1 6.66 5.25 5.63 5.61 6.31 5.96 5.06
"Matt McCrane" "K" NA NA NA 6.59 6.44 5.93 NA 5.35 5.74 5.21 4.05 3.17 6.44 4.79 5.88 5.5 6.1
"Ravens D/ST" "D" 10.85 7 7.03 6.31 10.24 6.87 5.84 8.2 7.21 NA 6.96 9.88 6.38 3.82 7.02 4.1 14.98
"Jaguars D/ST" "D" 10.38 4.58 8.57 8.14 5.56 6.53 7.01 6.66 NA 8.6 6.92 14.28 8.6 9.22 8.3 8.34 8
"Vikings D/ST" "D" 9.58 8.15 12.54 4.68 5.72 8.02 6.69 4.02 8.34 NA 4.54 6.91 4.78 5.36 7.9 8.34 4.54
"Rams D/ST" "D" 8.08 11.98 6.96 7.82 7.48 7.44 8.19 5.44 2.4 4.34 3.2 NA 5.04 4.62 6.24 9.46 7.42
"Seahawks D/ST" "D" 9.38 8.9 6.71 7.88 4.96 6.59 NA 6.92 3.18 2.66 7.61 6.42 8.14 7.84 8.14 2.78 10.68
"Jets D/ST" "D" 8 8.34 6.93 5.75 6.83 6.47 6.34 4.1 8.84 10.26 NA 4.02 8.3 10.26 6.56 7.83 4.02
"Bears D/ST" "D" 5.83 7.86 8.2 6.36 NA 7.96 5.98 8.72 10.1 6.26 6.78 6.26 8.88 2.56 7.3 7.02 6.78
"Cardinals D/ST" "D" 6.48 7 5.87 6.39 6.5 4.92 6.91 7.98 NA 3.3 9.62 3.34 7.25 7.97 6.03 2.7 6.7
"Cowboys D/ST" "D" 6.06 7.15 6.77 6.69 5.54 6.2 6.84 NA 7.3 6.54 5.04 6.6 4.62 6.54 9.51 4.92 7.95
"Redskins D/ST" "D" 9.03 8.24 6 NA 5.23 6.3 6.18 7.16 3.96 3.42 4.99 4.11 7.32 7.16 7.35 5.36 7.32
"Bills D/ST" "D" 6.52 3.88 3.68 5.96 6.65 5.56 5.34 3.18 6.5 8.11 NA 8.88 7.4 8.11 8.61 3.18 7.4
"Texans D/ST" "D" 3.27 8.82 8.04 6.95 6.46 8.88 5.93 5.58 4.65 NA 5.34 4.98 6.86 6.18 5.12 5.04 5.71
"Steelers D/ST" "D" 8.14 5.06 5.69 5.93 5.84 6.33 NA 7.03 8.52 7.06 7.56 6.98 2.64 8.4 3.9 2.88 8.86
"Chargers D/ST" "D" 5.54 8.69 5.04 7.44 6.54 6.61 7.75 NA 5.24 8.76 6.1 8.66 5.7 6 2.52 7.28 6.1
"Packers D/ST" "D" 6.28 3.96 6.44 8.36 5.6 7.54 NA -0.0800000000000005 3.54 6.3 3.4 5.82 8.75 4.26 2.74 5.84 5.16
"Broncos D/ST" "D" 5.31 8.74 6.04 4.68 6.42 5.16 7.16 3.18 6.96 NA 2.38 5.84 5.92 7.06 7.15 7.68 2.38
"Dolphins D/ST" "D" 5.2 6.9 6.6 4.79 5.46 5.88 6.48 5.99 7.36 5.68 NA 6.93 8.71 2.16 5.32 7.48 8.71
"Saints D/ST" "D" 7.98 8.63 5.59 6.21 6.8 NA 4.97 4.22 0.4 3.56 5.7 3.5 3.06 3.72 4.1 3.85 4.1
"Chiefs D/ST" "D" 5 2.96 7.51 6.89 6.66 3.75 6.6 6.31 7.98 8.54 -1.2 NA 6.27 5.95 -1.28 4.44 6.27
"Lions D/ST" "D" 6.98 8.52 4.02 7.01 5.93 NA 6.85 2.92 3.08 3.3 3.2 3.3 -2.12 8.02 7.14 3.08 3.75
"Eagles D/ST" "D" 4.7 7.14 6.85 6.58 6.85 6.26 7.28 8.34 NA 4.95 2.88 8.48 7.64 4.95 3.46 6.58 7.64
"Panthers D/ST" "D" 4.7 4.68 7.31 NA 7.72 7.37 6.29 6.3 4.92 6.44 7.91 5.84 4.92 8.38 3.08 5.4 3.08
"Colts D/ST" "D" 4.02 3.04 4.82 5.79 4.75 6.5 8.18 4.64 NA 6.61 5.98 6.83 6.61 4.12 5.12 6.14 5.98
"Falcons D/ST" "D" 5.42 6.58 5.3 6.33 5.02 6.16 6.54 NA 4.94 5.81 3.02 0.48 3.71 4.79 8.08 3.26 2.95
"Browns D/ST" "D" 2.08 -0.14 7.2 6.7 5.87 5.81 5.93 6.86 3.46 4.97 NA 7.26 7.8 6.18 7.42 7.26 7.72
"49ers D/ST" "D" 2.82 4.11 4.67 4.82 7.68 4.82 1.29 7.38 5.42 7.01 NA 4.25 4.74 5.81 4.74 4.4 -2.1
"Bengals D/ST" "D" 6.22 7.6 5.67 5.4 7.23 6.48 4.7 6.24 NA 2.72 4.8 6.84 5.66 2.54 6.1 6.84 6.42
"Titans D/ST" "D" 7.56 6.96 5.3 6.12 7.25 6.13 2.56 NA 5.08 3 5.5 5.06 5.7 7.36 5.66 6.2 5.5
"Patriots D/ST" "D" 7.54 5.47 6.94 6.74 7.34 6.08 6.51 7.32 5.61 6.86 NA 4.86 5.44 6.4 5.26 7.32 4.86
"Raiders D/ST" "D" 2.08 7.3 6.29 6.82 5.01 5.46 NA 3.76 3.46 -0.04 7.04 3.26 -2.58 3 3.1 4.38 -2.58
"Giants D/ST" "D" 4.86 4.18 6.13 4.94 5.26 6.62 4.87 6.1 NA 5.77 3.03 5.64 5.1 6.1 7.13 5.32 5.14
"Buccaneers D/ST" "D" 2.62 3.74 5.28 5.63 NA 4.95 6.43 3.5 3.06 3.8 4.08 2.98 3.06 2.26 2.9 2.78 3.4
