"Player" "Pos" "X1" "X2" "X3" "X4" "X5" "X6" "X7" "X8" "X9" "X10" "X11" "X12" "X13" "X14" "X15" "X16" "X17"
"A.J. Derby" "TE" 1.73 1.73 2.65 0 0 0 0 0 1.87 1.63 NA 1.88 1.75 1.83 1.4 1.86 1.7
"A.J. Green" "WR" 12.65 10.69 11.96 9.6 11.17 11.93 12.36 13.24 NA 13.16 10.41 9.43 12.77 13.26 15.02 9.24 11.18
"A.J. McCarron" "QB" 0.54 0.5 0.63 0.61 0.57 0.58 NA 0.83 0.72 0.77 0.72 0.67 0.71 0.79 0.69 0.7 0.68
"Aaron Jones" "RB" 0 0 5.42 5.58 8.76 7.16 NA 5.88 7.95 8.64 7.39 6.84 8.48 8.83 8.09 7.94 8.6
"Aaron Rodgers" "QB" 22.36 19.52 20.7 22.61 21.59 21.89 NA 23.08 23.17 26.37 19.21 18.45 21.65 25.97 18.52 20.23 25.93
"Adam Humphries" "WR" 2.14 2.32 2.2 3.92 NA 3.72 3.57 2.62 4 4.06 3.72 4.01 4.16 3.69 3.51 3.9 3.4
"Adam Shaheen" "TE" 0 0 0 0 NA 0 0 0.5 0.51 0.56 0.49 0.53 0.53 0.58 0.58 0.57 0.47
"Adam Thielen" "WR" 11.05 10.03 11.35 9.78 12.27 13.17 14.47 15.43 14.51 NA 14.35 15.72 13.96 13.95 16.8 16.42 14.83
"Adrian Peterson" "RB" 3.71 9.35 9.32 NA 9.69 11.34 11.45 11.6 14.34 15.55 13.27 12.18 15.05 16.75 12.91 15.57 16.27
"Alan Cross" "TE" 0.67 0.57 0.54 0.49 NA 1.06 0.44 0.57 0.58 0.6 0.66 0.68 0.62 0.72 0.64 0.6 0.69
"Aldrick Robinson" "WR" NA NA 0.5 0.43 2.13 0.51 0.54 0.79 0.59 NA 0.55 0.72 0.58 0.53 0.71 0.56 0.57
"Alex Armah" "RB" 0.69 0.61 0.63 NA 0.59 0.39 0.3 0.69 1.16 1.06 1.17 0.81 1.04 0.89 1.17 1.31 1.05
"Alex Collins" "RB" 10.28 8.1 9.93 9.97 7.62 5.99 10.35 10.49 9.04 NA 10.53 11.38 10.44 10.27 9.86 9.16 7.42
"Alex Erickson" "WR" 0.47 0.5 0.79 0.82 1.26 1.07 1.48 0.9 NA 0.41 0.33 0.29 0.33 0.38 0.36 0.28 0.32
"Alex Smith" "QB" 14.97 20.24 18.71 NA 19.7 19.02 16.03 16.85 19.67 19.66 19.91 15.23 13.64 18.81 13.72 18.14 14.5
"Alex Tanney" "QB" 0 0 0 0 0 0 0 0 NA 0 0 0 0 0 0 0 0
"Alfred Blue" "RB" 3.38 2.71 4.54 4.98 8.86 6.58 5.31 4.67 4.71 NA 5.11 5.45 4.29 5.83 4.35 4.73 5.19
"Alfred Morris" "RB" 5.23 7.48 8.35 6.96 6.2 6.73 3.74 5.54 5 4.64 NA 4.65 3.9 5.19 4.21 4.68 4.42
"Allen Hurns" "WR" 4.5 4.92 4.66 4.73 4.9 4.48 3.64 NA 2.44 2.26 1.93 2.4 2.26 2.33 2.3 2.31 2.26
"Allen Robinson" "WR" 8.56 8.46 8.4 7.7 NA 8.03 7.2 0 3.33 8.48 6.91 8.12 7.45 6.51 8.38 7.98 6.67
"Alshon Jeffery" "WR" 0 0 0 3.85 9.19 9.03 10.67 10.99 NA 10.86 10.73 12.31 11.84 10.53 10.92 12.43 11.38
"Alvin Kamara" "RB" 19.29 18.49 16.06 17.7 17.45 NA 13.68 14.82 18.52 17.22 17.64 17.24 14.82 15.74 16.77 17.25 18.04
"Amari Cooper" "WR" 8.35 8.45 8.25 10.1 9.01 7.5 NA NA 6.57 6.94 7.82 6.94 7.58 7.14 6.88 7.95 6.9
"Ameer Abdullah" "RB" 0 0 1.71 0 2.31 NA 1.6 1.63 1.01 0.57 0.83 0.6 0.66 0.77 0.72 0.62 0.7
"Andre Holmes" "WR" 0.97 0.44 0.45 0.53 0.39 2.02 2.46 2.73 1.05 1.12 NA 1.33 1.95 1.13 2.26 1.53 1.99
"Andre Roberts" "WR" NA NA 0.43 0.26 0.27 0.24 0.58 2.16 0.72 0.38 NA 0.38 0.19 0.35 0.33 0.18 0.36
"Andrew Luck" "QB" 18.05 15.88 14.26 18.38 16.92 15.45 18.69 21.61 NA 17.18 19.76 21.63 16.2 19.86 18.97 20.29 18.66
"Andy Dalton" "QB" 18.67 12.73 13.15 18.63 18.71 17.1 19.76 21.6 NA 22.9 14.95 13.79 17.06 20.89 21.56 13.15 15.61
"Andy Janovich" "RB" 0.84 0.85 1.25 1.01 1.34 1.31 1.49 1.16 1.28 NA 1.56 1.26 0.96 1.49 1.01 1.52 1.69
"Andy Jones" "WR" 0.51 0.54 0.47 0.56 0.6 NA 0.68 0.7 0.58 0.59 0.88 0.62 0.82 0.72 0.63 0.6 0.85
"Anthony Firkser" "TE" NA NA NA NA NA NA 0.65 NA 0.78 0.84 0.78 0.79 0.84 0.87 0.78 0.9 0.84
"Anthony Miller" "WR" 5.15 4.07 3.4 0 NA 4.19 4.04 6.34 4.63 3.27 3.7 3.16 3.51 3.17 3.26 3.23 3.53
"Anthony Sherman" "RB" 0.41 0.56 0.6 0.63 0.5 0.47 0.45 0.44 0.44 0.53 0.46 NA 0.45 0.51 0.48 0.5 0.48
"Antonio Brown" "WR" 12.94 14.65 15.35 15.87 15.59 14.88 NA 14.53 12.15 15.47 12.79 12.82 14.13 12.85 13.39 13.37 14.33
"Antonio Callaway" "WR" 4.39 4.32 6.27 6.42 6.8 6.97 6.24 4.35 4.21 4.16 NA 4.34 4.47 3.39 4.74 4.44 3.28
"Antonio Gates" "TE" 3.05 2.44 2.54 3.09 3.78 2.57 2.46 NA 1.77 2.74 2.62 2.65 2.52 2.79 2.45 2.2 2.52
"Antony Auclair" "TE" 0.62 0.53 0.66 0.69 NA 1.05 0.45 0.37 0.29 0.23 0.27 0.22 0.29 0.34 0.42 0.48 0.34
"Austin Carr" "WR" 4.3 4.06 2.13 2.18 1.24 NA 3.75 1.56 1.36 1.33 1.33 1.43 1.43 1.29 1.29 1.24 1.3
"Austin Ekeler" "RB" 5.93 5.43 5.26 6.53 7.42 6.56 12.89 NA 8.42 6.89 7.26 7.35 7.18 7.78 7.78 6.59 6.81
"Austin Hooper" "TE" 3.37 4.61 3.39 3.94 4.21 6.12 8.2 NA 6.82 4.23 6.67 8.36 4.81 7.8 6.43 6.62 8.33
"Baker Mayfield" "QB" 2.19 1.78 0.88 18.36 13.22 17.36 17.72 16.12 18.32 22.09 NA 15.51 17.62 17.48 13.82 16.47 14.11
"Ben Braunecker" "TE" 0.59 0.59 0.42 0.61 NA 0.48 0.32 0.3 0.17 0.15 0.17 0.15 0.13 0.16 0.17 0.13 0.16
"Ben Roethlisberger" "QB" 16.58 18.92 21.35 19.29 22.82 20.06 NA 19.65 17.14 19.97 18.52 16.83 21.39 19.97 21.26 21.33 18.77
"Benjamin Watson" "TE" 4.43 5.18 4.84 5.88 5.16 NA 4.51 5.02 5.08 4.92 5.02 5.28 4.16 5.51 5.68 4.98 6.04
"Bennie Fowler" "WR" NA 0 NA NA NA NA 1.99 0.84 NA 0.4 0.43 0.5 0.51 0.46 0.47 0.4 0.52
"Benny Cunningham" "RB" 1.06 1.03 1.2 0.52 NA 0.48 0.61 0.46 0.3 0.32 0.34 0.3 0.31 0.25 0.31 0.31 0.32
"Blaine Gabbert" "QB" 0.4 15.24 9.72 0 0.34 0.69 0.48 NA 0.51 0.51 0.53 0.53 0.59 0.58 0.57 0.57 0.57
"Blake Bell" "TE" NA NA NA NA NA NA 1.05 2.21 NA 1.57 1.39 0.85 1.57 1.15 1.6 1.21 0.82
"Blake Bortles" "QB" 14.58 16.97 17.51 16.2 19.98 18.66 17.1 14.78 NA 15.07 15.32 14.98 16.01 15.8 14.69 17.02 16.07
"Blake Jarwin" "TE" 4.51 3.15 1.56 1.74 1.59 1.25 1.24 NA 1.79 1.8 1.66 1.91 1.68 1.91 1.7 1.73 1.78
"Brandin Cooks" "WR" 8.64 9.77 9.96 10.84 12.13 10.51 12.47 12.4 12.71 12.66 10.6 NA 11.54 12.04 11.56 12.13 11.19
"Brandon Bolden" "RB" 0.54 0.52 0.52 0.43 0.58 0.37 0.61 0.52 0.44 0.66 NA 0.6 0.39 0.51 0.39 0.49 0.38
"Brandon LaFell" "WR" 0 2.33 0.72 0 0 0 NA 2.35 3.68 3.5 3.43 3.05 3.69 3.57 3.48 3.29 3.58
"Brandon Marshall" "WR" 4.59 6.41 5.46 4.19 3.08 3.69 NA 2.38 2.26 2.34 2.54 2.53 2.72 2.07 2.62 2.4 2.29
"Brandon Powell" "WR" NA NA NA NA NA NA NA NA 0.58 0.59 0.88 0.62 0.82 0.72 0.63 0.6 0.85
"Brandon Weeden" "QB" 0.77 0.73 0.94 0.82 0.88 0.8 0.73 0.77 0.68 NA 0.71 0.7 0.63 0.69 0.67 0.71 0.76
"Brandon Zylstra" "WR" NA NA NA NA NA 0.52 0.59 0.81 0.62 NA 0.58 0.61 0.58 0.58 0.62 0.61 0.59
"Breshad Perriman" "WR" NA NA 0 NA NA 0 1.07 0.55 0.41 0.26 NA 0.22 0.26 0.23 0.23 0.22 0.18
"Brett Hundley" "QB" 0.64 0.62 1.01 0.88 1.04 1.1 NA 0.91 0.61 0.62 0.65 0.64 0.62 0.64 0.59 0.66 0.75
"Brian Hill" "RB" NA 0.51 1.51 0.94 0 0 0 NA 0.58 0.42 0.35 0.61 0.43 0.65 0.45 0.52 0.68
"Brian Hoyer" "QB" 0.78 0.58 0.73 0.99 0.99 0.98 0.67 0.69 0.65 0.6 NA 0.59 0.6 0.6 0.69 0.58 0.62
"Brian Parker" "TE" NA NA NA NA 0.45 0.4 0.37 0.33 0.14 NA 0.16 0.18 0.14 0.14 0.16 0.15 0.17
"Brian Quick" "WR" NA 0.81 0.77 NA 0.67 1.73 3.41 0 0.39 0.18 0.18 0.18 0.18 0.18 0.18 0.18 0.18
"Brock Osweiler" "QB" 0 0 0 0 0 11.9 14.25 14.66 6.15 1.01 NA 0.92 0.94 1.02 0.93 1.05 0.89
"Bruce Ellington" "WR" 3.18 2.71 3.1 0 0 0 0 0 0 NA 0 2.5 2.16 2.4 2.45 2.54 2.68
"Buddy Howell" "RB" NA NA NA 1.39 1.62 0.41 0.34 0.72 0.53 NA 0.51 0.69 0.49 0.68 0.46 0.51 0.47
"C.J. Anderson" "RB" 5.1 5.74 5.37 NA 6.18 3.54 1.8 2.41 1.84 1.36 1.52 1.91 1.66 1.68 1.55 1.75 1.4
"C.J. Beathard" "QB" 0.67 0.9 0.86 14.05 12.92 14.14 15.46 11.84 14.94 13.07 NA 15.43 10.17 10.42 10.81 12.12 11.12
"C.J. Ham" "RB" 0.53 0.6 0.55 0.48 0.45 0.41 0.61 0.62 0.4 NA 0.34 0.42 0.32 0.32 0.41 0.38 0.36
"C.J. Prosise" "RB" 1.61 2.16 0 0 0 0 NA 0.34 0.19 0.2 0.2 0.2 0.19 0.15 0.19 0.2 0.17
"C.J. Uzomah" "TE" 0.5 0.33 0.36 0.56 3.49 4.03 5.74 5.35 NA 5.08 3.66 3.81 4.06 4.86 6.48 3.68 4.24
"Calvin Ridley" "WR" 4.15 4.23 3.09 6.83 7.75 8.17 6.86 NA 7.99 7.82 8.42 7.14 7.81 8.17 8.08 7.61 7.46
"Cam Newton" "QB" 19.87 18.22 20.18 NA 23.25 20.43 18.19 19.66 25.72 19.04 22.17 18.33 23.79 16.63 25.72 24.16 23.74
"Cam Phillips" "WR" NA NA NA NA NA NA NA 0.46 0.17 0.17 NA 0.18 0.17 0.18 0.17 0.17 0.17
"Cameron Artis-Payne" "RB" 0 2 1.25 NA 0 0 0 0 0.69 0.58 0.72 0.43 0.65 0.47 0.71 0.69 0.66
"Cameron Batson" "WR" NA NA NA NA NA NA 0.6 NA 0.26 0.26 0.22 0.26 0.27 0.26 0.22 0.25 0.23
"Cameron Brate" "TE" 4.81 2.42 2.43 3.89 NA 4.41 3.62 3.64 2.12 2.27 2.92 3.06 2.19 3.09 2.71 2.86 2.45
"Cameron Meredith" "WR" 0 0 1.13 2.75 4.09 NA 2.84 2.95 0.58 0.57 0.54 0.5 0.43 0.5 0.56 0.54 0.56
"Carlos Hyde" "RB" 8.59 10.03 11.24 11.7 10.39 12.06 0 8.16 NA 5.42 4.96 3.74 5.88 4.74 4.47 4.75 3.89
"Carson Wentz" "QB" 0 0 19.52 19.86 19.39 17.73 18 15.23 NA 18.77 24.14 24.2 21.92 17.62 20.11 21.05 20.46
"Case Keenum" "QB" 12.53 17.08 12.85 17.84 15.61 16.86 16.94 19.49 18.34 NA 19.32 16.31 18.45 18.61 13.29 20.49 20.66
"Chad Henne" "QB" 0.46 0.54 0.58 0.35 0.47 0.42 0.49 0.72 0.55 0.65 0.63 NA 0.59 0.56 0.68 0.55 0.62
"Chad Williams" "WR" 1.73 1.88 1.94 0.78 3.86 3.11 2.38 1.81 NA 2.93 2.61 2.73 2.4 2.59 2.34 2.88 1.94
"Charles Clay" "TE" 4.25 4.32 4.02 4.18 4.51 4.77 4.37 4.35 2.96 2.91 NA 3.31 3.56 2.99 3.92 3.31 3.69
"Charone Peake" "WR" 0.6 0.67 0.73 0 0 0 1.39 0.84 2.35 0.45 NA 0.41 0.5 0.44 0.56 0.5 0.4
"Chase Daniel" "QB" 0.75 0.76 0.79 0.91 NA 0.77 0.81 0.68 0.6 0.64 0.63 0.61 0.64 0.69 0.67 0.63 0.6
"Chase Edmonds" "RB" 4.47 3.93 4.04 3.81 4.03 1.22 1.13 1.28 NA 0.73 0.81 0.7 0.66 0.81 0.76 0.82 0.88
"Chester Rogers" "WR" 3.47 2.78 2.6 2.78 6.73 7.4 7.35 7.08 NA 4.64 6.21 5.63 4.53 5.69 5.57 6.29 5.99
"Chris Carson" "RB" 7.79 7.98 6 0 7.35 11.48 NA 10.02 11.73 9.51 10.69 9.34 10.66 9.29 9.83 10.63 10.84
"Chris Conley" "WR" 2.15 2.51 3.21 3.54 4.03 2.15 2.3 2.03 2.58 1.76 1.34 NA 1.3 1.85 1.34 2.18 1.33
"Chris Godwin" "WR" 4.36 5.11 4.49 5.58 NA 6.1 6.08 6.59 5.94 5.03 5.63 5.48 6.14 7.1 5.83 5.6 7.34
"Chris Herndon" "TE" NA NA 2.91 0.95 0.93 1.12 2.78 3.07 4.21 1.85 NA 2.04 2.61 1.78 2.53 2.53 1.95
"Chris Hogan" "WR" 10.52 9.55 8.48 5.93 4.64 4.85 5 4.2 5.46 4.98 NA 4.24 4.95 4.75 4.41 4.67 4.43
"Chris Ivory" "RB" 4.03 4.69 6.79 5.6 5.61 4.79 4.77 5.29 4.05 4.15 NA 4.78 4.4 4.5 5.18 4.34 4.79
"Chris Manhertz" "TE" 0.37 0.39 2.96 NA 1.25 0.52 0.15 0.14 0.16 0.09 0.13 0.09 0.16 0.14 0.17 0.13 0.16
"Chris Moore" "WR" 0.29 0.39 0.49 0.45 0.66 0.5 0.43 0.49 0.32 NA 0.43 0.48 0.45 0.44 0.43 0.42 0.38
"Chris Thompson" "RB" 6.44 9.95 8.98 NA 8.8 0 0 6.68 7.27 5.97 5.69 5.48 5.71 5.85 5.98 5.81 6.02
"Christian Kirk" "WR" 3.94 4.56 4.59 3.99 5.75 5.28 7.17 6.22 NA 7.33 6.99 7.84 7.24 7.2 6.88 6.37 5.09
"Christian McCaffrey" "RB" 14.11 12.35 13.11 NA 15.54 14.75 13.01 13.5 15.65 13.92 15.88 15.03 14.68 13.43 14.75 18.03 13.86
"Cody Core" "WR" 0 0 0.39 0.58 1.51 1.35 0.07 0.75 NA 0.33 0.32 0.36 0.3 0.31 0.27 0.35 0.24
"Cody Kessler" "QB" 0.46 0.59 0.55 0.54 0.88 0.79 0.8 0.38 NA 0.21 0.23 0.23 0.22 0.21 0.22 0.21 0.22
"Cole Beasley" "WR" 2.6 4.49 4.38 4.44 4.5 4.5 5.8 NA 4.44 3.88 4.5 4.53 5.05 3.98 4.19 5.03 4.97
"Colt McCoy" "QB" 0.68 0.78 0.83 NA 0.82 0.82 0.81 0.72 0.68 0.69 0.74 0.61 0.69 0.73 0.69 0.69 0.73
"Cooper Kupp" "WR" 7.59 5.72 6 8.02 9.57 10.27 0 0 5.14 10.01 10.75 NA 9.74 9.48 10.22 8.36 10.99
"Cooper Rush" "QB" 0.68 0.73 0.65 0.82 0.79 0.79 0.66 NA 0.71 0.71 0.67 0.74 0.69 0.75 0.68 0.68 0.68
"Cordarrelle Patterson" "WR" 1.95 1.36 0.91 0.31 1.97 2.85 3.34 3.34 2.66 2.96 NA 2.43 3.39 2.6 2.34 2.82 2.5
"Corey Clement" "RB" 4.8 5.73 10.4 0 2.04 9.33 9.29 6.67 NA 2.85 2.82 3.02 3.78 2.66 3.05 2.69 3.45
"Corey Coleman" "WR" NA 0 NA NA NA NA NA 1.87 NA 2.73 3.2 2.48 2.56 2.62 3.03 2.7 2.7
"Corey Davis" "WR" 7.61 8.25 8.03 8.35 9.16 8.49 6.97 NA 6.25 5.89 7.28 6.59 6.21 5.07 6.9 5.81 7.63
"Courtland Sutton" "WR" 3.08 4.48 2.41 4.06 4.99 4.7 4.69 3.73 3.19 NA 4.9 2.99 4.22 4.73 3.23 4.24 5.08
"Curtis Samuel" "WR" 0 0 0 NA 1.68 2.52 0.94 2.99 5.35 2.73 2.53 2.72 2.44 2.18 2.56 2.71 2.46
"D'Onta Foreman" "RB" 0 0 0 0 0 0 0 0 0 NA 4.16 5.39 4.66 4.96 4.5 4.31 4.13
"D.J. Chark" "WR" 1.58 1.44 0.62 0.56 0.61 1.52 1.28 0.84 NA 2.1 2.85 2.4 2.1 1.81 2.58 2.6 2.87
"D.J. Moore" "WR" 5.19 4.31 3.41 NA 3.25 5.88 4.94 4.24 5.91 3.94 4.03 3.7 3.84 3.15 4.35 4.21 4.22
"DaeSean Hamilton" "WR" NA NA NA 0.55 0.57 0.65 0.57 0 0.36 NA 0.59 0.57 0.55 0.64 0.58 0.54 0.61
"Dak Prescott" "QB" 15.04 15.59 13.81 17.43 17.57 14.58 17.95 NA 18.59 15.77 19.07 17.71 20.44 16.93 16.25 20.18 17.55
"Dallas Goedert" "TE" 2.47 3.02 3.15 3.45 2.64 2.93 2.77 1.8 NA 3.5 3.87 3.09 3.97 3.32 2.79 3.65 3.7
"Dalton Schultz" "TE" NA NA NA NA NA NA NA NA 0.47 0.25 0.21 0.26 0.25 0.26 0.2 0.25 0.23
"Dalvin Cook" "RB" 13.38 12.7 0 8.07 0 0 0 0 0 NA 7.03 10.51 6.97 6.25 11.52 10.98 7.44
"Damien Williams" "RB" 0.33 0.4 0.35 0.32 0.27 0.28 0.37 0.34 0.28 0.22 0.31 NA 0.32 0.25 0.32 0.24 0.34
"Damiere Byrd" "WR" 0.61 0 0 NA 1.2 0 0.67 0.84 0.39 0.18 0.19 0.22 0.19 0.2 0.2 0.19 0.2
"Damion Ratley" "WR" NA NA NA NA NA NA 4.01 2.9 2.35 2.3 NA 2.12 2.48 2.29 1.97 2.21 2.11
"Dan Arnold" "TE" NA NA NA NA NA NA NA 0.4 0.6 0.57 0.56 0.55 0.35 0.54 0.55 0.49 0.58
"Daniel Brown" "TE" 0 0.58 0.49 0.63 NA 0.49 0.61 0.51 0.51 0.56 0.49 0.53 0.53 0.58 0.58 0.57 0.47
"Danny Amendola" "WR" 5.16 4.27 4.64 5.39 4.95 4.26 5.12 6 4.75 6.01 NA 6.19 4.73 5.08 4.22 5 4.66
"Dante Pettis" "WR" NA 5.99 4.74 2.39 0 0 0 3.39 3.07 3 NA 2.82 2.14 1.94 2.25 2.57 2.57
"Darius Jennings" "WR" 0.65 0.7 0.45 0.48 0.5 0.45 0.41 NA 0.19 0.2 0.2 0.19 0.2 0.2 0.2 0.2 0.2
"Darrell Daniels" "TE" 0.27 0.21 2.87 0 NA 2.42 NA 0.82 0.61 0.49 0.6 0.49 0.61 0.52 0.58 0.55 0.54
"Darren Fells" "TE" 1.48 1.33 2.14 2.99 2.29 3.17 2.55 2.01 2.69 2.72 NA 2.19 2.32 2.57 2.01 2.3 1.88
"Darren Sproles" "RB" 3.72 0 0 0 0 0 0 0 NA 4.26 4.55 5.22 4.7 4.01 4.8 3.96 4.37
"Darrius Heyward-Bey" "WR" 1.62 1.51 0.77 2.12 0 0 NA 0.36 0.59 0.75 0.71 0.67 0.76 0.84 0.69 0.79 0.69
"Davante Adams" "WR" 9.99 9.71 11.35 11.85 13.1 12.33 NA 12.43 10.76 13.99 9.87 11.15 9.63 13.42 10.99 9.93 13.35
"David Fales" "QB" 0 0 0 0 0 0 0 0 0 0 NA 0 0 0 0 0 0
"David Fluellen" "RB" 0.97 0.91 0 0 1.01 1.39 1.55 NA 0.19 0.2 0.2 0.2 0.2 0.21 0.21 0.21 0.21
"David Grinnage" "TE" NA NA NA NA NA NA 3.02 1.38 NA 1.75 1.77 1.31 1.75 1.51 1.84 1.56 1.68
"David Johnson" "RB" 18.44 14.9 11.35 10.72 14.08 10.57 10.87 12.74 NA 11.82 11.8 10.67 10.85 11.8 11.08 13.23 9.8
"David Moore" "WR" NA 0.63 1.67 1.31 0.48 3.76 NA 3.3 2.65 2.47 2.87 2.68 2.75 2.56 2.67 2.87 2.62
"David Morgan" "TE" 1.36 1.27 0 1.77 1.74 1.53 1.55 1.47 1.24 NA 1.43 1.61 1.81 1.55 1.2 1.19 1.49
"David Njoku" "TE" 4.12 5.14 4.43 5.89 5.83 6.44 7.19 7.31 7.54 8.32 NA 6.37 8.08 6.33 5.96 6.64 6.21
"David Williams" "RB" NA NA NA NA NA NA NA 0.57 NA 0.09 0.1 0.1 0.1 0.09 0.1 0.09 0.1
"De'Angelo Henderson" "RB" NA NA NA NA NA NA NA 1.02 1.28 0.84 NA 0.96 1.31 0.82 0.98 1.39 0.92
"De'Lance Turner" "RB" NA NA NA NA 0.94 1.37 1.4 1.19 0.87 NA 0.59 0.49 0.43 0.51 0.59 0.4 0.37
"DeAndre Carter" "WR" NA 0.81 0 0.76 0.78 0.66 0.43 0.32 NA 0.19 0.18 0.19 0.19 0.18 0.19 0.19 0.19
"DeAndre Hopkins" "WR" 14.98 12.4 13.01 14.53 15.31 14.46 11.41 15.01 12.6 NA 14.38 14.9 14.54 14.83 14 14.6 13.53
"DeAndre Washington" "RB" 0 0 0 0 0 0 NA 1.06 0.1 0.11 0.06 0.07 0.11 0.07 0.09 0.06 0.1
"Dede Westbrook" "WR" 4.79 4.34 4.82 4.5 6.16 6.09 6.42 5.6 NA 7.19 6.29 5.22 7.42 6.75 6.46 6.18 5.65
"Demarcus Robinson" "WR" 0.47 0.39 0.38 0.39 1.03 0.29 0.29 0.54 0.75 0.45 0.38 NA 0.32 0.41 0.45 0.43 0.33
"Demaryius Thomas" "WR" 8.73 9.74 8.51 8.78 7.92 8.7 7.66 9.38 7.36 NA 8.56 8.36 8.5 9.07 7.72 9.73 8.83
"Demetrius Harris" "TE" 0 1.86 2.97 1.95 2.81 1.97 2.23 3.79 3.25 3.56 3.28 NA 2.8 3.62 2.71 3.44 2.95
"Deontay Burnett" "WR" NA NA NA NA NA NA NA 0.98 0.55 0.6 NA 0.62 0.47 0.59 0.74 0.51 0.6
"Deonte Thompson" "WR" 1.87 2.28 3.68 3.49 3.36 2.71 1.07 NA 0.99 0.4 0.5 0.39 0.5 0.4 0.42 0.49 0.41
"Derek Anderson" "QB" NA NA NA NA NA 0 14.11 8.79 7.21 7.37 NA 0.25 0.24 0.25 0.25 0.24 0.25
"Derek Carr" "QB" 14.26 11.98 13.33 15.92 14.83 15.77 NA 15.57 16.38 18.21 13.83 12.44 16.98 14.76 14.97 15.04 15.95
"Derek Carrier" "TE" 1.01 1.18 1.37 1.6 1.24 1.09 NA 0.81 0.95 0.98 0.62 0.83 1 0.64 0.74 0.76 0.95
"Derek Watt" "RB" 0.75 0.72 0.74 0.91 1.04 0.56 1.94 NA 0.35 0.39 0.4 0.4 0.34 0.43 0.37 0.38 0.35
"Derrick Coleman" "RB" NA 0.28 0.18 0.24 0.2 0.2 0.23 0.21 NA 0.24 0.23 0.2 0.21 0.23 0.22 0.24 0.22
"Derrick Henry" "RB" 9.4 9.16 8.99 8.74 10.03 7.21 7.6 NA 5.89 6.9 6.34 5.48 6.5 7.17 6 7.2 6.89
"DeSean Jackson" "WR" 5.87 6.54 6.97 6.04 NA 7.25 6.61 6.64 6.84 6.34 6.51 6.62 7.05 6.3 8.73 8.04 8
"Deshaun Watson" "QB" 19.16 18.95 19.66 22.18 23.21 20.62 18.15 21.47 19.24 NA 19.85 22.8 19.24 22.08 19.12 19.5 19.64
"DeShone Kizer" "QB" 0.98 1.39 0.77 0.96 0.72 0.6 NA 0.15 0.17 0.2 0.16 0.16 0.18 0.2 0.15 0.16 0.2
"Detrez Newsome" "RB" NA NA 0.49 NA NA NA 1.17 NA 0.16 0.09 0.06 0.09 0.09 0.09 0.09 0.1 0.06
"DeVante Parker" "WR" 0 0 5.34 0 0 3.97 0 4.72 6.65 4.23 NA 3.58 4.41 3.61 4.42 3.59 4.25
"Devin Funchess" "WR" 7.9 7.73 8.26 NA 9.53 7.95 7.44 8.4 9.23 7.65 8.12 7.77 8.86 6.23 9.45 8.3 9.07
"Devontae Booker" "RB" 5.35 5.6 1.92 2.25 1.58 3.08 2.88 4.87 5.59 NA 3.7 3.83 3.75 3.72 2.83 3.35 3.82
"Dion Lewis" "RB" 6.85 8.04 8.89 8.45 8.28 8.42 7.42 NA 6.12 6.72 6.45 6.71 7.06 6.98 7.24 7.32 6.85
"Dion Sims" "TE" 2.15 2.48 1.06 2.06 NA 1.29 1.05 1.03 0.27 0.41 0.25 0.4 0.38 0.53 0.38 0.35 0.25
"Donte Moncrief" "WR" 4.45 4.17 6.04 5.71 5.69 6.78 5.55 5.52 NA 7.07 6.41 5.11 7.36 7.77 6.23 6.77 5.73
"Dontrell Hilliard" "RB" NA NA NA NA NA NA 0.58 0.58 0.33 0.32 NA 0.32 0.32 0.33 0.32 0.33 0.32
"Dontrelle Inman" "WR" NA NA NA NA NA NA 0.94 1.46 NA 2.31 2.96 2.97 2.25 2.56 2.68 2.92 2.87
"Doug Baldwin" "WR" 9.27 0 0 7.83 9.06 9.08 NA 7.45 7.96 5.88 8.19 6.43 7.51 7.76 7.24 6.16 8.39
"Doug Martin" "RB" 4.94 3.81 5.43 4.49 4.94 3.26 NA 6.55 7.26 6.81 5.89 5.94 6.88 6.99 5.75 7.19 6.39
"Drew Brees" "QB" 24.06 23.92 19.97 22.68 21.26 NA 19.45 22.63 23.12 18.48 20.97 23.82 21.36 25.08 20.15 21.51 21.4
"Drew Stanton" "QB" 0 0 0 0.96 0 0 0 0 0 0 NA 0 0 0 0 0 0
"Duke Johnson Jr." "RB" 7.5 6.42 4.67 6.12 4.55 4.83 8.44 5.21 6.04 5.35 NA 4.36 3.78 5.53 4.04 4.56 3.56
"Durham Smythe" "TE" NA NA NA NA 0.49 0.48 0.48 0.3 0.18 0.2 NA 0.17 0.16 0.18 0.16 0.18 0.15
"Dwayne Allen" "TE" 1.99 0.72 1.19 1.49 1.17 0.79 0.83 0.52 0.41 0.44 NA 0.41 0.37 0.43 0.52 0.26 0.42
"Dwayne Harris" "WR" 0.62 0 0.65 0.4 0.38 0.44 NA 0.38 0.14 0.13 0.13 0.12 0.14 0.13 0.16 0.13 0.14
"Dwayne Washington" "RB" NA NA NA 1.2 0.36 NA 0.23 0.18 0.09 0.06 0.06 0.09 0.09 0.08 0.09 0.09 0.09
"Ed Dickson" "TE" 0 0 0 0 0 0 NA 1.7 3.03 2.78 3.03 2.79 3.03 3.01 2.79 3.04 3.01
"Eli Manning" "QB" 10.9 15.42 15.64 18.07 13.7 14.69 18.5 16.16 NA 16.51 19.95 15.03 15.69 14.64 18.07 15.6 15.51
"Eli Rogers" "WR" 0 0 0 0 0 0.5 NA 0.52 0.59 0.75 0.71 0.67 0.76 0.84 0.69 0.79 0.69
"Elijah McGuire" "RB" 0 0 0 0 0 0 0 1.99 1.2 0.84 NA 0.96 1.31 0.82 0.98 1.39 0.92
"Elijhaa Penny" "RB" NA NA 0.55 0.7 0.66 0.42 0.62 0.29 NA 0.28 0.31 0.28 0.3 0.25 0.3 0.32 0.3
"Emmanuel Sanders" "WR" 8.17 8.89 8.67 9.93 8.33 8.59 8.29 9.98 11.21 NA 11.15 11.46 10.11 11.42 9.61 12.18 11.63
"Equanimeous St. Brown" "WR" NA NA NA NA NA 4.34 NA 3.22 0.84 0.83 0.79 0.78 0.91 0.85 0.76 0.83 0.85
"Eric Ebron" "TE" 3.51 4.24 6.21 5.46 6.17 7.82 7.56 8.54 NA 7.35 7.93 8.13 7.05 7.25 7.63 7.66 7.69
"Eric Saubert" "TE" 0.97 1 2.17 1.91 1.81 1.81 1.27 NA 0.5 0.75 0.49 0.57 0.5 0.55 0.7 0.59 0.56
"Eric Tomlinson" "TE" 0.5 1.12 1.81 1.38 2.32 2.27 1.94 1.37 1.43 1.3 NA 1.48 1.37 1.27 1.47 1.42 1.44
"Erik Swoope" "TE" 0.58 0 1.91 0 1.71 1.57 1.78 0 NA 0.85 0.93 0.96 0.79 0.88 0.82 0.93 0.86
"Evan Engram" "TE" 6.06 6.56 7.25 0 0 0 6.33 7.09 NA 6 7.67 5.55 6.12 6.24 6.98 5.65 7.07
"Ezekiel Elliott" "RB" 14.51 16.97 17.57 17.93 17.41 16.29 17.84 NA 16.1 15.2 18.19 16.62 17.71 16.54 15.96 17.84 16.31
"Frank Gore" "RB" 5.11 5.6 7.18 7.04 6.27 7.1 7.79 6.59 5.42 4.89 NA 4.77 6.19 5.62 5.45 5.39 5.7
"Gabe Holmes" "TE" 0.46 0.4 1.81 0.45 0.45 0.44 0.64 0.6 NA 0.5 0.51 0.45 0.45 0.51 0.49 0.48 0.37
"Garrett Celek" "TE" 1.77 2.57 1.97 4 2.14 3.39 2.58 1.53 2.88 2.2 NA 2.45 1.28 1.77 1.3 1.45 1.78
"Geno Smith" "QB" 0.29 0.28 0.57 0.81 1.04 0.69 0.37 NA 0.42 0.41 0.4 0.41 0.39 0.4 0.39 0.43 0.38
"Geoff Swaim" "TE" 1.36 1.73 2.67 3.88 3.41 3.13 1.87 NA 0.97 1.77 2.09 1.64 2.12 1.84 1.78 2.04 1.94
"George Kittle" "TE" 3.68 7.23 6.78 5.18 6.15 7.14 8.49 7.56 10.12 9.9 NA 9.82 7.25 7.11 7.51 8.49 7.79
"Gerald Everett" "TE" 2.23 2.04 2.25 1.72 1.35 1.75 2.33 1.39 1.68 1.58 1.84 NA 1.57 1.53 1.8 1.62 1.95
"Geremy Davis" "WR" 0 0.5 0.58 0.85 1.88 1.27 1.75 NA 0.62 0.89 0.67 0.59 0.6 0.74 0.78 0.67 0.65
"Geronimo Allison" "WR" 3.37 4.95 5.71 6.17 0 0 NA 6.46 4.99 4.46 5.6 5.33 4.91 5.41 5.53 5.49 5.22
"Giovani Bernard" "RB" 6.72 4.83 9.99 11.66 0 0 0 0 NA 3.91 3.57 4.62 4.75 4.73 4.07 4.33 4.41
"Golden Tate" "WR" 9.82 9.36 10.87 10.5 11.58 NA 10.08 8.2 10.06 8.31 11.19 8.62 10.58 9.98 9.26 10.46 11.08
"Greg Olsen" "TE" 9.51 0 0 NA 0 6.17 6.93 5.45 7.36 6.48 7.29 6.28 7.09 7.02 6.95 7.64 6.68
"Gus Edwards" "RB" NA NA NA NA NA NA 1.38 2.16 1.15 NA 0.51 0.77 0.63 0.58 0.82 0.53 0.53
"Hayden Hurst" "TE" 0 0 0 0 4.7 2.75 1.55 1.03 2.88 NA 1.47 1.88 1.76 1.69 1.38 1.49 0.83
"Ian Thomas" "TE" NA 3.15 3.78 NA 3.93 1.92 1.78 1.04 1.07 0.91 1.02 0.78 1.03 0.95 1.07 1.04 1.03
"Isaiah Crowell" "RB" 7.22 7.42 7.48 6.14 6.33 7.7 7.3 8.21 6.68 4.78 NA 4.76 4.52 4.48 4.23 4.85 4.45
"Ito Smith" "RB" NA 1.54 5.15 3.58 2.88 6.27 6.72 NA 5.79 4.65 4.56 5.37 4.8 5.84 5.44 5.89 5.35
"J'Mon Moore" "WR" 0 0 0 0.79 4.92 3.05 NA 0 0.18 0.19 0.18 0.18 0.19 0.19 0.18 0.18 0.18
"J.D. McKissic" "RB" 0 0 0 0 0 0 NA 0.61 0.66 0.56 0.67 0.65 0.68 0.49 0.64 0.62 0.47
"J.J. Nelson" "WR" 4.46 1.75 1.56 0.33 0.34 0.35 0.39 0.37 NA 0.12 0.08 0.09 0.11 0.08 0.08 0.13 0.2
"Jack Doyle" "TE" 5.89 5.12 0 0 0 0 0 4.08 NA 8.46 6.74 8.48 8.46 9.53 6.87 6.73 6.74
"Jacob Hollister" "TE" 0 0.26 0 0 1.35 0.55 0 0 0.65 0.62 NA 0.62 0.62 0.61 0.66 0.63 0.66
"Jacoby Brissett" "QB" 1.88 1.36 0.57 1.06 0.87 0.71 0.61 0.58 NA 0.36 0.44 0.43 0.34 0.41 0.4 0.45 0.42
"Jacquizz Rodgers" "RB" 1.55 1.62 4.73 3.2 NA 2.66 0.99 0.63 0.7 0.67 0.57 0.54 0.74 0.53 0.6 0.57 0.5
"Jakeem Grant" "WR" 0.43 0.43 0.28 3.01 4.5 4.54 3.52 4.89 5.3 4.92 NA 4.62 4.07 4.61 4.38 4.52 3.99
"Jalen Richard" "RB" 1.95 1.13 1.81 3.77 5.56 5.25 NA 7.19 7.31 5.93 5.19 4.7 6.44 5.78 5.36 6.04 6.15
"Jamaal Williams" "RB" 10.8 10 7.68 6.85 6.53 6.25 NA 5.58 3.94 5.69 4.45 3.62 4.74 5.79 3.84 4.34 5.9
"Jameis Winston" "QB" 0 0 0 0.72 NA 20.24 17.74 21.95 1.31 1.39 1.22 1.35 1.4 1.27 0.99 0.99 1.43
"James Conner" "RB" 13.01 13.69 13.02 11.91 13.33 12.96 NA 15.17 14.2 19.58 14.14 16.33 19.03 19.09 15.82 16.79 21.13
"James Develin" "RB" 0.19 0.13 0.24 0.2 0.23 0.15 0.2 0.16 0.09 0.09 NA 0.09 0.09 0.1 0.09 0.09 0.09
"James O'Shaughnessy" "TE" 1.26 1.23 1.99 2.11 1.93 3.09 0 0 NA 2.99 2.81 2.74 3.12 2.96 2.78 2.85 2.61
"James Washington" "WR" 3.52 4.27 3.33 3.37 2.92 3.1 NA 0 1.79 1.88 1.77 1.65 1.5 1.85 1.71 1.65 1.55
"James White" "RB" 7.76 6.2 6.8 6.16 10.33 11.77 9.27 12.3 13.28 9.51 NA 9.84 10.22 9.52 9.38 9.67 9.93
"Jamison Crowder" "WR" 6.48 6.51 6.37 NA 6.81 0 0 0 2.89 3.9 4.28 4.01 4.73 4.51 3.68 4.3 4.89
"Jamize Olawale" "RB" NA NA 0.34 0.49 0.53 0.27 0.32 NA 0.05 0.05 0.05 0.05 0.04 0.05 0.05 0.05 0.05
"Jared Cook" "TE" 4.59 5.46 6.76 7.11 7.48 7.27 NA 7.37 8.53 9.79 7.99 7.43 10.07 8.57 8.62 8.7 9.65
"Jared Goff" "QB" 19.08 17.42 16.72 17.71 19.18 20.55 23.04 23.55 24.16 20.66 25.63 NA 24.19 21.99 22.01 20.32 25.58
"Jarius Wright" "WR" 0.59 0.6 3.01 NA 3.11 2.95 2.8 4.25 1.08 0.53 0.48 0.46 0.48 0.51 0.44 0.49 0.44
"Jaron Brown" "WR" 1.8 1.71 3.08 3.59 1.67 0.52 NA 0.79 0.66 0.58 0.66 0.68 0.67 0.5 0.65 0.75 0.62
"Jarvis Landry" "WR" 8.49 10.74 9.56 9.74 9.62 9.82 10.92 8.45 10.8 9.92 NA 9.99 8.8 11.07 8.22 10.3 7.51
"Jason Croom" "TE" NA 0.39 0.44 0.51 0.64 0.43 0.44 0.37 0.51 0.46 NA 0.47 0.38 0.48 0.37 0.43 0.39
"Javon Wims" "WR" NA NA NA NA NA 0 0 0.35 0.07 0.03 0.03 0.03 0.03 0.03 0.03 0.03 0.03
"Javorius Allen" "RB" 4.65 4.66 4.61 6.39 7.03 6.84 6.9 6.24 4.73 NA 4.84 4.36 4.07 4.95 4.47 4.16 4.97
"Jawill Davis" "WR" NA NA NA NA 1.26 1.1 0 0 NA 0.2 0.19 0.18 0.18 0.19 0.2 0.19 0.18
"Jaylen Samuels" "RB" NA NA NA NA NA NA NA NA 0.34 0.44 0.33 0.38 0.41 0.4 0.36 0.36 0.44
"Jeff Driskel" "QB" NA NA NA NA NA NA NA 0.49 NA 0.3 0.31 0.34 0.33 0.28 0.29 0.31 0.31
"Jeff Heuerman" "TE" 1.47 1.58 1.9 3.04 4.01 4 3.58 4.4 2.35 NA 3.28 2.76 2.62 3.23 2.6 3.32 3.41
"Jehu Chesson" "WR" NA 0.35 0 NA NA NA 0.54 0.28 0.07 0.02 0.02 0.02 0.02 0.02 0.02 0.02 0.02
"Jerell Adams" "TE" 0.49 0.49 0.54 1.65 1.39 1.42 1.38 0.79 NA 0.69 0.63 0.75 0.71 0.72 0.73 0.7 0.76
"Jeremy Sprinkle" "TE" 0.61 0.76 0.72 NA 0.62 0.7 0.65 0.24 0.17 0.16 0.13 0.16 0.16 0.17 0.17 0.19 0.17
"Jermaine Gresham" "TE" 0 0 0.43 2.28 1.81 2.16 1.89 2.85 NA 1.52 1.44 1.27 1.2 1.44 1.36 1.24 1
"Jermaine Kearse" "WR" 0 4.21 3.23 2.93 4.03 3.69 7.77 6.88 5.71 3.87 NA 3.85 4.82 3.73 4.59 5.23 3.71
"Jesse James" "TE" 3.81 3.18 4.9 4.19 3.47 3.39 NA 4.09 3.71 3.44 3.78 3.56 4.13 3.7 3.9 3.93 3.78
"Jimmy Graham" "TE" 7.89 6.83 8.15 7.97 8.65 7.46 NA 5.59 6.7 7.36 6.18 7 6.47 7.93 6.9 6.01 7.94
"Joe Flacco" "QB" 12.76 12.12 14.16 13.7 14.35 17.48 19 15.27 18.3 NA 16.2 21.47 19.68 17.65 21.61 18.16 16.28
"Joe Mixon" "RB" 12.94 10.18 0 0 11.08 13.27 14.16 14.89 NA 16.12 10.37 12.97 13.22 15.61 17.22 11.93 11.02
"Joe Webb" "QB" 0 0 0 0 0 0 0 0 0 NA 0 0 0 0 0 0 0
"John Brown" "WR" 5.31 4.53 5.74 6.85 8.45 7.63 9.95 7.42 9.77 NA 9.83 10.65 10.28 9.49 10.15 10.12 8.79
"John Ross" "WR" 4.55 4.83 2.17 0.92 0 0 2.36 0 NA 1.95 1.16 1.45 2.41 2.17 2.26 1.39 1.47
"JoJo Natson" "WR" NA NA 0.27 0 0 1.67 0.55 1.08 0.88 0.63 0.9 NA 0.92 0.62 0.77 0.68 0.88
"Jonnu Smith" "TE" 2.17 4.73 2.81 1.59 2.04 1.38 2.15 NA 0.89 1.08 1.27 0.81 1.1 1.17 1.29 0.99 1.33
"Jordan Akins" "TE" NA 1.73 2.03 3.13 2.1 2.62 1.68 3.28 2.11 NA 1.94 2.37 1.65 2.1 2.16 2.04 2
"Jordan Franks" "TE" NA NA NA NA NA NA NA NA NA 2.99 2.79 2.98 0.94 0.88 0.95 0.86 0.87
"Jordan Howard" "RB" 12.47 11.86 12.03 13.71 NA 11.76 8.67 8.61 9.39 11.02 8.8 10.07 10.49 11.33 10.71 9.95 8.1
"Jordan Leggett" "TE" 1.65 0 2.24 1.52 1.79 2.27 1.36 1.45 1.21 1.32 NA 1.54 1.55 1.26 1.29 1.42 1.47
"Jordan Matthews" "WR" NA NA 2.83 2.96 2.39 2.2 2.57 1.99 NA 3.6 4.03 3.82 3.39 3.47 3.27 3.44 3.26
"Jordan Reed" "TE" 5.41 7.1 6.39 NA 7.57 7.41 7.18 5.49 5.61 5.12 5.16 4.28 5.21 6.09 5.59 5.57 5.41
"Jordan Taylor" "WR" 0.44 0.44 0 0 0 0.56 0.54 0.84 0.75 NA 0.86 0.87 0.82 0.81 0.69 0.84 0.89
"Jordan Thomas" "TE" NA 0.62 2.52 2.6 2.37 2.08 2.3 2.69 2.61 NA 2.7 2.87 2.34 2.98 2.32 2.71 2.28
"Jordan Wilkins" "RB" 8.11 6.39 8.38 7.67 6.96 4.56 1.9 1.57 NA 1.46 1.57 1.54 1.35 1.38 1.33 1.5 1.43
"Jordy Nelson" "WR" 5.91 6.94 5.29 7.03 7.46 5.98 NA 8.16 5.61 6.12 5.39 4.77 5.38 4.99 5.14 4.61 5.23
"Josh Adams" "RB" NA NA NA 3.5 1.53 2.33 1.91 1.16 NA 1.41 2.59 2.87 1.99 1.23 2.27 2.65 1.91
"Josh Allen" "QB" 0.72 12.96 10.12 16.58 15.35 16.07 0 0 0 11.93 NA 13.44 17.01 12.73 18.26 12.52 18.23
"Josh Bellamy" "WR" 0.55 0.48 0.56 0.55 NA 0.75 0.79 0.46 1.12 0.57 0.6 0.55 0.51 0.47 0.52 0.48 0.58
"Josh Doctson" "WR" 4.37 6.17 4.17 NA 0 3.97 4.96 4.33 4.52 3.33 3.41 3.54 2.96 3.47 3.18 3.31 2.96
"Josh Gordon" "WR" 4.4 NA 0 7.09 7.16 8.4 7.92 7.3 9.41 9.33 NA 9.34 9.11 9.51 8.66 9.7 9.75
"Josh Hill" "TE" 1.67 1.59 1.39 2.68 2.05 NA 2.4 2.36 2.94 2.71 2.93 2.97 2.7 2.73 2.72 2.93 2.95
"Josh Malone" "WR" 0.44 0.38 0.2 0.37 1.01 0.86 0 0.27 NA 0.2 0.23 0.19 0.21 0.19 0.19 0.19 0.23
"Josh McCown" "QB" 0.97 0.99 1.05 0.7 0.91 1.1 0.9 0.79 0.71 0.74 NA 0.8 0.73 0.7 0.78 0.79 0.76
"Josh Reynolds" "WR" 0.52 0.51 0.47 1.26 1.2 2.05 3.3 3.71 2.73 3.66 2.8 NA 3.27 3.61 2.99 3.3 2.98
"Josh Rosen" "QB" 1.72 1.54 0.81 12.06 14.43 14.01 11.03 10.88 NA 10.51 13.88 11.24 10.58 13.87 12.26 10.74 9.93
"Joshua Dobbs" "QB" NA NA NA NA NA 0.9 NA 0.69 0.65 0.72 0.66 0.73 0.66 0.67 0.68 0.65 0.73
"Joshua Perkins" "TE" NA NA 0.52 0.39 0.46 0.58 0.65 0.26 NA 0.33 0.38 0.43 0.41 0.32 0.34 0.46 0.39
"JuJu Smith-Schuster" "WR" 6.82 9.1 10.3 10.4 11.35 11.76 NA 10.97 9.85 11.37 9.28 9.44 13.89 12.64 10.5 14.06 10.78
"Julian Edelman" "WR" 0 0 0 0 9.81 10.25 9.66 9.04 8.88 7.59 NA 8.31 9.02 7.19 8.62 9.02 8.66
"Julio Jones" "WR" 9.87 11.77 14.27 13.69 14.17 14.14 14.67 NA 12.9 10.96 10.91 15.55 10.91 14.24 12.33 13.55 15.23
"Justin Davis" "RB" 0.56 0.53 0.48 0.36 0.54 0.54 0.51 0.62 0.69 0.49 0.68 NA 0.67 0.53 0.58 0.53 0.76
"Justin Hardy" "WR" 2.66 1.89 0.72 0.67 0.67 0.68 0.41 NA 0.3 0.33 0.38 0.36 0.34 0.33 0.27 0.31 0.38
"Justin Hunter" "WR" 0.46 0 0 0 1.58 1.11 NA 0.75 0.6 0.56 0.55 0.63 0.52 0.52 0.51 0.51 0.56
"Justin Jackson" "RB" 0 0 NA 0.78 0.67 0.36 3.9 NA 0.82 0.54 0.64 0.64 0.52 0.64 0.55 0.48 0.51
"Justin Watson" "WR" NA NA NA NA NA 0.76 0.65 0.68 0.22 0.23 0.22 0.22 0.23 0.22 0.25 0.24 0.22
"Kalen Ballage" "RB" 0 0 0 2 1.35 0 0.9 0.78 0.44 0.68 NA 0.73 0.45 0.63 0.54 0.45 0.42
"Kamar Aiken" "WR" NA 0.28 3.35 0.63 0.43 0.3 0.28 0.32 NA 0.3 0.19 0.2 0.27 0.29 0.27 0.2 0.26
"Kapri Bibbs" "RB" NA NA NA NA 0.71 5.23 4.22 2.22 1.44 1.12 0.72 0.68 1.12 1.29 1.02 1.32 1.2
"Kareem Hunt" "RB" 13.73 12.81 14.6 11.91 15.45 15.45 16.44 18.04 15.68 19.7 19.29 NA 19.9 16.71 21.88 15.4 21.67
"Keelan Cole" "WR" 6.52 5.48 7.32 7.31 7.28 6.43 6.31 7.01 NA 4.63 4.71 3.92 4.76 4.91 5.22 5.37 4.4
"Keenan Allen" "WR" 11.4 10.42 12.12 15.62 15.17 11.82 12.1 NA 10.89 9.84 10.74 11.72 11.42 11.33 10.02 12.13 10.4
"Keith Smith" "RB" 0.46 0.3 0.85 0.22 0.38 0.37 NA 0.42 0.21 0.23 0.18 0.17 0.18 0.2 0.23 0.24 0.18
"Keke Coutee" "WR" NA NA NA 2.84 3.56 5.82 4.96 0 3.27 NA 7.77 6.89 6.08 8.23 6.89 7.29 7.59
"Kelvin Benjamin" "WR" 5.61 5.08 4.18 5.41 5.36 4.4 5.35 4.8 3.72 3.09 NA 3.36 5.2 3.17 5.05 4.36 5.42
"Kendrick Bourne" "WR" 0.43 0.31 0.48 0.47 1.02 2.05 2.67 2.48 2.5 1.95 NA 2.64 2.61 2.13 2.68 2.74 1.66
"Kenjon Barner" "RB" NA 0 0 0.22 0 0.54 1.24 5.39 2.49 1.29 NA 0.96 1.02 1.44 1.16 1.09 1.05
"Kenneth Dixon" "RB" 4.19 0 0 0 0 0 0 0 0 NA 0.99 1.12 0.97 0.98 1.08 0.97 0.96
"Kenny Golladay" "WR" 6.96 6.07 7.62 8.69 8.16 NA 9.4 10.26 8.25 8.1 9.77 8.37 9.9 7.68 9.58 8.51 8.99
"Kenny Stills" "WR" 7.53 8.6 7.84 7.59 7.56 6.92 8.16 0 2.74 5.3 NA 5.35 5.38 5.84 6.44 5.73 5.16
"Kenyan Drake" "RB" 9.38 9.19 10.16 9.16 6.28 5.99 7.76 9.4 9.03 7.89 NA 8.98 7.96 9.36 7.4 9.7 7.44
"Kerryon Johnson" "RB" 5.16 5.95 5.19 8 8.67 NA 9.26 11.39 9.55 8.11 8.81 8.75 8.13 8.5 7.05 9.14 8.1
"Kevin Hogan" "QB" 0 0 0 0 0 0 0 0 0 NA 0 0 0 0 0 0 0
"Kevin White" "WR" 2.08 0.9 0.52 0.47 NA 1.49 0.7 1.61 0.65 0.33 0.31 0.33 0.27 0.32 0.26 0.26 0.3
"Khadarel Hodge" "WR" NA NA NA 1.04 2.09 1.84 1.11 1.18 0.59 0.57 0.59 NA 0.6 0.57 0.58 0.56 0.59
"Kirk Cousins" "QB" 19.07 18.32 17.54 17.31 18.86 20.2 19.19 22.61 22.8 NA 18.61 19.17 16.44 16.04 22.74 21.46 19.67
"Kyle Juszczyk" "RB" 0.63 1.05 1.31 1.04 1.25 3.58 1.79 1.71 1.96 1.69 NA 1.48 1.29 1.46 1.38 1.46 1.65
"Kyle Rudolph" "TE" 7.2 6.29 7.14 6.44 6.37 6.83 6.87 8.59 7.29 NA 6.9 7.47 7.1 6.89 8.22 9.1 7.12
"Lamar Jackson" "QB" 3.83 2.72 3.28 2.49 2.21 2.24 2.3 2.2 2.15 NA 2.11 2.19 2.1 2.12 2.44 2.18 2.12
"Lamar Miller" "RB" 10.23 11.29 11.37 11.68 1.2 9.92 8.6 12.01 11.57 NA 9.95 11.61 9.56 10.49 9.01 10.16 10.74
"Lance Kendricks" "TE" 0.86 0.71 1.19 1.64 1.52 1.09 NA 1.14 1.81 1.61 1.66 1.86 1.89 1.63 1.7 1.77 1.74
"Laquon Treadwell" "WR" 2.46 2.67 2.64 1.94 1.84 2.95 3.07 3.8 3.61 NA 2.8 3.8 2.93 2.62 3.63 3.5 2.86
"Larry Fitzgerald" "WR" 9.18 8.63 8.73 7.12 8.21 6.77 6.01 5.53 NA 7.52 7.48 9.17 8.36 7.48 7.28 7 9.18
"Latavius Murray" "RB" 5.05 5.29 11.78 5.53 7.64 7.92 8.34 8.87 9.32 NA 3.92 4.41 3.82 3.91 5.22 5.06 4.22
"Le'Veon Bell" "RB" 0 0 0 0 0 0 NA 0 0 6.96 5.88 6.2 7.52 7.11 7.02 7.55 7.61
"Lee Smith" "TE" 0.23 0.17 0.48 0.55 0.35 0.39 NA 0.34 0.23 0.28 0.3 0.3 0.26 0.28 0.27 0.29 0.25
"LeGarrette Blount" "RB" 4.85 4.87 5.73 6.04 5.14 NA 5.97 5.61 4.91 5.09 6.58 5.46 6.57 5.77 5 5.24 5.13
"Leonard Fournette" "RB" 11.69 0 0 11.65 0 0 0 0 NA 9.75 9.24 7.38 10.7 9.26 10.17 10.31 7.93
"Leonte Carroo" "WR" NA NA NA NA NA NA NA 0.54 1.26 0.68 NA 0.61 0.57 0.59 0.54 0.63 0.55
"LeSean McCoy" "RB" 10.49 10.52 0 10.26 9.24 9.23 11.15 8.32 6.47 6.6 NA 6.65 6.49 7 7.82 6.54 6.88
"Levine Toilolo" "TE" 1.21 1.2 1.42 1.56 1.78 NA 1.68 1.59 1.8 1.66 1.97 1.75 1.68 1.69 1.51 1.9 1.46
"Logan Paulsen" "TE" 0.01 0.01 0.3 0.51 0.66 0.46 0.8 NA 0.87 0.86 0.94 0.88 0.94 0.88 0.95 0.88 0.88
"Logan Thomas" "TE" 0.54 0.57 0 0 0.63 0.69 0.63 0.58 0.6 0.51 NA 0.53 0.61 0.53 0.64 0.55 0.65
"Luke Stocker" "TE" 0.41 2.57 2.18 2.6 2.12 1.38 1.62 NA 2.32 2.48 2.45 2.54 2.2 2.28 2.52 2.59 2.57
"Luke Willson" "TE" 2.88 3.34 1.93 2.75 3.56 NA 2.52 1.5 1.58 1.52 1.42 1.59 1.4 1.51 1.47 1.67 1.64
"Malcolm Brown" "RB" 1.85 1.46 2.34 2.9 2.33 2.01 1.78 2.87 1.86 2.12 2.35 NA 1.96 1.58 2.05 2.01 2.17
"Marcedes Lewis" "TE" 1.7 1.6 0.45 0.38 0.47 0.52 NA 0.2 0.17 0.16 0.15 0.14 0.18 0.16 0.14 0.15 0.16
"Marcus Kemp" "WR" NA 0.78 0.81 0.56 0.6 0.63 0.37 0.26 0.16 0.16 0.16 NA 0.15 0.16 0.16 0.16 0.16
"Marcus Mariota" "QB" 16.67 0 1.15 13.28 15.71 15.36 13.61 NA 13.58 15.33 16.46 17.05 13.7 14.13 16.04 15.95 17.5
"Marcus Murphy" "RB" 0.61 0.74 6.05 0 0 0 1.27 2.48 0.83 0.99 NA 1.06 1.1 1.05 1.32 0.94 1.21
"Mark Andrews" "TE" NA 1.71 2.2 2.82 2.96 3.02 2.93 3.9 3.49 NA 3.64 4.45 3.96 3.29 3.95 3.79 3.43
"Mark Ingram II" "RB" 0 0 0 0 10.69 NA 10.38 8.44 10.27 9.65 10.15 11.25 7.13 8.01 9.39 9.77 10.35
"Mark Walton" "RB" NA NA 2.52 0.76 3.62 1.95 2.98 1.34 NA 0.4 0.41 0.35 0.29 0.36 0.43 0.33 0.33
"Marlon Mack" "RB" 0 7.93 0 0 0 5.44 7.92 11.71 NA 13.64 15.17 13.57 12.56 11.69 10.98 13.74 13.98
"Marquez Valdes-Scantling" "WR" NA 0.54 1.1 2.92 6.82 6.93 NA 3.68 3.32 3.77 3.45 3.58 3.62 3.86 3.72 3.4 3.71
"Marquise Goodwin" "WR" 6.69 0 7.06 5.35 0 6.06 7.51 6.16 6.61 7.3 NA 6.72 5.86 5.86 6.19 6.44 4.9
"Martavis Bryant" "WR" NA 3.86 3 3.95 4.13 4.82 NA 4.79 0.5 0.49 0.53 0.51 0.5 0.54 0.47 0.56 0.49
"Marvin Hall" "WR" 0.53 0.6 0.41 0.55 0.56 0.69 0.76 NA 0.7 0.88 0.92 0.75 0.86 0.68 0.8 0.69 0.74
"Marvin Jones Jr." "WR" 9.35 8.74 9.63 8.23 8.45 NA 8.21 8.84 8.64 8.68 7.72 9.1 8.58 8.35 8.32 9.03 6.85
"Matt Breida" "RB" 5.97 8.53 9.23 9.31 8.17 9.31 9.62 4.44 9.43 8 NA 8.8 8 9.89 8.83 8.24 9.57
"Matt Cassel" "QB" 0.22 0.25 0.23 0.24 0.26 NA 0.13 0.15 0.15 0.17 0.18 0.18 0.18 0.16 0.14 0.16 0.18
"Matt LaCosse" "TE" NA NA 0.17 0.18 0.44 0.66 0.25 0.5 0.38 NA 0.37 0.26 0.31 0.34 0.18 0.39 0.39
"Matt Lengel" "TE" NA NA NA NA NA NA 2 1.58 NA 0.61 0.43 0.39 0.14 0.18 0.17 0.12 0.15
"Matt Ryan" "QB" 15.23 15.38 19.25 19.04 21.48 22.3 23.22 NA 19.04 17.35 20.13 22.24 19.43 20.74 19.78 20.17 21.97
"Matt Schaub" "QB" 0.39 0.48 0.77 0.59 0.52 0.74 0.58 NA 0.05 0.06 0.11 0.1 0.09 0.08 0.09 0.06 0.1
"Matt Slater" "WR" 0.72 0.54 0.68 0.71 0.88 0.89 0.62 0.63 0.92 0.79 NA 0.66 0.52 0.85 0.65 0.63 0.68
"Matthew Stafford" "QB" 19.89 18.68 19.94 17.78 19.37 NA 19.04 17.09 17.77 17.68 20.86 18.78 19.39 17.25 15.8 18.86 19.51
"Maurice Harris" "WR" 0 0 0.71 NA 0.64 3.85 4.31 3.02 0.88 0.45 0.57 0.67 0.54 0.5 0.55 0.48 0.54
"Maxx Williams" "TE" 1.69 1.42 1.7 1.5 1.4 1.87 2.28 0 1.93 NA 1.75 1.92 1.83 1.66 2.1 2.08 1.58
"Melvin Gordon" "RB" 16.66 16.01 15.47 17.79 17.71 16.57 0 NA 8.14 19.44 18.55 19.55 17.46 19.78 19.27 15.36 17.14
"Michael Burton" "RB" 0.31 0 0.44 0.44 NA 0 0 0 0.13 0.15 0.14 0.14 0.16 0.15 0.16 0.14 0.13
"Michael Crabtree" "WR" 7.83 8.45 8.17 8.18 7.81 8 9.41 7.81 8.34 NA 7.41 9.41 8.61 7.92 10.48 9.05 6.33
"Michael Floyd" "WR" NA NA 0 NA 0.46 2.69 0.85 0.9 1.16 0.48 0.45 0.42 0.37 0.51 0.37 0.51 0.38
"Michael Gallup" "WR" 4.65 3.77 2.3 2.71 5.41 3.93 2.3 NA 3.52 2.83 4.35 2.59 4.07 2.91 3.08 4.36 3.66
"Michael Gesicki" "TE" 3.63 3.24 2.01 2.26 2.64 1.89 2.7 1.69 1.51 2.43 NA 2.2 1.51 1.56 1.56 1.54 1.47
"Michael Roberts" "TE" 0.82 1.14 0 0 0 NA 0.84 2.32 2.21 2.3 3.17 2.43 2.89 2.02 2.05 2.34 2.82
"Michael Thomas" "WR" 11.86 12.97 13.73 15.1 13.45 NA 12.35 12.35 13.03 11.53 10.73 13.13 11.5 12.4 11.96 10.08 12.47
"Mike Boone" "RB" NA NA NA 0.6 0.43 0.8 1.54 0.8 0.37 NA 0.21 0.22 0.23 0.2 0.21 0.23 0.23
"Mike Davis" "RB" 0 0.31 2.09 0.91 6.83 6.45 NA 5.69 4.8 4.09 4.03 4.63 4.56 4.15 4.14 5.68 4.6
"Mike Evans" "WR" 12.34 10.67 13.54 11.57 NA 13.18 11.91 11.05 11.54 13.02 12.31 12.84 11.99 14.12 11.89 12.63 13.34
"Mike Glennon" "QB" 0 0 0 0.8 1.11 0.93 1 0.73 NA 0.69 0.71 0.72 0.77 0.71 0.72 0.76 0.71
"Mike Thomas" "WR" 0.58 0 0 0 0 0 0 0 0 0 0 NA 0 0 0 0 0.88
"Mike Williams" "WR" 5.06 4.87 4.17 5.42 5.7 6.2 6 NA 6.63 5.16 5.69 6.15 6.22 5.24 4.27 6.61 5.46
"Mitchell Trubisky" "QB" 15.84 12.96 11.57 15.87 NA 14.29 17.22 18.52 16.5 21.99 17.48 20.41 18.52 19.21 20.77 18.18 16.41
"Mo Alie-Cox" "TE" NA NA NA NA 0 0.45 1.2 0.77 NA 0.74 0.73 0.84 0.71 0.66 0.69 0.75 0.68
"Mohamed Sanu" "WR" 5.3 5.51 3.54 4.3 4.89 5.8 7.24 NA 7.68 6.37 6.12 7.12 6.18 6.25 6.9 7.41 8.18
"MyCole Pruitt" "TE" 0 0.6 0.42 0.48 0.49 0.44 0.43 NA 0.5 0.46 0.52 0.4 0.45 0.44 0.52 0.48 0.54
"Nate Sudfeld" "QB" 0 0 0 0 0 0 0 0 NA 0 0 0 0 0 0 0 0
"Nathan Peterman" "QB" 9.89 0.31 0.34 0.41 0.53 0.43 0.91 0 0 0 NA 0 0 0 0 0 0
"Neal Sterling" "TE" 0.51 0.56 0 0 0 1.1 2.21 1.61 1.38 1.94 NA 2.32 1.7 1.85 1.83 2.04 2.2
"Nelson Agholor" "WR" 8.5 8.69 9.74 9.11 7.45 6.61 6.72 6.77 NA 6.33 7.12 6.06 5.36 6.17 5.09 7.78 5.19
"Nick Bellore" "RB" NA NA 0.61 0.64 0.39 NA 0.26 0.44 0.02 0.02 0.03 0.02 0.02 0.03 0.02 0.02 0.02
"Nick Boyle" "TE" 1.15 1.38 1.87 1.81 2.18 2.48 2.17 1.09 1.29 NA 1.34 1.93 1.83 1.62 1.9 1.84 1.3
"Nick Chubb" "RB" 5.4 4.77 3.03 2.32 3.29 3.11 10.77 10.91 12.34 11.75 NA 11.22 7.79 11.95 10.68 12.26 8.95
"Nick Foles" "QB" 14.15 16.8 0.89 0.78 0.85 0.82 0.9 0.72 NA 0.65 0.74 0.71 0.68 0.61 0.72 0.7 0.64
"Nick O'Leary" "TE" NA NA NA NA NA NA 2.59 3.94 3.7 3.71 NA 3.83 3.61 3.2 3.33 3.08 3.4
"Nick Vannett" "TE" 2.02 2.31 2.69 2.24 2.88 0 NA 2.62 3.34 3.21 2.67 3.53 2.76 3.52 2.67 3.7 4.49
"Nick Williams" "WR" NA NA 0 0.63 0.64 0 0.58 0.79 0.46 0.4 0.54 NA 0.46 0.38 0.38 0.43 0.47
"Niles Paul" "TE" 1.67 1.55 2.22 2.2 2.12 3.64 0 1.06 NA 0 0 0 0 0 0 0 0
"Noah Brown" "WR" 0.36 0.44 0.42 0.45 0.56 0.54 1.21 NA 1.63 0.6 0.86 0.66 0.86 0.63 0.74 0.92 0.66
"Nyheim Hines" "RB" 5.01 4.34 5.22 5.18 7.41 7.45 6.76 4.39 NA 5.43 6.05 6.44 5.19 6.21 5.96 6.21 5.77
"O.J. Howard" "TE" 4.99 4.34 5.99 6.2 NA 5.06 6.6 6.4 6.45 7.53 8.44 8.59 6.7 8.06 6.21 6.1 8.61
"Odell Beckham Jr." "WR" 9.16 12.02 14.39 14.99 12.21 12.51 13.89 12.55 NA 15.31 17.79 12.42 14.27 12.19 16.26 13.89 13.98
"Orson Charles" "TE" NA 0.52 0.67 0.66 0.55 0.52 0.38 0.23 0.13 0.16 NA 0.13 0.17 0.12 0.13 0.14 0.12
"Patrick DiMarco" "RB" 0.43 0.45 0.46 0.79 0.58 0.65 0.79 0.7 0.56 0.56 NA 0.59 0.67 0.58 0.77 0.6 0.7
"Patrick Mahomes" "QB" 14.56 18.65 20.22 21.9 20.13 22.53 23.36 24.52 22.86 24.89 23.57 NA 26.87 22.68 28.62 21.55 28.86
"Patrick Ricard" "RB" NA 0.61 0.41 0.69 0.42 0 0.69 0.59 0.6 NA 0.6 0.75 0.71 0.71 0.71 0.63 0.43
"Paul Richardson" "WR" 5.15 5.46 6.02 NA 5.54 7.06 0 7.23 6 5.71 6.07 4.86 4.09 5.74 3.71 5.12 4.17
"Peyton Barber" "RB" 7.33 7.37 8.08 8.45 NA 7.01 7.32 5.36 5.27 6.07 5.01 5.62 5.7 6.51 3.73 4.79 6.04
"Pharoh Cooper" "WR" 0.94 0 0 0 0 0 0 0 0 0.63 0.9 NA 0.92 0.62 0.77 0.68 0.88
"Philip Rivers" "QB" 18.28 18.64 16.91 21.56 21.4 19.61 20.36 NA 19.15 22.59 17.34 20.81 18.8 19.26 21.18 20.12 16.44
"Phillip Dorsett" "WR" 4.9 5.9 5.81 4.04 4.42 5.21 0.5 0.5 0.48 0.5 NA 0.48 0.58 0.47 0.54 0.52 0.5
"Phillip Lindsay" "RB" 0.65 5.46 7.31 8.16 7.95 11.41 9.31 11.76 11.58 NA 11.02 13.7 12.31 10.84 12.37 13.7 12.04
"Pierre Garcon" "WR" 6.37 8.51 6.65 5.27 6.84 5.85 5.28 0 2.73 6.81 NA 5.22 5.48 4 5.6 5.78 3.94
"Quadree Henderson" "WR" NA NA NA NA NA NA NA 1.15 NA 0.64 0.6 0.58 0.57 0.64 0.57 0.64 0.62
"Quincy Enunwa" "WR" 5.8 7.81 9.82 8.15 8.65 8.74 0 0 4.23 6.54 NA 7.36 6.17 6.33 9.2 6.47 7.16
"Raheem Mostert" "RB" 0.22 0.36 0.27 0.2 0.25 2.02 4.48 5.53 3.02 3.01 NA 2.9 2.1 1.75 2.26 2.49 2.04
"Randall Cobb" "WR" 8.19 8.05 7.92 0 0 0 NA 6.13 4.6 6.94 3.93 4.81 4.26 6.41 4.97 3.88 6.53
"Rashaad Penny" "RB" 3.38 4.96 7.4 8.49 2.17 2.16 NA 2.02 1.49 1.8 1.72 1.82 1.63 1.67 1.51 1.99 1.68
"Rashad Greene" "WR" 0 0 NA 0 0 NA 0.6 0.33 NA 0.23 0.22 0.18 0.23 0.23 0.24 0.23 0.22
"Rashard Higgins" "WR" 0.44 1.36 3.42 3.79 2.56 0 0 0 1.48 3.25 NA 2.95 2.79 2.88 2.78 3.04 2.27
"Ray-Ray McCloud" "WR" NA NA NA 0.57 0.62 0.69 0 0.4 0.26 0.3 NA 0.31 0.29 0.31 0.31 0.3 0.3
"Rhett Ellison" "TE" 1.11 1.38 2.13 2.51 4.15 0 2.26 2.48 NA 1.85 1.99 2.42 1.93 2.43 1.92 1.84 1.84
"Richie James" "WR" NA NA NA NA NA 1.89 1.82 1.37 0.17 0.18 NA 0.17 0.17 0.18 0.18 0.17 0.17
"Ricky Ortiz" "RB" NA NA NA NA NA 0.45 0.47 NA 0.13 0.16 0.15 0.21 0.15 0.18 0.13 0.18 0.21
"Ricky Seals-Jones" "TE" 4.53 4.08 3.69 4.35 3.36 2.78 4.39 3.71 NA 4.2 4.44 4.06 3.77 4.08 4 4.04 2.56
"Rico Gathers" "TE" 0 0.53 0.52 0.53 1.03 0.62 0.64 NA 1.1 0.5 0.48 0.52 0.51 0.53 0.54 0.5 0.51
"Rishard Matthews" "WR" 3.93 6.92 4.17 0 NA NA NA 2.86 4.98 1.32 NA 1.58 2.39 1.32 2.02 1.87 1.58
"Rob Gronkowski" "TE" 12.53 8.97 12.52 10.78 10.62 10.82 0 11.28 11.11 11.09 NA 10.1 11.47 10.75 9.25 9.35 10.37
"Robby Anderson" "WR" 6.73 6.91 5.4 5.45 7.06 6.8 7.91 0 3.8 6.08 NA 6.03 6.63 5.87 5.77 6.47 5.82
"Robert Griffin III" "QB" 0 0 0 0 0 0 0 0 0 NA 0 0 0 0 0 0 0
"Robert Tonyan" "TE" NA NA NA NA NA NA NA NA 0.17 0.16 0.15 0.14 0.18 0.16 0.14 0.15 0.16
"Robert Turbin" "RB" 0 0 0 0.56 0.94 0.61 0 0 NA 0.22 0.37 0.33 0.2 0.21 0.19 0.33 0.32
"Robert Woods" "WR" 8.14 7.69 7.54 8.65 10.16 10.7 12.19 12.28 12.81 12.52 12.41 NA 13.17 11.27 12.29 12.96 13.95
"Roc Thomas" "RB" NA NA NA NA 0.38 2.16 1.76 0.94 0.33 NA 0.29 0.29 0.29 0.25 0.27 0.33 0.3
"Rod Smith" "RB" 2.63 2.65 3.24 3.77 3.57 1.15 1.77 NA 0.73 0.47 0.61 0.53 0.7 0.52 0.63 0.83 0.67
"Ronald Jones" "RB" 0 0 0 0.4 NA 4.25 2.81 3.23 0 2.14 2.41 2.8 2.21 2.81 1.89 2.13 2.76
"Roosevelt Nix" "RB" 0.86 0.92 0.98 1.01 1.16 0.81 NA 0.78 0.57 0.58 0.58 0.61 0.59 0.55 0.58 0.57 0.59
"Royce Freeman" "RB" 7.22 7.79 5.34 6.84 6.98 7.43 6.93 0 3.51 NA 5.74 6.17 5.78 5.96 6.1 5.54 6.29
"Russell Gage" "WR" NA NA NA NA NA NA 0.92 NA 0.22 0.25 0.24 0.21 0.23 0.2 0.22 0.21 0.21
"Russell Shepard" "WR" 1.13 1.55 2.52 2.17 1.82 0 0 1.95 NA 1.96 2.02 1.74 1.26 2 2.07 2.02 1.33
"Russell Wilson" "QB" 18.96 18.59 19.15 18.65 16.69 20.16 NA 19.88 21.34 15.4 19.74 16.98 20.04 16.01 18.76 18.69 15.73
"Ryan Fitzpatrick" "QB" 15.63 12.82 19.86 18.16 NA 1.22 1.1 1.1 18.64 17.91 19.49 20.84 16.76 20.75 14.05 16.09 20.73
"Ryan Grant" "WR" 4.4 4.93 5.08 5.2 7.53 7.33 0 0 NA 3.68 4.65 5.11 3.58 4.65 4.22 4.41 4.48
"Ryan Griffin" "TE" 4.34 3.31 1.55 2.16 2.05 2.27 0 0 1.35 NA 2.77 3.12 2.76 3.56 2.53 2.66 2.7
"Ryan Switzer" "WR" 0.71 0.9 0.93 1.6 4.08 3.72 NA 1.97 0.98 0.97 1.19 1.06 1.17 1.23 1.26 1.25 0.98
"Ryan Tannehill" "QB" 14.36 13.49 16.36 16.09 13.24 0 0 0 5.97 13.12 NA 12.53 10.18 11.92 10.47 11.92 9.67
"Sam Bradford" "QB" 13.44 12.29 12.44 0 0 0 0 0 NA 0 0 0 0 0 0 0 0
"Sam Darnold" "QB" 13.43 13.8 14.13 10.47 13.66 15.89 15.33 13.14 15.7 12.33 NA 12.68 15.26 11.57 14.4 15.34 11.91
"Samaje Perine" "RB" 0 0 0 NA 0 0.9 0.23 0 0.21 0.24 0.24 0.22 0.22 0.24 0.25 0.19 0.24
"Sammie Coates" "WR" 0.52 0 0 0.69 1.55 2.08 0.96 2.72 1.64 NA 0.85 0.28 0.23 0.29 0.23 0.29 0.23
"Sammy Watkins" "WR" 6.37 5.66 8.23 8.31 6.4 8.51 5.85 6.83 6.4 6.51 8.32 NA 10.41 7.03 10.23 6.44 10.89
"Saquon Barkley" "RB" 14.48 13.28 13.92 14.22 13.37 14.42 17.08 17.04 NA 14.94 16.2 15.24 16.46 15.09 16 15.36 16.75
"Scott Simonson" "TE" NA NA 0.46 1.14 1.25 2.99 0.89 0.42 NA 0.14 0.16 0.18 0.19 0.18 0.17 0.16 0.22
"Sean Mannion" "QB" 0.28 0.24 0.75 0.68 0.76 0.92 0.87 0.31 0.21 0.17 0.22 NA 0.22 0.16 0.2 0.16 0.22
"Senorise Perry" "RB" 1.17 1.13 1.01 0.76 0.67 0.52 0.51 0.41 0.44 0.66 NA 0.6 0.39 0.51 0.39 0.49 0.38
"Seth DeValve" "TE" 2.19 0 0 0 2.35 2.45 2.58 2.09 1.56 1.77 NA 1.4 2.39 1.79 1.42 1.49 1.93
"Seth Roberts" "WR" 2.75 2.42 0 3.01 2.88 2.94 NA 3.92 5.48 6.82 5.01 4.39 5.18 5.47 4.66 4.85 5.05
"Shaun Wilson" "RB" NA 0.66 2.12 0 NA 0 0 0 0.42 0.3 0.22 0.27 0.29 0.24 0.23 0.23 0.27
"Shelton Gibson" "WR" 0.34 0.3 1.05 0.55 0.25 0.42 0.49 0.42 NA 0.61 0.88 0.99 0.82 0.59 0.82 0.78 0.78
"Sony Michel" "RB" 0 5.03 7.34 6.94 12.22 13.27 12.01 0 7.06 12.11 NA 11.04 9.89 12.4 11.48 10.53 12.16
"Spencer Ware" "RB" 4.25 4.52 4.92 3.72 3.35 3.51 3.71 4.38 3.06 3.12 3.63 NA 3.48 3 3.57 2.87 3.74
"Stefon Diggs" "WR" 10.69 9.65 10.95 10.86 10.38 11.43 10.57 12.42 11.73 NA 11.7 11.06 11.53 10.94 11.77 11.29 12.14
"Sterling Shepard" "WR" 5.62 6.96 6.04 7.3 7.58 6.47 7.32 8.09 NA 8.77 7.76 6.52 6.45 7.07 9.07 8.5 6.4
"Stevan Ridley" "RB" 0.58 0.62 0.39 1.43 1.25 0.96 NA 0.59 0.71 1.07 0.7 0.66 1.02 0.94 0.65 0.93 1.07
"T.J. Jones" "WR" 1.57 1.69 2.21 1.55 1.76 NA 1.35 0 1.17 1.02 1.54 1.03 1.56 1.05 1.16 1.2 1.52
"T.J. Logan" "RB" NA NA 0 0 0 0 0 0.5 NA 0.5 0.54 0.47 0.48 0.54 0.49 0.56 0.44
"T.J. Yeldon" "RB" 4.21 11.89 9.8 5.38 12.09 11.96 12.11 7.95 NA 5.22 4.82 4.53 5.48 6.03 4.81 5.87 4.98
"T.Y. Hilton" "WR" 9.75 9.78 9.97 11.74 0 0 9.88 10.8 NA 10.75 8.14 10.44 10.41 9.29 10.59 8.01 7.8
"Taiwan Jones" "RB" 0.28 0.29 1.99 0.51 0.23 0.22 0 0 0.08 0.08 NA 0.08 0.07 0.08 0.07 0.07 0.07
"Tajae Sharpe" "WR" 1.34 2.93 1.94 3.73 2.78 2.6 3.5 NA 5.5 6.75 6.63 6.07 6.84 6.66 6.58 6.32 6.89
"Tarik Cohen" "RB" 4.53 6.11 5.07 3.33 NA 6.13 8.02 10.22 9.21 9.74 8.17 9.26 9.9 10.49 10.63 9.67 7.57
"Tavon Austin" "WR" 1.93 1.93 3.06 3.1 2.05 2.06 0 NA 1.18 2.06 3.42 2.12 3.37 2.12 2.47 3.42 2.69
"Taylor Gabriel" "WR" 3.2 2.56 2.2 3.31 NA 5.19 6.26 7.8 6.49 5.78 7.03 5.6 6.05 5.21 5.97 6.27 6.77
"Taylor Heinicke" "QB" 0 0 0 NA 0 0 0 0 0 0 0 0 0 0 0 0 0
"Taysom Hill" "QB" 0 0 0 0 2.2 NA 2.06 2.24 2.93 2.18 2.32 2.89 2.57 2.36 2.18 2.29 2.25
"Taywan Taylor" "WR" 5.31 1.76 2.67 5.15 6 4.37 4.83 NA 3.09 3.15 3.67 3.93 3.13 3.19 3.66 3.7 3.76
"Teddy Bridgewater" "QB" 0.53 0.59 0.5 0.38 0.61 NA 0.5 0.52 0.64 0.64 0.69 0.62 0.53 0.62 0.59 0.73 0.63
"Tevin Coleman" "RB" 6.1 12.82 13.19 12.99 7.55 12.65 10.97 NA 10.35 8.04 8.33 10.9 7.43 11.46 11.02 10.46 10.91
"Theo Riddick" "RB" 5.59 5.78 8.2 6.85 7.14 NA 0 0 1.91 3.86 4.48 4.15 4.1 3.13 3.15 4.11 4.13
"Tim Patrick" "WR" NA 0.52 0.46 0.46 0.4 0.52 0.4 0.51 0.55 NA 0.53 0.6 0.57 0.54 0.58 0.47 0.55
"Tim White" "WR" NA NA NA 0.62 0.78 0.74 0.81 0.76 0.6 NA 0.6 0.62 0.61 0.6 0.62 0.6 0.59
"Todd Gurley II" "RB" 18.98 17.71 19.87 18.36 18.43 18.84 22.7 24.76 22.87 22.27 29.76 NA 26.62 20.33 25.86 21.8 26.78
"Tom Brady" "QB" 23.16 18.48 20.41 21.4 22.87 23.26 19.92 22.51 23.44 22.6 NA 21.15 23.14 23.22 19.49 22.28 22.47
"Tom Savage" "QB" NA NA NA NA NA NA NA 0 0 0 NA 0 0 0 0 0 0
"Tommy Bohanon" "RB" 0.35 0.44 0.4 0.3 0.51 0.45 0.31 0.14 NA 0.06 0.01 0.01 0.06 0.06 0.02 0.06 0.03
"Torrey Smith" "WR" 2.39 2.3 3.57 NA 4.01 3.16 3.61 0 2.61 4.65 4.46 3.3 5.08 4.1 4.86 4.58 4.76
"Travis Benjamin" "WR" 3.02 0 0 2.52 0 0 1.68 NA 0.37 0.63 0.62 0.39 0.38 0.51 0.6 0.37 0.6
"Travis Kelce" "TE" 9.21 8.43 10.17 10.75 10.91 10.36 11.22 11.5 10.97 12.73 11.4 NA 13.35 12.17 11.99 11.54 13.99
"Tre'Quan Smith" "WR" 2.95 3.1 2.33 2.34 4.46 NA 6.2 4.74 4.67 4.22 4.61 4.47 5.09 5.03 4.25 4.45 4.37
"Tre Madden" "RB" 0.42 0.39 0.83 1.25 0.64 0.68 NA 0.59 0.26 0.22 0.27 0.21 0.22 0.18 0.2 0.22 0.19
"Trent Sherfield" "WR" NA NA NA NA NA NA NA 0 NA 0.37 0.54 0.49 0.49 0.54 0.5 0.47 0.46
"Trent Taylor" "WR" 2.32 2.95 2.19 3.25 3.4 0 1.11 2.24 2.04 2.12 NA 1.8 2.14 2.26 2.2 2.53 2.38
"Trenton Cannon" "RB" NA 0.59 2.72 1.24 1.14 1.35 1.05 4.69 3.24 3.31 NA 3.28 2.97 3.15 3.56 2.96 3.14
"Trevor Siemian" "QB" 0.97 0.91 0.99 0.78 0.71 1.05 0.97 0.98 0.73 NA 0.6 0.78 0.75 0.68 0.72 0.69 0.63
"Trey Burton" "TE" 6.76 6.49 5.6 5.06 NA 6.11 5.9 7.76 6.36 7.91 7.17 7.55 6.17 6.8 6.19 5.89 6.86
"Ty Montgomery" "RB" 7.09 5.98 3.76 3.88 5.03 3.36 NA 1.97 1.79 2.41 1.79 1.78 1.9 2.59 1.95 1.62 2.55
"Tyler Boyd" "WR" 3.24 3.04 4.71 7.36 8.05 9.16 10.62 10.49 NA 12.06 10.32 9.49 9.45 9.38 11.82 9.17 9.69
"Tyler Conklin" "TE" NA 0.54 0.6 0.57 0.41 0.51 0.33 0.3 0.24 NA 0.22 0.24 0.23 0.22 0.24 0.23 0.22
"Tyler Ervin" "RB" 0.92 0.8 0.76 1.26 4.86 0.89 0.27 0.49 0.3 NA 0.32 0.4 0.32 0.35 0.32 0.28 0.32
"Tyler Higbee" "TE" 2.23 1.76 2.64 2.89 2.09 2.71 2.41 2.07 1.96 2.47 2.21 NA 2.06 2.09 2.4 2.32 2.16
"Tyler Kroft" "TE" 3.09 2.76 2.5 2.74 3.02 0 0 0 NA 0 0 0 0.82 0.76 0.7 0.68 0.82
"Tyler Lockett" "WR" 4.38 4.87 6.76 8.02 6.97 8.3 NA 7.24 8.95 6.92 8.63 7.14 8.99 6.95 8.6 7.29 6.95
"Tyreek Hill" "WR" 8.71 10.84 13.88 10.91 11.83 12.84 12.72 13.26 5.96 14.9 12.27 NA 15.39 14.86 14.84 13.74 15.94
"Tyrell Williams" "WR" 5.79 6.45 5.6 4.71 4.45 5.12 6.48 NA 5.49 3.87 4 3.24 3.36 3.95 3.86 3.72 3.86
"Tyrod Taylor" "QB" 12.79 16.4 16.8 0 1.09 1.17 1.01 0.85 0.78 0.8 NA 0.67 0.65 0.71 0.55 0.71 0.59
"Tyrone Swoopes" "TE" NA NA NA NA NA NA NA 0.59 0.96 0.88 0.96 0.89 0.96 0.95 0.89 0.96 0.96
"Vance McDonald" "TE" 0 2.91 1.94 4.54 5.77 4.39 NA 5.47 5.2 5.7 6.07 6.21 7.43 6.75 6.37 6.73 6.96
"Vernon Davis" "TE" 2.06 2.29 2.57 NA 2.51 3.26 3.97 2.82 2.66 2.83 2.22 1.74 2.07 2.49 1.91 2.41 2.16
"Victor Bolden Jr." "WR" 0 0 0.62 0.73 1.16 1.3 2.21 1.48 0.34 0.36 NA 0.32 0.26 0.32 0.26 0.24 0.3
"Virgil Green" "TE" 2.7 2.41 2.91 3.59 3.32 3.1 2.72 NA 2.12 2.87 2.37 2.2 2.18 2.46 2.73 2.17 2.31
"Vyncint Smith" "WR" NA 0.53 0.54 0 0 0 0 1.65 2.83 NA 1.11 0.49 0.4 0.52 0.4 0.44 0.35
"Wayne Gallman" "RB" 2.1 2.69 1.88 1.67 1.86 2.37 3 2.67 NA 1.08 2.25 1.51 1.61 1.29 1.56 1.06 1.68
"Wendell Smallwood" "RB" 1.21 1.15 6.81 3.39 4.22 8.11 9.66 6.43 NA 5.75 6.69 6.31 6.73 5.38 6.1 5.24 6.29
"Willie Snead IV" "WR" 3.06 3.53 4.85 4.08 5.41 4.55 5.46 5.32 4.84 NA 4.62 5.56 5.31 4.84 6.4 5.7 3.51
"Xavier Grimble" "TE" 0.37 0.26 0.41 0.24 0.29 0.42 NA 0.66 0.63 0.88 0.79 0.77 0.82 0.76 0.8 0.83 0.87
"Zach Ertz" "TE" 10.17 8.89 9.15 9.39 9.61 8.65 10.15 10.08 NA 11.38 12.48 12.08 11.12 11 11.67 11.99 10.77
"Zach Line" "RB" NA NA 0.63 0.62 0.86 NA 0.46 0.37 0.43 0.41 0.46 0.43 0.47 0.43 0.47 0.47 0.5
"Zach Pascal" "WR" NA 0.51 0.6 0.56 5.44 3.42 3.9 2.99 NA 0.4 0.51 0.61 0.39 0.51 0.4 0.51 0.49
"Zay Jones" "WR" 2.31 3.2 3.2 3.49 4.31 4.29 5.2 3.82 4.14 4.25 NA 3.93 4.84 4.34 4.31 3.76 4.94
"Greg Zuerlein" "K" 9.24 10.08 0 0 0 NA 9.01 9.14 7.51 7.32 7.63 NA 7.29 7.23 7.45 6.97 8.29
"Graham Gano" "K" 8.27 7.27 8.39 NA 8.93 7.88 7.44 7.71 9.79 6.23 8.99 6.19 8.8 6.07 9.61 9.85 9.12
"Caleb Sturgis" "K" 9.77 7.48 6.51 8.31 8.13 0 0 NA 5.79 7.44 8.11 8.18 7.71 8.64 7.57 8 7.67
"Wil Lutz" "K" 9.3 9.64 8.54 8.7 8.43 NA 7.08 8.02 8.63 8.07 7.96 8.93 7.32 8.82 8.56 7.62 9.04
"Justin Tucker" "K" 8.93 8.81 8.45 8.47 8.71 7.7 7.94 7.51 7.43 NA 7.05 9.61 9.16 7.79 8.98 7.56 5.6
"Robbie Gould" "K" 7.86 9.18 8.03 7.39 8.77 6.61 8.48 8.96 8.72 8.51 NA 8.31 6.36 7.06 6.74 7 7.2
"Josh Lambo" "K" 8.42 7.79 9.08 8.49 7.27 8.18 8.12 7.1 NA 7.44 7.28 6.24 7.87 7.33 7.21 7.77 6.35
"Stephen Gostkowski" "K" 8.37 7.72 8.74 8.44 8.59 8.49 8.25 9.02 8.85 8.67 NA 6.81 7.22 8.43 7.17 7.16 7.21
"Mason Crosby" "K" 6.68 6.31 6.44 7.37 9.01 7.47 NA 7.16 7.16 6.81 5.84 6.4 7.18 7.17 6.48 6.18 7.17
"Matt Bryant" "K" 7.81 8.59 8.35 8.41 8.33 8.97 0 NA 8.12 6.44 7.71 8.54 6.98 8.36 7.77 7.87 8.73
"Harrison Butker" "K" 7.36 7.36 8.3 8.09 7.25 7.75 8.92 8.23 7.66 7.39 6.86 NA 7 7.57 7.26 7.8 7.41
"Jason Myers" "K" 6.03 6.1 5.49 5.35 6.36 7.64 7.27 7.34 8.26 8.21 NA 8.5 8.3 7.8 8.51 8.73 8.04
"Brandon McManus" "K" 5.87 6.36 4.86 6.3 6.24 5.87 7.83 7.91 8.45 NA 8.16 6.78 6.7 8.2 6.51 8.11 8.61
"Brett Maher" "K" 6.36 6.95 6.37 7.01 6.64 7.21 7.87 NA 8.45 7.37 8.17 7.55 8.39 7.79 7.61 8.52 7.85
"Dustin Hopkins" "K" 5.9 6.75 5.49 NA 6.44 6.79 6.74 7.38 7.71 7.76 6.56 6.17 7.99 7.67 7.42 7.18 8.45
"Matt Prater" "K" 8.44 7.32 7.22 6.83 6.88 NA 5.59 6.65 5.67 6.06 6.22 6.41 5.76 5.7 5.76 5.69 6.23
"Cody Parkey" "K" 7.09 8.24 7.88 7.54 NA 7.98 6.84 7.76 5.89 8.25 6.2 7.8 6.27 6.88 6.53 6.46 5.85
"Stephen Hauschka" "K" 6.43 6.97 6 6.71 6.45 6.69 7.44 6.71 8.25 6.04 NA 6.37 6.37 6.42 7.7 6.28 6.73
"Jake Elliott" "K" 8.03 8.15 8.15 6.8 7.41 6.02 5.97 4.97 NA 4.78 5.93 4.76 5.38 4.49 4.09 5.38 5.09
"Randy Bullock" "K" 6.85 6.87 6.89 7.13 8.15 6.85 7.11 7.17 NA 6.25 5.53 4.63 7.46 7.17 7.8 4.38 6.55
"Chris Boswell" "K" 7.99 8.12 7.75 7.75 7.85 7.5 NA 6.85 6.25 4.53 3.96 4.18 5.09 5.56 4.48 5.26 3.96
"Sebastian Janikowski" "K" 6.1 6.62 6.71 7.4 5.97 6.49 NA 7.88 7.84 7.02 8.03 6.89 7.54 7.58 7.12 7.73 7.36
"Aldrick Rosas" "K" 5.21 5.66 5.14 6.2 6.49 6.78 6.61 7.08 NA 6.64 7.93 5.9 7.37 5.6 7.51 6.96 7.39
"Ka'imi Fairbairn" "K" 6.53 6.9 6.91 7.05 7.44 7.9 6.4 7.6 6.98 NA 7.57 7.55 5.97 6.44 7.16 7.27 7.57
"Chandler Catanzaro" "K" 6.59 6.38 7.58 6.92 NA 7.12 6.52 7.35 7.15 7.04 6.82 7.43 7.42 7.85 5.54 7.11 7.34
"Adam Vinatieri" "K" 7.04 6.7 6.2 7.29 6.7 6.13 6.57 7.08 NA 7.73 5.8 7.41 7.29 7.01 5.75 6.63 5.5
"Ryan Succop" "K" 7.41 6.92 6.21 6.6 7.19 6.06 7.22 NA 6.26 7.6 7.16 6.93 6.85 7.43 7.2 7.61 7.56
"Greg Joseph" "K" NA NA 6.16 6.4 5.77 6.69 7.01 6.15 6.41 7.39 NA 5.35 6.33 5.5 5.24 5.65 5.83
"Daniel Carlson" "K" 7.31 NA NA NA NA NA NA 5.61 5.7 4.96 4.31 3.77 4.93 4.3 4.5 5.35 4.65
"Jason Sanders" "K" 6.69 6.62 7.01 6.38 6.07 5.9 6.85 5.74 7.31 6.89 NA 6.81 6.6 7.27 6.15 6.71 6.25
"Dan Bailey" "K" NA NA 7.27 5.66 6.25 5.62 5.33 5.65 6.38 NA 3.54 5.03 4.21 3.34 5.59 5.2 3.75
"Phil Dawson" "K" 7.09 5.88 6.57 6.68 4.76 5.93 5.98 6.84 NA 4.59 5.84 5.16 5.15 5.84 5.18 4.5 4.02
"Ravens D/ST" "D" 10.85 7 7.03 6.31 10.24 6.87 5.97 6.63 7.12 NA 7.78 8.58 6.26 2.78 7.46 3.04 14.99
"Vikings D/ST" "D" 9.58 8.15 12.54 4.68 5.72 8.02 6.66 4.7 6.93 NA 4.24 5.89 4.22 4.72 6.14 5.08 4.24
"Rams D/ST" "D" 8.08 11.98 6.96 7.82 7.48 7.44 8.06 7.29 5.11 3.93 3.11 NA 5.04 3.68 5.64 10.49 7.18
"Seahawks D/ST" "D" 9.38 8.9 6.71 7.88 4.96 6.59 NA 6.33 6.03 3.18 6.43 5.54 10.3 8.04 10.3 2.99 11.28
"Jets D/ST" "D" 8 8.34 6.93 5.75 6.83 6.47 6.35 5.44 5.66 10.65 NA 4.14 8.67 10.65 4.94 6.76 4.14
"Broncos D/ST" "D" 5.31 8.74 6.04 4.68 6.42 5.16 7.07 4.69 7.35 NA 2.54 8.92 9.04 9.6 10.42 8.5 2.54
"Jaguars D/ST" "D" 10.38 4.58 8.57 8.14 5.56 6.53 6.81 5.86 NA 6.42 5.58 10.23 6.42 7.83 5.12 7.92 4.95
"Patriots D/ST" "D" 7.54 5.47 6.94 6.74 7.34 6.08 6.4 8.13 6.65 6.9 NA 7.56 7.94 5.91 4.52 10.35 7.56
"Panthers D/ST" "D" 4.7 4.68 7.31 NA 7.72 7.37 6.26 5.72 7.26 3.8 4.36 3.34 3.72 9.96 3.6 3.45 3.6
"Redskins D/ST" "D" 9.03 8.24 6 NA 5.23 6.3 6.02 7.17 7.04 5.92 6.25 7.66 6.94 9.84 9.64 7.08 6.94
"Browns D/ST" "D" 2.08 -0.14 7.2 6.7 5.87 5.81 5.75 6.18 4.93 7.34 NA 9.82 7.02 3.69 4.95 9.82 8.34
"Cowboys D/ST" "D" 6.06 7.15 6.77 6.69 5.54 6.2 7.27 NA 7.79 7.46 4.88 6.24 3.42 7.46 6.24 4.18 9.75
"Eagles D/ST" "D" 4.7 7.14 6.85 6.58 6.85 6.26 7.3 7.96 NA 6.34 2.46 9.63 6.84 6.34 2.19 5.7 6.84
"Bears D/ST" "D" 5.83 7.86 8.2 6.36 NA 7.96 6.28 7.9 6.67 6.02 8.52 6.02 9.57 3.22 6.1 8.78 8.52
"Bills D/ST" "D" 6.52 3.88 3.68 5.96 6.65 5.56 5.31 4.39 6.7 8.78 NA 9.49 7.88 8.78 6.55 4.66 7.88
"Chiefs D/ST" "D" 5 2.96 7.51 6.89 6.66 3.75 6.76 6.21 7.13 9.13 -0.52 NA 5.9 4.28 -1 2.68 5.9
"Chargers D/ST" "D" 5.54 8.69 5.04 7.44 6.54 6.61 7.74 NA 5.52 3.39 2.8 9.08 3.66 4.59 -2.28 3.82 2.8
"Texans D/ST" "D" 3.27 8.82 8.04 6.95 6.46 8.88 6.2 7.59 5.98 NA 5.66 7.35 8.88 5.62 7.39 5.82 7.71
"Saints D/ST" "D" 7.98 8.63 5.59 6.21 6.8 NA 5.04 5.78 4.47 3.36 5.32 3.04 4.22 3.16 0.62 2.94 0.62
"Lions D/ST" "D" 6.98 8.52 4.02 7.01 5.93 NA 6.86 5.91 4.6 0.94 0.8 0.94 -0.0799999999999998 6.49 5.89 4.15 2.92
"Steelers D/ST" "D" 8.14 5.06 5.69 5.93 5.84 6.33 NA 7.95 5.62 2.16 8.38 4.34 2.28 7.66 2.9 0.16 7.07
"Packers D/ST" "D" 6.28 3.96 6.44 8.36 5.6 7.54 NA 0.97 4.48 7.16 2.14 6.94 7.85 4.54 2.86 5.98 4.68
"Colts D/ST" "D" 4.02 3.04 4.82 5.79 4.75 6.5 8.17 7.18 NA 6.7 6.74 6.42 6.7 3.02 7.23 7.36 6.74
"Dolphins D/ST" "D" 5.2 6.9 6.6 4.79 5.46 5.88 6.47 5.16 6.66 3.67 NA 3.57 7.88 2.62 5.84 7.78 7.88
"Bengals D/ST" "D" 6.22 7.6 5.67 5.4 7.23 6.48 4.71 6.37 NA 3.3 7.72 7.6 5.02 2.62 6.48 7.6 6.43
"49ers D/ST" "D" 2.82 4.11 4.67 4.82 7.68 4.82 1.69 6.93 6.98 6.16 NA 5.76 2.7 6.33 2.7 2.56 2.54
"Titans D/ST" "D" 7.56 6.96 5.3 6.12 7.25 6.13 2.55 NA 5.59 2.56 5.08 3.76 6.66 7.02 6.46 4.8 5.08
"Raiders D/ST" "D" 2.08 7.3 6.29 6.82 5.01 5.46 NA 5.09 6.27 0.32 6.67 3 0.22 2.58 3.54 3.28 0.22
"Falcons D/ST" "D" 5.42 6.58 5.3 6.33 5.02 6.16 6.59 NA 5.63 6.88 3.44 -1.66 3.89 3.4 7.08 2.78 3.46
"Cardinals D/ST" "D" 6.48 7 5.87 6.39 6.5 4.92 6.88 6.61 NA 2.32 6.62 2.76 5.43 4.59 4.73 2.3 5.04
"Giants D/ST" "D" 4.86 4.18 6.13 4.94 5.26 6.62 5.13 6.12 NA 5.74 4.6 4.84 2.76 5.12 4.78 3.88 5.6
"Buccaneers D/ST" "D" 2.62 3.74 5.28 5.63 NA 4.95 6.36 4.91 3.16 4.06 6.32 6 0.44 -2.76 4.02 2.8 2.42
