"Player" "Pos" "X1" "X2" "X3" "X4" "X5" "X6" "X7" "X8" "X9" "X10" "X11" "X12" "X13" "X14" "X15" "X16" "X17"
"A.J. Derby" "TE" 1.73 1.73 2.65 0 2.01 1.46 1.9 2.15 1.53 2.1 NA 1.85 2.37 2.5 1.76 2.02 2.25
"A.J. Green" "WR" 12.65 10.69 11.96 9.6 11.17 9.6 11.13 12.59 NA 10.37 11.09 10.34 10.49 9.99 12.2 9.96 9.29
"A.J. McCarron" "QB" 0.54 0.5 0.63 0.61 0.57 0.64 NA 0.73 0.67 0.61 0.55 0.52 0.86 0.66 0.62 0.62 0.81
"Aaron Jones" "RB" 0 0 5.42 5.58 7.42 8.28 NA 6.04 6.91 8.05 5.74 5.84 6.24 8.36 5.54 5.67 8.04
"Aaron Rodgers" "QB" 22.36 19.52 20.7 22.61 21.59 21.25 NA 21.26 20.71 20.83 18.64 21.55 20.54 23.91 19.95 20.19 23
"Adam Humphries" "WR" 2.14 2.32 2.2 3.92 NA 3.47 3.88 3.76 3.51 2.99 3.26 3.97 3.62 3.39 3.65 3.47 3.55
"Adam Shaheen" "TE" 0 0 0 0 NA 0 0 0.57 0.46 0.55 0.59 0.53 0.53 0.51 0.59 0.55 0.56
"Adam Thielen" "WR" 11.05 10.03 11.35 9.78 12.27 12.69 12.89 12.78 12.75 NA 10.94 12.88 11.06 11.89 12.74 12.27 11.32
"Adrian Peterson" "RB" 3.71 9.35 9.32 NA 9.69 9.93 11.28 10.31 11.24 10.34 11.55 10.31 7.75 11.24 7.49 8.84 8.29
"Alan Cross" "TE" 0.67 0.57 0.54 0.49 NA 0.4 0.41 0.36 0.39 0.38 0.38 0.51 0.41 0.51 0.37 0.5 0.41
"Albert Wilson" "WR" 4.01 3.73 4.78 4.57 4.65 3.29 4.85 4.27 3.55 4.7 NA 4.68 3.69 4.51 3.07 3.43 3.63
"Aldrick Robinson" "WR" NA NA 0.5 0.43 2.13 2.21 2.44 2.1 2.29 NA 1.94 2.1 1.85 2.44 2.13 2.29 2.13
"Alex Armah" "RB" 0.69 0.61 0.63 NA 0.59 0.53 0.43 0.42 0.63 0.56 0.56 0.52 0.59 0.53 0.68 0.67 0.62
"Alex Collins" "RB" 10.28 8.1 9.93 9.97 6.79 7.67 8.53 6.93 7.89 NA 7.26 8.12 7.52 7.18 8.61 6.91 6.06
"Alex Ellis" "TE" 0.4 0.48 0.55 0 0.63 0.6 0.65 0.66 0.58 0.61 0.57 NA 0.52 0.61 0.62 0.62 0.55
"Alex Erickson" "WR" 0.47 0.5 0.79 0.82 1.26 0.43 0.5 0.65 NA 0.58 0.51 0.45 0.41 0.47 0.55 0.44 0.43
"Alex Smith" "QB" 14.97 20.24 18.71 NA 19.7 18.8 20.69 18.61 21.56 21.24 22.17 19.44 16.72 19.96 15.97 20.61 17.71
"Alex Tanney" "QB" 0 0 0 0 0 0 0 0 NA 0 0 0 0 0 0 0 0
"Alfred Blue" "RB" 3.38 2.71 4.54 4.98 5.78 5.42 3.85 5.54 3.84 NA 5.48 5.06 4.46 5.45 3.8 3.93 4.17
"Alfred Morris" "RB" 5.23 7.48 8.35 6.96 6.2 5.86 7.66 5.71 5.61 7.24 NA 5.67 5.07 5.32 5.51 5.98 7.05
"Allen Hurns" "WR" 4.5 4.92 4.66 4.73 4.9 4.32 3.95 NA 4.99 4.56 3.87 4.09 4.48 4.7 4.14 5.28 3.95
"Allen Robinson" "WR" 8.56 8.46 8.4 7.7 NA 7.82 8.63 7.76 7.92 9.66 7.91 9.39 7.56 8.21 8.52 7.96 7.65
"Alshon Jeffery" "WR" 0 0 0 3.85 9.19 8.16 8.32 8.15 NA 9.07 9.27 8.42 9.07 8.8 8.01 9.83 8.74
"Alvin Kamara" "RB" 19.29 18.49 16.06 17.7 17.45 NA 15.91 15.88 17.28 15.87 16.92 17.22 15.86 15.81 15.91 17.24 17.04
"Amari Cooper" "WR" 8.35 8.45 8.25 10.1 9.01 8.51 NA 9.72 8.85 8.44 8.1 9.98 11.25 9.53 8.24 8.23 10.92
"Ameer Abdullah" "RB" 0 0 1.71 0 2.31 NA 2.02 1.54 1.74 1.47 1.59 1.54 2.12 1.48 1.43 1.85 2.16
"Andre Holmes" "WR" 0.97 0.44 0.45 0.53 0.39 0.46 0.41 0.42 0.42 0.41 NA 0.54 0.42 0.42 0.4 0.42 0.43
"Andre Roberts" "WR" NA NA 0.43 0.26 0.27 0.44 0.32 0.22 0.4 0.33 NA 0.44 0.34 0.32 0.42 0.44 0.42
"Andrew Luck" "QB" 18.05 15.88 14.26 18.38 16.92 15.28 15.76 19.39 NA 13.03 17.06 15.56 12.2 19.77 17.41 16.46 16.05
"Andy Dalton" "QB" 18.67 12.73 13.15 18.63 18.71 14.86 17.68 20.89 NA 16.65 13.38 15.53 15.8 13.51 19.06 14.63 14.07
"Andy Janovich" "RB" 0.84 0.85 1.25 1.01 1.34 1.19 1.24 1.02 1.24 NA 1.05 1.1 1.16 1.02 1.27 0.88 1.12
"Andy Jones" "WR" 0.51 0.54 0.47 0.56 0.6 NA 0.59 0.62 0.64 0.61 0.65 0.63 0.61 0.63 0.69 0.66 0.59
"Anthony Miller" "WR" 5.15 4.07 3.4 0 NA 4.61 4.95 4.4 4.32 4.18 4.35 4.07 4.63 4.34 4.83 4.64 4.24
"Anthony Sherman" "RB" 0.41 0.56 0.6 0.63 0.5 0.56 0.6 0.51 0.5 0.5 0.49 NA 0.5 0.48 0.58 0.48 0.53
"Antonio Brown" "WR" 12.94 14.65 15.35 15.87 15.59 14.56 NA 14.36 12.26 14.42 12.27 12.86 13.53 16.53 15.58 15.61 15.07
"Antonio Callaway" "WR" 4.39 4.32 6.27 6.42 6.8 7.5 8.51 7.98 8.95 9 NA 8.61 7.86 7.08 6.7 8.82 6.08
"Antonio Gates" "TE" 3.05 2.44 2.54 3.09 3.78 3.05 3.24 NA 2.62 3.58 2.75 2.77 2.89 2.91 3.44 2.35 2.67
"Antony Auclair" "TE" 0.62 0.53 0.66 0.69 NA 0.48 0.53 0.48 0.49 0.57 0.5 0.55 0.51 0.56 0.5 0.51 0.5
"Austin Carr" "WR" 4.3 4.06 2.13 2.18 1.24 NA 0.99 1.37 1.2 1.15 1.22 1.42 1.26 1.27 1.33 1.3 1.36
"Austin Ekeler" "RB" 5.93 5.43 5.26 6.53 7.42 6.06 6.09 NA 4.99 7.01 5.11 6.21 7.04 8.13 7.51 5.96 4.78
"Austin Hooper" "TE" 3.37 4.61 3.39 3.94 4.21 6.92 4.74 NA 3.8 5.33 6.14 5.36 4.43 5.72 4.36 4.38 6.62
"Austin Seferian-Jenkins" "TE" 4.33 4.71 4.98 3.83 3.56 3.84 4.4 3.89 NA 3.78 4.84 4.2 3.92 3.53 4.61 3.92 4.18
"Baker Mayfield" "QB" 2.19 1.78 0.88 18.36 13.22 15.47 17.95 14.91 17.18 16.13 NA 15.39 17.16 14.13 13.52 16.22 11.3
"Ben Braunecker" "TE" 0.59 0.59 0.42 0.61 NA 0.51 0.59 0.51 0.49 0.56 0.49 0.54 0.52 0.53 0.57 0.54 0.47
"Ben Roethlisberger" "QB" 16.58 18.92 21.35 19.29 22.82 20.68 NA 21.1 18.53 20.4 17.69 18.44 21.28 22.6 23.18 21.28 21.94
"Benjamin Watson" "TE" 4.43 5.18 4.84 5.88 5.16 NA 4.06 5.67 5.27 5.07 4.93 5.43 5.83 5.87 4.73 5.25 4.89
"Benny Cunningham" "RB" 1.06 1.03 1.2 0.52 NA 0.5 0.53 0.56 0.47 0.56 0.56 0.54 0.5 0.46 0.5 0.53 0.53
"Bilal Powell" "RB" 5.55 5.95 6.92 6.09 8.05 8.09 7.32 5.76 7.53 8.01 NA 8.1 7.61 7.46 8.17 7.96 7.5
"Blaine Gabbert" "QB" 0.4 15.24 9.72 0 0.34 0.59 0.74 NA 0.87 0.87 0.88 0.88 0.8 0.6 0.78 0.83 0.94
"Blake Bortles" "QB" 14.58 16.97 17.51 16.2 19.78 19.5 22.59 17.97 NA 19.56 19.79 19.35 20.92 18.82 18.61 19.34 21.14
"Blake Jarwin" "TE" 4.51 3.15 1.56 1.74 1.59 1.68 1.86 NA 1.81 1.48 1.35 1.95 1.39 1.53 1.51 1.75 1.52
"Brandin Cooks" "WR" 8.64 9.77 9.96 10.84 12.13 12.31 12.48 12.78 12.69 13.41 13.68 NA 12.2 12.11 12.23 12.3 13.08
"Brandon Bolden" "RB" 0.54 0.52 0.52 0.43 0.58 0.36 0.83 0.57 0.41 0.63 NA 0.56 0.55 0.71 0.44 0.41 0.52
"Brandon LaFell" "WR" 0 2.33 0.72 0 2.54 2.38 NA 3.08 2.94 2.58 2.18 2.16 2.62 2.33 2.45 2.64 2.56
"Brandon Marshall" "WR" 4.59 6.41 5.46 4.19 3.08 4.25 NA 4.51 3.18 2.99 4.65 2.46 4.6 3.12 4.41 4.62 2.55
"Brandon Weeden" "QB" 0.77 0.73 0.94 0.82 0.88 0.88 0.69 0.86 0.68 NA 0.81 0.86 0.79 0.89 0.71 0.69 0.73
"Brandon Wilds" "RB" NA 0.66 1.64 0.46 0.87 0.61 0.63 0.45 NA 0.56 0.52 0.51 0.6 0.54 0.48 0.55 0.58
"Brett Hundley" "QB" 0.64 0.62 1.01 0.88 1.04 1.2 NA 1.15 1.01 0.98 1.21 0.85 1.23 1.03 1.15 1.19 0.9
"Brian Hill" "RB" NA 0.51 1.51 0.94 0.78 0.61 0.6 NA 0.5 0.45 0.56 0.55 0.55 0.56 0.45 0.43 0.57
"Brian Hoyer" "QB" 0.78 0.58 0.73 0.99 0.99 1.13 0.78 0.98 1.01 0.91 NA 0.81 0.97 0.94 0.99 1.05 0.86
"Brian Quick" "WR" NA 0.81 0.77 NA 0.67 0.69 0.73 0.68 0.68 0.73 0.73 0.7 0.61 0.7 0.73 0.78 0.62
"Brock Osweiler" "QB" 0 0 0 0 0 0 0 0 0 0 NA 0 0 0 0 0 0
"Bruce Ellington" "WR" 3.18 2.71 3.1 0 0 0 0 0 0 NA 0 3.44 3.67 3.06 3.38 2.73 2.71
"Buddy Howell" "RB" NA NA NA 1.39 1.62 0.58 0.36 0.69 0.4 NA 0.58 0.57 0.49 0.76 0.48 0.44 0.38
"Byron Marshall" "WR" 0 0 0 NA 0 0 0 0 0 0 0 0 0 0 0 0 0.59
"C.J. Anderson" "RB" 5.1 5.74 5.37 NA 6.18 5.83 4.6 5.38 7.17 5.02 5.81 5.05 6.59 4.62 5.87 6.68 5.41
"C.J. Beathard" "QB" 0.67 0.9 0.86 14.05 12.92 13.75 11.76 12.2 14.93 15.88 NA 14.17 11.73 12.81 12.44 13.03 11.14
"C.J. Ham" "RB" 0.53 0.6 0.55 0.48 0.45 0.47 0.49 0.43 0.61 NA 0.46 0.45 0.4 0.4 0.41 0.56 0.49
"C.J. Prosise" "RB" 1.61 2.16 0 0 0.55 0.58 NA 0.69 0.65 0.52 0.69 0.55 0.72 0.54 0.68 0.64 0.52
"C.J. Uzomah" "TE" 0.5 0.33 0.36 0.56 2.44 2.82 3.03 2.35 NA 2.34 2.08 2.95 2.4 2.52 2.24 2.8 2.67
"Calvin Ridley" "WR" 4.15 4.23 3.09 6.83 7.75 7.78 7.35 NA 7.18 8.66 7.85 7.64 7.23 7.36 8.12 8.29 7.5
"Cam Newton" "QB" 19.87 18.22 20.18 NA 23.25 20.02 17.97 18.3 25.59 19.81 22.7 18.79 23.74 19.8 23.05 23.31 21.38
"Cameron Artis-Payne" "RB" 0 2 1.25 NA 1.24 1.42 1.01 1.24 1.69 0.98 1.11 1.01 1.57 0.99 1.15 1.38 1.09
"Cameron Brate" "TE" 4.81 2.42 2.43 3.89 NA 5.62 5.76 5.66 3.93 3.38 4.04 4.36 4.13 4.36 3.81 3.87 4.12
"Cameron Meredith" "WR" 0 0 1.13 2.75 3.34 NA 2.7 2.75 3.43 3.18 3.04 3.39 3.31 3.32 3.15 3.15 3.26
"Carlos Hyde" "RB" 8.59 10.03 11.24 11.7 10.39 14.08 12.25 13.84 14.07 14.75 NA 12.96 11.68 13.61 10.75 14.06 9.11
"Carson Wentz" "QB" 0 0 19.52 19.86 19.39 20.3 16.64 15.04 NA 22.25 20.38 21.74 20.15 20.83 19.33 26.02 18.99
"Case Keenum" "QB" 12.53 17.08 12.85 17.84 15.61 15.89 15.27 18.11 19.14 NA 16.46 17.38 16.3 17.07 17.45 17.2 17.54
"Cethan Carter" "TE" 0 0 NA NA NA NA NA NA NA NA NA NA NA NA NA NA NA
"Chad Henne" "QB" 0.46 0.54 0.58 0.35 0.47 0.52 0.57 0.47 0.47 0.44 0.57 NA 0.54 0.43 0.59 0.46 0.57
"Chad Williams" "WR" 1.73 1.88 1.94 0.78 3.86 3.63 4.19 4.06 NA 3.62 4.26 2.72 4.12 4.88 4.59 2.97 3.86
"Charles Clay" "TE" 4.25 4.32 4.02 4.18 4.51 4.72 4.34 4.15 4.36 4.52 NA 4.24 3.98 4.79 4.21 3.93 4.19
"Charone Peake" "WR" 0.6 0.67 0.73 0 0.65 0.75 0.72 0.6 0.69 0.59 NA 0.69 0.78 0.57 0.72 0.75 0.66
"Chase Daniel" "QB" 0.75 0.76 0.79 0.91 NA 0.83 0.9 0.78 0.81 0.89 0.78 0.84 0.87 0.8 0.88 0.8 0.73
"Chase Edmonds" "RB" 4.47 3.93 4.04 3.81 4.03 3.41 3.34 4.27 NA 4.4 4.7 3.63 3.76 4.18 3.65 3.77 3.1
"Chester Rogers" "WR" 3.47 2.78 2.6 2.78 4.67 3.06 3.37 3.7 NA 3.23 4.04 3.54 3.14 3.58 3.32 3.57 3.88
"Chris Carson" "RB" 7.79 7.98 6 0 7.35 7.26 NA 7.08 7.64 7.11 7.42 6.73 7.28 6.72 6.77 8.04 6.41
"Chris Conley" "WR" 2.15 2.51 3.21 3.54 4.03 2.32 2.73 2.64 2.48 2.87 2.81 NA 3.17 2.74 2.69 2.55 3.3
"Chris Godwin" "WR" 4.36 5.11 4.49 5.58 NA 3.73 3.53 4.1 4.18 4.96 4.27 3.64 4.31 3.7 5.13 4.13 3.86
"Chris Herndon" "TE" NA NA 2.91 0.95 0.93 0.37 0.45 0.42 0.37 0.43 NA 0.43 0.45 0.41 0.37 0.4 0.4
"Chris Hogan" "WR" 10.52 9.55 8.48 5.93 4.64 4.46 4.46 3.9 4.55 4.69 NA 4.68 4.96 4.4 3.52 4.05 4.87
"Chris Ivory" "RB" 4.03 4.69 6.79 5.6 5.61 5.28 4.86 5.47 4.54 4.73 NA 4.4 4.56 5.09 4.84 5.15 4.84
"Chris Manhertz" "TE" 0.37 0.39 2.96 NA 1.25 1.14 1.19 1 0.43 0.49 0.37 0.39 0.41 0.38 0.39 0.39 0.37
"Chris Moore" "WR" 0.29 0.39 0.49 0.45 0.66 0.66 0.65 0.64 0.74 NA 0.76 0.71 0.62 0.71 0.73 0.74 0.68
"Chris Thompson" "RB" 6.44 9.95 8.98 NA 8.8 7.36 8.77 7.75 8.93 6.95 8.13 8.2 6.9 8.3 6.4 7.13 4.79
"Christian Kirk" "WR" 3.94 4.56 4.59 3.99 5.75 5.75 5.44 5.93 NA 6.45 6.41 6.02 6.26 6.28 5.94 4.71 5.06
"Christian McCaffrey" "RB" 14.11 12.35 13.11 NA 15.54 12.93 12.58 12.72 14.13 11.35 13.29 13.59 13.23 12.42 12.84 13.9 12.03
"Christine Michael" "RB" 4.29 0 0.36 NA NA NA NA NA NA NA NA NA NA NA NA NA NA
"Cody Core" "WR" 0 0 0.39 0.58 1.51 0.58 0.55 0.69 NA 0.73 0.45 0.68 0.62 0.52 0.58 0.67 0.57
"Cody Kessler" "QB" 0.46 0.59 0.55 0.54 0.88 0.86 0.93 0.64 NA 0.83 0.73 0.7 0.88 0.7 0.75 0.72 0.87
"Cody Latimer" "WR" 1.86 2.68 3.52 0 1.41 2.25 3.14 3.55 NA 3.27 3.28 2.2 2.63 3.42 3.59 3.24 3.35
"Cole Beasley" "WR" 2.6 4.49 4.38 4.44 4.5 3.9 4.28 NA 4.58 3.75 4.39 4.43 4.71 3.84 4.55 3.99 4.76
"Cole Wick" "TE" 0.46 0.59 0.55 0.49 0.45 0.58 0.57 0.44 0.56 0.5 NA 0.57 0.56 0.6 0.59 0.47 0.54
"Colt McCoy" "QB" 0.68 0.78 0.83 NA 0.82 0.76 0.87 0.83 0.89 0.8 0.88 0.82 0.63 0.88 0.68 0.78 0.67
"Cooper Kupp" "WR" 7.59 5.72 6 8.02 9.57 9.81 10 9.99 9.79 10 10.08 NA 9.24 8.55 9.06 8.7 10.43
"Cooper Rush" "QB" 0.68 0.73 0.65 0.82 0.79 0.82 0.79 NA 0.81 0.75 0.82 0.84 0.85 0.8 0.78 0.84 0.84
"Cordarrelle Patterson" "WR" 1.95 1.36 0.91 0.31 1.97 2.03 1.16 1.16 1.7 1.67 NA 1.36 1.58 1.48 1.28 1.16 1.37
"Corey Clement" "RB" 4.8 5.73 10.4 0 2.04 3.82 4.35 4.72 NA 4.57 3.62 4.1 6.26 4.26 5.81 5.65 5.79
"Corey Davis" "WR" 7.61 8.25 8.03 8.35 9.16 9.16 8.77 NA 8.11 8.87 8.64 7.44 9.75 9.52 7.29 8.4 8.89
"Corey Grant" "RB" 3.22 5.83 7.51 3.9 5.8 4.68 2.43 1.85 NA 2.25 2.54 2.25 2.51 2.11 2.9 2.17 2.18
"Courtland Sutton" "WR" 3.08 4.48 2.41 4.06 4.99 5.15 4.95 5.86 5.48 NA 4.89 5.37 4.91 5.72 5.22 6.02 5.09
"Curtis Samuel" "WR" 0 0 0 NA 1.68 1.86 1.72 1.49 2.73 2.72 3.1 2.12 2.66 1.97 3.09 3.21 2.96
"D'Onta Foreman" "RB" 0 0 0 0 0 5.5 3.32 4.62 4.32 NA 4.5 4.78 4.73 4.71 4.88 3.62 3.49
"D.J. Chark" "WR" 1.58 1.44 0.62 0.56 0.61 0.66 0.73 0.53 NA 0.65 0.44 0.53 0.68 0.56 0.55 0.54 0.7
"D.J. Moore" "WR" 5.19 4.31 3.41 NA 3.25 4.17 5.38 5.79 3.45 3.45 3.59 4.41 3.35 4.06 3.3 3.55 3.19
"DaeSean Hamilton" "WR" NA NA NA 0.55 0.57 0.59 0.62 0.76 0.65 NA 0.71 0.59 0.71 0.69 0.62 0.66 0.74
"Dak Prescott" "QB" 15.04 15.59 13.81 17.43 17.57 13.18 15.77 NA 18.08 13.07 18.53 16.92 19.53 13.91 17.99 19.6 18.53
"Dallas Goedert" "TE" 2.47 3.02 3.15 3.45 2.64 3.24 2.69 2.5 NA 2.85 2.93 3.33 3.54 2.76 3.2 3.11 3.45
"Dalvin Cook" "RB" 13.38 12.7 0 8.07 10.45 12.02 10.91 13.44 13.97 NA 11.12 13.35 13.11 11.32 13.34 12.88 12.06
"Damien Williams" "RB" 0.33 0.4 0.35 0.32 0.27 0.27 0.29 0.28 0.23 0.28 0.3 NA 0.33 0.29 0.27 0.28 0.34
"Damiere Byrd" "WR" 0.61 0 0 NA 1.2 0.52 0.55 0.54 0.57 0.53 0.6 0.53 0.56 0.46 0.55 0.55 0.53
"Daniel Brown" "TE" 0 0.58 0.49 0.63 NA 0.56 0.61 0.58 0.48 0.58 0.5 0.55 0.55 0.59 0.57 0.54 0.49
"Danny Amendola" "WR" 5.16 4.27 4.64 5.39 4.95 4.7 4.73 5.53 4.17 4.84 NA 4.77 4.69 4.84 4.46 3.73 4.61
"Dante Pettis" "WR" NA 5.99 4.74 2.39 0 2.64 1.99 2.08 3.48 2.26 NA 3.78 2.33 2.57 2.39 2.37 1.93
"Darius Jennings" "WR" 0.65 0.7 0.45 0.48 0.5 0.57 0.49 NA 0.56 0.52 0.56 0.6 0.46 0.51 0.52 0.52 0.58
"Darrell Daniels" "TE" 0.27 0.21 2.87 0 NA NA NA NA NA NA NA NA NA NA NA NA NA
"Darren Fells" "TE" 1.48 1.33 2.14 2.99 2.29 2.82 3.13 2.57 2.71 2.64 NA 2.87 2.81 2.51 2.43 3 2.22
"Darren Sproles" "RB" 3.72 0 0 0 1.94 4.02 3.48 3.5 NA 4.32 4.22 4.78 4.55 4.01 4.43 4.48 4.27
"Darrius Heyward-Bey" "WR" 1.62 1.51 0.77 2.12 0.43 0.76 NA 0.79 0.53 0.84 0.6 0.63 0.81 0.67 0.72 0.62 0.79
"Davante Adams" "WR" 9.99 9.71 11.35 11.85 13.04 12.3 NA 9.12 12.4 12.5 10.97 9.66 9.34 12.54 9.32 9.48 12.29
"David Fales" "QB" 0 0 0 0 1.03 0.94 1.21 1.23 0.95 1.12 NA 1.19 1.02 1.14 0.97 0.8 0.97
"David Fluellen" "RB" 0.97 0.91 0 0 1.01 1.12 1.01 NA 1.31 1.26 1.37 1.04 0.97 1.12 1.17 1.44 1.46
"David Johnson" "RB" 18.44 14.9 11.35 10.72 14.08 11.18 12.5 15.09 NA 14.1 14.9 12.21 14.16 15.11 14.65 14.96 11.97
"David Moore" "WR" NA 0.63 1.67 1.31 0.48 0.72 NA 0.74 0.57 0.46 0.73 0.6 0.8 0.74 0.77 0.74 0.72
"David Morgan" "TE" 1.36 1.27 0 1.77 1.74 1.81 1.52 1.33 1.52 NA 1.6 1.33 1.25 1.64 1.32 1.45 1.68
"David Njoku" "TE" 4.12 5.14 4.43 5.89 5.81 5.9 7.28 5.88 6.27 6.59 NA 6.14 7.4 4.4 4.86 6.32 4.52
"De'Anthony Thomas" "WR" 0.38 0.37 0.75 0.48 1.22 0.62 0.62 0.6 0.66 0.54 0.48 NA 0.48 0.59 0.71 0.56 0.5
"DeAndre Hopkins" "WR" 14.98 12.4 13.01 14.53 15.31 13.24 11.79 15.28 11.12 NA 13.79 14.49 13.47 15.6 12.47 11.5 12.08
"DeAndre Washington" "RB" 0 0 0 0 0.47 0.59 NA 0.66 0.59 0.5 0.47 0.44 0.69 0.43 0.51 0.61 0.65
"Dede Westbrook" "WR" 4.79 4.34 4.82 4.5 6.16 4.69 5.94 5.7 NA 5.38 5.72 5.02 5.58 4.95 5.66 5.48 5.73
"Demarcus Robinson" "WR" 0.47 0.39 0.38 0.39 1.03 0.41 0.41 0.49 0.49 0.46 0.35 NA 0.5 0.45 0.39 0.45 0.51
"Demaryius Thomas" "WR" 8.73 9.74 8.51 8.78 7.92 8.99 7.93 9.43 9.7 NA 8.59 9.22 8.53 8.48 8.54 9.62 8.89
"Demetrius Harris" "TE" 0 1.86 2.97 1.95 2.81 1.77 1.82 2.71 2.2 2.64 2.67 NA 2.06 2.88 2.13 2.59 2.15
"Deonte Thompson" "WR" 1.87 2.28 3.68 3.49 3.36 2.58 3.63 NA 3.21 2.94 3.11 3.73 3.25 2.99 3.08 3.88 3.13
"Derek Carr" "QB" 14.26 11.98 13.33 15.92 14.83 16.28 NA 20.27 18.85 15.65 14.38 13.64 19.4 15.56 16.19 17.51 18.35
"Derek Carrier" "TE" 1.01 1.18 1.37 1.6 1.24 1.38 NA 1.21 1.22 1.29 1.27 1.2 1.14 1.33 1.14 1.38 1.1
"Derek Watt" "RB" 0.75 0.72 0.74 0.91 1.04 0.64 0.9 NA 0.49 0.97 0.53 0.58 0.79 0.86 0.96 0.6 0.5
"Derrick Coleman" "RB" NA 0.28 0.18 0.24 0.2 0.24 0.23 0.2 NA 0.21 0.22 0.24 0.22 0.21 0.24 0.23 0.23
"Derrick Henry" "RB" 9.4 9.16 8.99 8.74 10.03 7.86 7.24 NA 9.82 9.97 9.91 10.2 7.93 7.67 9.52 11.14 10.71
"DeSean Jackson" "WR" 5.87 6.54 6.97 6.04 NA 6.93 5.48 5.92 5.1 5.42 6.35 6.12 5.24 6.32 4.25 6.86 7.15
"Deshaun Watson" "QB" 19.16 18.95 19.66 22.18 23.21 20.74 16.97 22.91 19.79 NA 17.26 24.42 21.42 23.59 19.55 18.5 18.06
"DeShone Kizer" "QB" 0.98 1.39 0.77 0.96 0.72 0.75 NA 0.61 0.74 0.73 0.61 0.72 0.67 0.71 0.64 0.67 0.76
"Detrez Newsome" "RB" NA NA 0.49 NA NA NA NA NA NA NA NA NA NA NA NA NA NA
"DeVante Parker" "WR" 0 0 5.34 0 2.61 3.13 4.9 5.2 4 5.05 NA 4.86 5.53 4.85 4.79 3.59 5.36
"Devin Funchess" "WR" 7.9 7.73 8.26 NA 9.53 7.84 8.19 7.95 9.47 8.28 8.76 9.04 9.17 9 7.87 9.2 7.62
"Devonta Freeman" "RB" 10.38 0 0 0 8.95 13.15 11.23 NA 10.17 9.35 10.59 10.08 9.9 9.9 10.23 9.15 12
"Devontae Booker" "RB" 5.35 5.6 1.92 2.25 1.58 1.83 1.58 2.1 1.99 NA 1.6 1.96 1.87 1.88 1.77 2.21 1.69
"Dion Lewis" "RB" 6.85 8.04 8.89 8.45 8.28 7.76 7.18 NA 8.36 8.96 8.49 8.53 7.99 7.89 8.68 9.76 9.07
"Dion Sims" "TE" 2.15 2.48 1.06 2.06 NA 1.68 1.76 1.47 1.96 1.6 1.42 1.53 1.69 2.52 1.8 1.86 1.36
"Donte Moncrief" "WR" 4.45 4.17 6.04 5.71 5.69 5.07 6.15 6.4 NA 4.95 4.74 5.51 5.12 6.06 3.68 5.26 5.96
"Doug Baldwin" "WR" 9.27 0 0 7.83 9.06 8.32 NA 9.05 8.96 9.21 10.26 7.93 9.25 8.28 8.93 8.75 8.05
"Doug Martin" "RB" 4.94 3.81 5.43 4.49 4.94 4.36 NA 5.2 4.94 5.35 4.37 3.47 5.18 5.72 4.94 4.36 4.78
"Drew Brees" "QB" 24.06 23.92 19.97 22.68 21.26 NA 20.38 20.7 21.18 20.86 20.02 23.55 22.89 23.77 18.38 20.66 19.51
"Drew Stanton" "QB" 0 0 0 0.96 0 0 0 0 0 0 NA 0 0 0 0 0 0
"Duke Johnson Jr." "RB" 7.5 6.42 4.67 6.12 4.55 5.37 5.98 5.67 6.82 5.63 NA 5.13 5.48 5.73 4.36 5.43 4.26
"Dwayne Allen" "TE" 1.99 0.72 1.19 1.49 1.17 0.85 0.52 0.58 0.81 0.65 NA 0.61 0.52 0.7 0.68 0.6 0.63
"Dwayne Harris" "WR" 0.62 0 0.65 0.4 0.38 0.43 NA 0.49 0.46 0.39 0.41 0.37 0.45 0.42 0.43 0.37 0.44
"Ed Dickson" "TE" 0 0 0 0 0 0 NA 2.57 2.69 2.34 2.7 2.46 2.96 2.56 2.85 2.45 2.55
"Eli Manning" "QB" 10.9 15.42 15.64 18.07 13.7 13.72 15.49 13.73 NA 15.6 18.57 13.03 14.42 13.02 16.63 15.74 16.36
"Eli Rogers" "WR" 0 0 0 0 0 0.54 NA 0.65 0.58 0.54 0.56 0.59 0.53 0.58 0.6 0.57 0.56
"Elijah McGuire" "RB" 0 0 0 0 0 0 0 1.59 1.94 2.17 NA 2.25 1.78 2.03 2.2 2.11 2.11
"Elijhaa Penny" "RB" NA NA 0.55 0.7 0.66 0.5 0.76 0.68 NA 0.68 0.66 0.48 0.59 0.65 0.66 0.66 0.68
"Emanuel Byrd" "TE" 0 0 NA NA NA NA NA NA NA NA NA NA NA NA NA NA NA
"Emmanuel Sanders" "WR" 8.17 8.89 8.67 9.93 8.33 8.02 7.77 8.83 9.89 NA 7.3 7.64 7.28 8.49 7.35 9.56 6.77
"Eric Ebron" "TE" 3.51 4.24 6.21 5.46 5.89 5.62 5.37 5.9 NA 4.67 5.64 5.44 4.11 5.64 5.75 5.19 5.43
"Eric Saubert" "TE" 0.97 1 2.17 1.91 1.81 1.87 1.91 NA 1.75 1.43 1.75 1.55 1.38 1.62 1.66 1.49 1.76
"Eric Tomlinson" "TE" 0.5 1.12 1.81 1.38 2.32 2.86 2.21 2.08 2.64 2.46 NA 2.11 2.88 2.38 2.24 2.42 2.03
"Erik Swoope" "TE" 0.58 0 1.91 0 NA NA NA NA NA NA NA NA NA NA NA NA NA
"Evan Engram" "TE" 6.06 6.56 7.25 0 0 0 2.92 6.47 NA 6.46 7.66 5.39 5.41 6.24 5.81 7.38 7.52
"Ezekiel Elliott" "RB" 14.51 16.97 17.57 17.93 17.41 16.99 20.04 NA 19.67 16.21 19.41 22.12 21.55 17.71 18.98 20.38 19.09
"Frank Gore" "RB" 5.11 5.6 7.18 7.04 6.27 6.11 6.62 6.45 5.97 6.52 NA 6.5 6.4 7.27 5.68 5.29 6.07
"Freddie Martino" "WR" 0.51 0.53 0.61 0.65 NA NA NA NA NA NA NA NA NA NA NA NA NA
"Gabe Holmes" "TE" 0.46 0.4 1.81 0.45 0.45 0.39 0.39 0.48 NA 0.53 0.59 0.47 0.46 0.57 0.54 0.59 0.43
"Garrett Celek" "TE" 1.77 2.57 1.97 4 2.14 2.59 2.06 2.09 2.34 2.27 NA 2.27 2.05 2 2.11 2.16 1.95
"Geno Smith" "QB" 0.29 0.28 0.57 0.81 1.04 0.86 0.88 NA 0.85 0.98 0.94 0.88 0.79 0.88 0.99 0.79 0.88
"Geoff Swaim" "TE" 1.36 1.73 2.67 3.88 3.41 3.18 3.63 NA 3.14 2.92 3.28 3.86 3.6 3.07 3.52 3.43 3.24
"George Kittle" "TE" 3.68 7.23 6.78 5.18 6.15 5.64 5.97 5.14 6.38 5.81 NA 6.89 5.31 5.2 5.38 5.49 5.84
"Gerald Everett" "TE" 2.23 2.04 2.25 1.72 1.35 1.31 1.41 1.12 1.17 1.38 1.08 NA 0.95 1.29 1.38 1.36 1.48
"Geremy Davis" "WR" 0 0.5 0.58 0.85 1.88 0.62 0.76 NA 0.56 0.86 0.58 0.64 0.71 0.68 0.89 0.61 0.57
"Geronimo Allison" "WR" 3.37 4.95 5.71 6.17 3.65 6.74 NA 7.91 6.97 6.76 7.16 6.93 7.69 7.75 7.23 7.39 7.37
"Giovani Bernard" "RB" 6.72 4.83 9.99 11.66 9.28 6.65 7.57 7.38 NA 6.4 4.77 6.24 5.89 6.07 6.63 5.87 5.62
"Golden Tate" "WR" 9.82 9.36 10.87 10.5 11.58 NA 12.99 10.34 9.65 9.61 9.17 9.88 10.96 8.91 10.24 9.91 13.44
"Greg Olsen" "TE" 9.51 0 0 NA 0 0 0 0 4.12 3.87 3.34 3.85 3.94 4.01 4.13 3.57 3.98
"Hakeem Valles" "TE" 0.43 0.52 0.54 0.53 0.54 NA 0.48 0.41 0.44 0.42 0.45 0.43 0.51 0.44 0.46 0.45 0.52
"Hayden Hurst" "TE" 0 0 0 0 4.7 4.49 4.41 5.95 5.13 NA 5.34 5.49 4.54 4.63 5.99 4.97 5.15
"Hunter Sharp" "WR" 0 0 NA NA NA NA NA NA NA NA NA NA NA NA NA NA NA
"Ian Thomas" "TE" NA 3.15 3.78 NA 3.93 3.78 3.96 4.2 2.87 3.85 3.04 4.4 2.77 4.36 2.79 2.96 2.7
"Isaiah Crowell" "RB" 7.22 7.42 7.48 6.14 6.33 6.88 6.77 6.32 6.2 7.15 NA 6.65 6.12 6.64 6.05 6.81 6.25
"Ito Smith" "RB" NA 1.54 5.15 3.58 2.88 3.72 3.1 NA 2.79 2.49 3.65 3.23 1.78 3.19 2.63 2.2 3.42
"J'Mon Moore" "WR" 0 0 0 0.79 3.19 0.79 NA 0.69 0.73 0.78 0.66 0.8 0.78 0.75 0.68 0.75 0.81
"J.D. McKissic" "RB" 0 0 0 0 0 0 NA 0.62 0.64 0.81 0.67 0.55 0.6 0.58 0.57 0.71 0.6
"J.J. Jones" "WR" NA 0.68 0.55 0 1.32 0.6 0.61 NA 0.56 0.6 0.56 0.56 0.45 0.57 0.54 0.49 0.55
"J.J. Nelson" "WR" 4.46 1.75 1.56 0.33 0.34 0.29 0.31 0.34 NA 0.34 0.35 0.22 0.28 0.27 0.29 0.27 0.28
"Jace Billingsley" "WR" 0 0 NA NA NA NA NA NA NA NA NA NA NA NA NA NA NA
"Jack Doyle" "TE" 5.89 5.12 0 0 2.4 4.37 4.93 5.6 NA 3.83 5.91 5.59 3.76 5.19 4.93 5.25 5.69
"Jacob Hollister" "TE" 0 0.26 0 0 1.35 0.48 0.38 0.42 0.42 0.43 NA 0.41 0.43 0.41 0.43 0.43 0.43
"Jacoby Brissett" "QB" 1.88 1.36 0.57 1.06 0.87 0.73 0.83 0.95 NA 0.64 0.94 0.95 0.61 0.98 0.99 0.88 0.9
"Jacquizz Rodgers" "RB" 1.55 1.62 4.73 3.2 NA 3.53 2.95 2.84 2.58 2.92 2.86 3.65 2.73 3.64 2.97 3.66 3.78
"Jake Butt" "TE" 1.8 2.09 4.23 0 NA NA NA NA NA NA NA NA NA NA NA NA NA
"Jakeem Grant" "WR" 0.43 0.43 0.28 3.01 4.5 3.05 2.51 3.11 3.46 3.03 NA 3.07 3.62 2.97 3.46 2.66 3.5
"Jalen Richard" "RB" 1.95 1.13 1.81 3.77 5.56 5.14 NA 6.16 5.49 5.89 4.76 3.93 5.8 5.67 5.7 4.85 5.47
"Jamaal Williams" "RB" 10.8 10 7.68 6.85 6.53 6.51 NA 7.24 6.9 6.13 5.81 6.32 7.43 7.59 6.66 6.29 6.94
"Jameis Winston" "QB" 0 0 0 0.72 NA 19.81 18.38 20.48 16.53 20.29 19.42 21.79 17.51 21.55 15.72 18.73 21.04
"James Conner" "RB" 13.01 13.69 13.02 11.91 13.33 12.33 NA 7.9 6.53 8.37 6.52 7.28 8.96 8.61 9.24 8.39 9.62
"James Develin" "RB" 0.19 0.13 0.24 0.2 0.23 0.2 0.19 0.22 0.22 0.17 NA 0.16 0.17 0.22 0.21 0.23 0.17
"James O'Shaughnessy" "TE" 1.26 1.23 1.99 2.11 1.93 3 2.88 2.29 NA 2.94 2.17 2.15 3.08 2.88 2.09 2.91 2.75
"James Washington" "WR" 3.52 4.27 3.33 3.37 2.92 2.95 NA 3.59 3.01 3.12 2.99 3.44 3.1 2.85 3.34 2.92 3.03
"James White" "RB" 7.76 6.2 6.8 6.16 10.33 10.2 8.2 8.95 10.81 8.62 NA 8.03 7.5 9.82 9.95 9.49 8.56
"Jamison Crowder" "WR" 6.48 6.51 6.37 NA 6.48 7.54 6.07 5.98 6.9 7.44 6.98 5.86 6.23 6.12 5.99 6.98 6.43
"Jamize Olawale" "RB" NA NA 0.34 0.49 0.53 0.29 0.47 NA 0.47 0.28 0.58 0.5 0.52 0.3 0.53 0.59 0.53
"Janarion Grant" "WR" NA 0.52 0 NA NA NA NA NA NA NA NA NA NA NA NA NA NA
"Jared Cook" "TE" 4.59 5.46 6.76 7.11 7.48 7.61 NA 7.89 7.76 7.69 6.27 6.7 9.46 7.9 7.43 6.99 9.09
"Jared Goff" "QB" 19.08 17.42 16.72 17.71 19.18 19.96 20.82 21.82 20.25 20.34 21.77 NA 21.23 17.35 18.5 17.45 22.11
"Jarius Wright" "WR" 0.59 0.6 3.01 NA 3.11 2.86 2.77 2.76 3.79 3.31 3.33 3.3 3.65 3.38 3.66 3.24 3.55
"Jaron Brown" "WR" 1.8 1.71 3.08 3.59 1.67 2.89 NA 2.26 1.91 1.63 2.16 1.97 2.38 2.5 2.3 2.31 2.12
"Jarvis Landry" "WR" 8.49 10.74 9.56 9.74 9.62 9.93 10.3 10.04 11.07 10.38 NA 9.35 9.95 8.6 8.78 9.62 7.76
"Jason Croom" "TE" NA 0.39 0.44 0.51 0.64 0.65 0.57 0.44 0.57 0.52 NA 0.44 0.61 0.54 0.47 0.43 0.65
"Javorius Allen" "RB" 4.65 4.66 4.61 6.39 6.6 6.39 7.18 7.38 7.79 NA 7.69 5.99 6.74 5.66 7.11 7.52 7.18
"Jay Ajayi" "RB" 9.09 10.24 0 9.32 9.6 9.71 10.56 8.59 NA 11.42 10.55 10.64 11.47 10.42 10.26 12.3 10.37
"Jaydon Mickens" "WR" 0.52 0.62 0.73 0.78 0.82 0.8 0.8 0.77 NA 0.77 0.71 0.69 0.8 0.8 0.71 0.82 0.77
"Jeff Heuerman" "TE" 1.47 1.58 1.9 3.04 4.01 4.13 3.81 5.45 4.64 NA 3.11 3.7 3.29 4.22 4.58 5.83 3.2
"Jehu Chesson" "WR" NA 0.35 0 NA NA NA NA NA NA NA NA NA NA NA NA NA NA
"Jerell Adams" "TE" 0.49 0.49 0.54 1.65 1.39 0.6 0.8 0.72 NA 0.81 0.83 0.57 0.71 0.69 0.87 0.8 0.86
"Jeremy Sprinkle" "TE" 0.61 0.76 0.72 NA 0.62 0.5 0.58 0.64 0.55 0.48 0.5 0.55 0.32 0.67 0.42 0.56 0.33
"Jermaine Gresham" "TE" 0 0 0.43 2.28 1.81 1.91 1.66 1.87 NA 2.24 2.39 2.16 1.98 2.06 1.9 2.46 1.65
"Jermaine Kearse" "WR" 0 4.21 3.23 2.93 4.03 3.66 4.53 4.11 3.5 4.52 NA 3.76 3.7 4.38 3.67 3.65 3.64
"Jesse James" "TE" 3.81 3.18 4.9 4.19 3.47 3.76 NA 3.61 2.83 3.28 2.88 2.98 3.88 3.93 3.77 3.7 3.94
"Jimmy Garoppolo" "QB" 15.44 18.23 19.76 NA NA NA NA NA NA NA NA NA NA NA NA NA NA
"Jimmy Graham" "TE" 7.89 6.83 8.15 7.97 7.18 6.49 NA 5.63 6.53 7.13 6.43 7.18 6.3 6.66 6.24 7.27 6.65
"Joe Flacco" "QB" 12.76 12.12 14.16 13.7 14.35 16.42 16.84 14.53 15.51 NA 15.72 19.44 16.81 17.16 21.31 14.42 15.19
"Joe Mixon" "RB" 12.94 10.18 0 0 4.88 11.57 12.08 13.25 NA 11.37 10.32 11.97 11.75 10.45 12.68 10.95 10.12
"Joe Webb" "QB" 0 0 0 0 0 0 0 0 0 NA 0 0 0 0 0 0 0
"John Brown" "WR" 5.31 4.53 5.74 6.85 8.45 8.14 8.43 7.27 7.09 NA 7.54 9.53 8.22 9.33 9.88 6.6 8.81
"John Ross" "WR" 4.55 4.83 2.17 0.92 2.44 4.55 4.81 4.54 NA 4.93 2.72 4.02 3.35 4.63 5.12 3.83 4.33
"JoJo Natson" "WR" NA NA 0.27 0 1.2 1.41 1.98 1.99 2 0.41 0.64 NA 0.57 0.35 0.33 0.35 0.64
"Jonathan Stewart" "RB" 4.14 4.46 1.43 0 NA NA NA NA NA NA NA NA NA NA NA NA NA
"Jonathan Williams" "RB" 0.58 0.57 2.54 0 NA NA NA NA NA NA NA NA NA NA NA NA NA
"Jonnu Smith" "TE" 2.17 4.73 2.81 1.59 2.04 1.22 1.78 NA 1.63 1.41 1.71 1.6 1.62 1.34 1.46 1.6 1.79
"Jordan Akins" "TE" NA 1.73 2.03 2.1 2.1 2.03 2.12 2.53 1.56 NA 2.84 2.34 2.29 2.09 2.06 1.78 2.21
"Jordan Howard" "RB" 12.47 11.86 12.03 13.71 NA 12.79 13.85 12.29 13.22 14.74 13.09 13.43 12.95 14.49 13.97 13.25 11.85
"Jordan Leggett" "TE" 1.65 0 2.24 1.52 1.79 2.3 1.93 1.92 2.29 2.43 NA 2.64 2.24 2.32 2.05 2.57 2.49
"Jordan Matthews" "WR" NA NA 2.83 2.96 2.39 2.44 2.58 2.69 NA 2.38 2.46 2.55 3.3 2.3 2.79 2.91 3.19
"Jordan Reed" "TE" 5.41 7.1 6.39 NA 7.57 8.38 6.95 7.95 6.4 6.22 6.47 6.68 6.94 8.31 5.4 7.05 7.3
"Jordan Taylor" "WR" 0.44 0.44 0 0 0 0.46 0.51 0.5 0.59 NA 0.62 0.54 0.56 0.59 0.67 0.5 0.64
"Jordan Thomas" "TE" NA 0.62 2.52 2.6 2.37 2.17 1.83 2.65 1.99 NA 1.97 2.79 2.49 2.88 1.94 1.93 1.9
"Jordan Wilkins" "RB" 8.11 6.39 8.38 8.31 5.38 4.89 5.3 6.51 NA 4.74 4.84 4.67 4.47 6.2 5.63 5.67 4.55
"Jordy Nelson" "WR" 5.91 6.94 5.29 7.03 7.46 8 NA 9.52 8.52 6.26 7.19 7.05 8.84 6.33 6.31 7.9 9.59
"Josh Adams" "RB" NA NA NA 3.5 1.53 0.7 0.48 0.39 NA 0.73 0.75 0.76 0.68 0.67 0.61 0.73 0.63
"Josh Allen" "QB" 0.72 12.96 10.12 16.58 15.35 16.65 14.41 15.24 13.25 13.44 NA 11.68 14.31 14.31 15.76 14.28 15.23
"Josh Bellamy" "WR" 0.55 0.48 0.56 0.55 NA 0.86 0.79 0.75 0.82 0.86 0.95 0.83 0.81 0.86 0.86 0.82 0.91
"Josh Doctson" "WR" 4.37 6.17 4.17 NA 2.94 2.31 3.08 2.31 2.69 2.78 3.12 2.98 2.54 2.36 2.3 2.68 2.58
"Josh Gordon" "WR" 4.4 NA 0 7.09 7.16 8.61 8.03 7.02 7.08 8.23 NA 8.1 8.08 6.57 5.84 6.5 8.37
"Josh Hill" "TE" 1.67 1.59 1.39 2.68 2.05 NA 1.54 1.3 2.29 2.06 1.72 2.14 2.09 2.05 1.64 2.4 1.72
"Josh Malone" "WR" 0.44 0.38 0.2 0.37 1.01 0.33 0.39 0.38 NA 0.46 0.25 0.36 0.36 0.42 0.38 0.36 0.33
"Josh McCown" "QB" 0.97 0.99 1.05 0.7 0.91 1.16 0.98 0.82 1.11 0.98 NA 1.17 1.05 0.94 1.13 1.18 1.1
"Josh Reynolds" "WR" 0.52 0.51 0.47 1.26 1.2 1.19 1.43 1.63 1.41 0.38 0.39 NA 0.39 0.4 0.4 0.41 0.48
"Josh Rosen" "QB" 1.72 1.54 0.81 12.06 14.43 13.14 13.75 15.24 NA 14.6 16.76 12.9 14.87 15.13 14.31 14.19 12.39
"Joshua Perkins" "TE" NA NA 0.52 0.39 0.46 0.46 0.45 0.34 NA 0.53 0.52 0.48 0.46 0.51 0.45 0.5 0.45
"JuJu Smith-Schuster" "WR" 6.82 9.1 10.3 10.4 11.35 10.91 NA 12.21 12.95 10.88 12.67 13.18 9.89 13.01 10.49 11.09 10.68
"Julian Edelman" "WR" 0 0 0 0 9.81 10.32 10.04 8.04 9.78 8.06 NA 9.61 10.08 8.96 8.76 8.28 9.85
"Julio Jones" "WR" 9.87 11.77 14.27 13.69 14.17 15.34 13.96 NA 13.63 13.72 14.6 14.02 11.71 13.62 13.29 12.18 14.71
"Justin Davis" "RB" 0.56 0.53 0.48 0.36 0.54 0.53 0.49 0.58 0.53 0.58 0.66 NA 0.57 0.47 0.47 0.48 0.52
"Justin Hardy" "WR" 2.66 1.89 0.72 0.67 0.67 0.78 0.75 NA 0.69 0.69 0.74 0.7 0.6 0.7 0.69 0.62 0.76
"Justin Hunter" "WR" 0.46 0 0 0 1.58 1.31 NA 1.21 1.17 1.37 1.2 0.97 1.29 1.55 1.36 1.16 1.33
"Justin Jackson" "RB" 0 0 NA 0.78 0.67 0.5 0.63 NA 0.45 0.63 0.47 0.51 0.63 0.68 0.65 0.48 0.44
"Kaelin Clay" "WR" NA NA 0 0 NA NA NA NA NA NA NA NA NA NA NA NA NA
"Kalen Ballage" "RB" 0 0 0 2 1.35 1.49 1.61 1.56 1.29 1.48 NA 1.4 1.3 1.59 1.2 1.48 1.24
"Kamar Aiken" "WR" NA 0.28 3.35 0.63 0.43 0.38 0.39 0.32 NA 0.47 0.37 0.39 0.4 0.45 0.36 0.43 0.39
"Kareem Hunt" "RB" 13.73 12.81 14.6 11.91 15.45 15.86 15.88 16.72 14.97 16.33 15.66 NA 18.2 15.57 16.04 15.57 19.81
"Keelan Cole" "WR" 6.52 5.48 7.32 7.31 6.59 5.37 7.15 5.51 NA 5.59 6.36 6.59 5.8 6.5 5.7 6.17 6.88
"Keenan Allen" "WR" 11.4 10.42 12.12 15.62 15.17 13.03 13.94 NA 12.83 14.57 13.31 12.54 11.17 11.61 12.9 10.63 12.84
"Keith Smith" "RB" 0.46 0.3 0.85 0.22 0.38 0.34 NA 0.35 0.34 0.4 0.34 0.26 0.38 0.41 0.37 0.35 0.36
"Kelvin Benjamin" "WR" 5.61 5.08 4.18 5.41 5.36 5.42 5.41 5.51 4.04 4.09 NA 3.77 5.25 4.19 5.34 5.29 5.47
"Kendrick Bourne" "WR" 0.43 0.31 0.48 0.47 1.02 0.57 0.57 0.46 0.65 0.59 NA 0.61 0.45 0.43 0.46 0.48 0.56
"Kenneth Dixon" "RB" 4.19 0 0 0 0 0 0 0 0 NA 1.97 1.88 1.83 1.99 1.88 1.67 1.36
"Kenny Golladay" "WR" 6.96 6.07 7.62 8.69 8.16 NA 7.22 8.18 7.74 7.09 8.68 7.22 8.58 7.2 7.39 7.94 7.36
"Kenny Stills" "WR" 7.53 8.6 7.84 7.59 7.56 6.62 8.37 9.05 7.72 8.67 NA 8.48 6.99 8.98 8.29 5.91 6.75
"Kenyan Drake" "RB" 9.38 9.19 10.16 9.16 6.28 6.2 6.85 6.48 6.85 6.42 NA 6.31 7.45 6.92 6.25 5.58 6.9
"Kerryon Johnson" "RB" 5.16 5.95 5.19 8 8.67 NA 7.74 7.18 6.98 6.63 7.69 7.03 9.63 6.66 7.99 7.51 8.02
"Kevin Hogan" "QB" 0 0 0 0 0 0 0 0 0 NA 0 0 0 0 0 0 0
"Kevin White" "WR" 2.08 0.9 0.52 0.47 NA 0.67 0.68 0.54 0.58 0.73 0.56 0.69 0.61 0.59 0.7 0.65 0.54
"Khadarel Hodge" "WR" NA NA NA 1.04 2.09 2.13 2.3 2.79 2.32 0.68 0.92 NA 0.87 0.62 0.66 0.63 0.79
"Khari Lee" "TE" 0 0 0.38 0.44 0.56 0.55 0.5 0.49 0.35 0.44 NA 0.33 0.47 0.46 0.48 0.48 0.49
"Kirk Cousins" "QB" 19.07 18.32 17.54 17.31 18.86 19.49 18.31 21.21 20.65 NA 18.53 20.8 19.46 20.11 21.17 19.44 19.66
"Kyle Juszczyk" "RB" 0.63 1.05 1.31 1.04 1.25 1.14 0.98 1.18 1.51 1.26 NA 1.5 1.26 1.29 1.31 1.27 0.93
"Kyle Rudolph" "TE" 7.2 6.29 7.14 6.44 6.37 6.28 6.79 6.9 6.67 NA 5.17 6.95 6.58 5.53 6.57 6.51 5.39
"Lamar Jackson" "QB" 3.83 2.72 3.28 2.49 2.21 2.49 2.65 2.22 2.56 NA 3.56 2.22 2.26 2.41 3.23 2.32 2.34
"Lamar Miller" "RB" 10.23 11.29 11.37 11.68 11.82 13.38 10.25 14.26 11.75 NA 12.36 13.63 12.92 14.11 11.64 11.77 10.88
"Lance Kendricks" "TE" 0.86 0.71 1.19 1.64 1.52 1.49 NA 1.54 1.35 1.52 1.44 1.47 1.3 1.51 1.26 1.43 1.57
"Laquon Treadwell" "WR" 2.46 2.67 2.64 1.94 1.84 2.1 2.1 4 3.9 NA 1.9 3.73 3.3 2.56 4.31 3.74 1.96
"Larry Fitzgerald" "WR" 9.18 8.63 8.73 7.12 8.21 8.28 7.82 9.42 NA 7.32 8.3 8.79 9.16 9.29 9.03 6.91 7.48
"Latavius Murray" "RB" 5.05 5.29 11.78 5.53 5.63 6.5 5.89 6.5 7.22 NA 5.77 6.24 6.64 5.5 6.11 6.67 6.29
"Le'Veon Bell" "RB" 0 0 0 0 0 0 NA 6.52 6.7 6.4 6.48 7.18 6.96 7.61 8.14 7.65 7.63
"Lee Smith" "TE" 0.23 0.17 0.48 0.55 0.35 0.39 NA 0.46 0.43 0.36 0.33 0.32 0.36 0.37 0.4 0.39 0.35
"LeGarrette Blount" "RB" 4.85 4.87 5.73 6.04 5.72 NA 5.3 5.63 5.55 5.64 6.21 6.11 6.64 5.63 6.04 6.01 5.32
"Leonard Fournette" "RB" 11.69 0 0 11.65 0 0 6.66 5.84 NA 11.84 12.6 11.3 12.91 10.96 14.23 11.89 12.13
"LeSean McCoy" "RB" 10.49 10.52 0 10.26 9.24 8.13 8.25 8.91 8.87 8.08 NA 7.01 8.11 8.75 8.54 8.33 8.68
"Levine Toilolo" "TE" 1.21 1.2 1.42 1.56 1.78 NA 1.71 1.64 1.61 1.7 1.72 1.77 1.91 1.72 1.61 1.68 1.71
"Logan Paulsen" "TE" 0.01 0.01 0.3 0.51 0.66 0.47 0.61 NA 0.56 0.63 0.53 0.55 0.55 0.57 0.61 0.58 0.45
"Logan Thomas" "TE" 0.54 0.57 0 0 0.63 0.61 0.63 0.65 0.65 0.67 NA 0.46 0.6 0.7 0.69 0.62 0.62
"Luke Stocker" "TE" 0.41 2.57 2.18 2.6 2.12 2.58 2.12 NA 2.24 2.47 2.13 2.36 2.74 2.56 2 2.42 2.21
"Luke Willson" "TE" 2.88 3.34 1.93 2.75 3.56 NA 2.74 2.52 2.78 2.5 3.08 2.57 3.33 2.7 2.88 2.88 3.4
"Malcolm Brown" "RB" 1.85 1.46 2.34 2.9 2.33 2.3 2.89 3.1 2.79 2.52 3.39 NA 2.93 2.22 2.34 2.14 3.13
"Marcedes Lewis" "TE" 1.7 1.6 0.45 0.38 0.47 0.58 NA 0.5 0.55 0.57 0.4 0.51 0.41 0.47 0.41 0.4 0.49
"Marcus Johnson" "WR" 0 0.41 0.42 0.45 0.84 0.55 0.54 0.49 NA 0.6 0.59 0.56 0.58 0.57 0.59 0.5 0.58
"Marcus Kemp" "WR" NA 0.78 0.81 0.56 0.6 0.72 0.92 0.64 0.73 0.6 0.8 NA 0.75 0.62 0.82 0.64 0.78
"Marcus Mariota" "QB" 16.67 0 1.15 13.28 15.71 14.77 15.54 NA 17.21 17.94 17.16 18.86 13.74 14.64 17.22 17.85 18.22
"Marcus Murphy" "RB" 0.61 0.74 6.05 0 1.32 1.3 1.4 1.47 1.36 1.38 NA 1.35 1.56 1.47 1.5 1.39 1.65
"Mark Andrews" "TE" NA 1.71 2.2 2.82 2.96 3.18 2.89 2.52 2.79 NA 2.88 2.72 2.48 2.62 2.92 2.56 3.09
"Mark Ingram II" "RB" 0 0 0 0 10.69 NA 8.5 9.52 10.07 9.62 9.52 10.68 8.4 10.05 8.93 10.51 9.78
"Mark Walton" "RB" NA NA 2.52 0.76 0.46 0.55 0.56 0.54 NA 0.69 0.48 0.61 0.51 0.57 0.53 0.57 0.52
"Marlon Mack" "RB" 0 7.93 0 0 2.86 5.39 6.37 6.46 NA 5.48 5.82 6.13 5.25 6.37 6.62 5.46 5.5
"Marquez Valdes-Scantling" "WR" NA 0.54 1.1 2.92 6.2 2.57 NA 2.49 2.35 2.54 3.14 2.85 2.87 2.97 2.95 2.7 3
"Marquez Williams" "RB" 0 0 NA NA NA NA NA NA NA NA NA NA NA NA NA NA NA
"Marquise Goodwin" "WR" 6.69 0 7.06 5.35 5.93 4.92 4.79 5.75 5.48 4.83 NA 5.71 6.41 6.17 6.63 5.91 4.66
"Marshawn Lynch" "RB" 8.66 7.38 9.36 10.35 10.88 11.26 NA 12.26 10.52 10.64 9.82 8.65 12.64 11.53 10.4 10.11 12.8
"Martavis Bryant" "WR" NA 3.86 3 3.95 4.13 4.11 NA 4.57 4.24 4.27 4.24 4.6 4.94 4.08 4.41 4.05 4.77
"Marvin Hall" "WR" 0.53 0.6 0.41 0.55 0.56 0.82 0.69 NA 0.61 0.51 0.66 0.61 0.57 0.62 0.51 0.57 0.79
"Marvin Jones Jr." "WR" 9.35 8.74 9.63 8.23 8.45 NA 8.44 10.47 9.22 9.49 9.64 10.93 10.05 9.88 9.4 10.66 8.25
"Matt Breida" "RB" 5.97 8.53 9.23 9.31 8.05 7.82 10.51 7.47 9.59 10.24 NA 8.53 7.18 7.99 7.85 7.9 9.82
"Matt Cassel" "QB" 0.22 0.25 0.23 0.24 0.26 NA 0.23 0.23 0.22 0.2 0.26 0.21 0.23 0.21 0.23 0.24 0.24
"Matt LaCosse" "TE" NA NA 0.17 0.18 0.44 0.59 0.43 0.42 0.38 NA 0.58 0.61 0.53 0.44 0.42 0.46 0.61
"Matt Ryan" "QB" 15.23 15.38 19.25 19.04 21.48 24.06 21.68 NA 17.55 19.17 23.31 22.26 19.81 21.8 17.73 17.77 22.66
"Matt Schaub" "QB" 0.39 0.48 0.77 0.59 0.52 0.58 0.54 NA 0.54 0.53 0.6 0.56 0.64 0.54 0.59 0.58 0.55
"Matt Slater" "WR" 0.72 0.54 0.68 0.71 0.88 0.99 0.64 0.71 0.93 0.73 NA 0.63 0.84 0.79 0.73 0.74 0.65
"Matthew Stafford" "QB" 19.89 18.68 19.94 17.78 19.37 NA 18.66 17.1 16.03 15.13 16.45 15.89 18.85 15.83 16.84 16.78 18.45
"Maurice Harris" "WR" 0 0 0.71 NA 0.64 0.8 0.74 0.87 0.87 0.81 0.77 0.72 0.62 0.91 0.58 0.65 0.64
"Maxx Williams" "TE" 1.69 1.42 1.7 1.5 1.4 1.69 1.81 1.38 1.5 NA 1.69 1.96 1.74 1.88 1.89 1.29 1.45
"Melvin Gordon" "RB" 16.66 16.01 15.47 17.79 17.71 14.94 17.2 NA 14.77 17.6 15.02 16.34 16.02 17.54 19.68 16.2 14.06
"Michael Burton" "RB" 0.31 0 0.44 0.44 NA 0.61 0.62 0.49 0.53 0.63 0.51 0.6 0.56 0.47 0.65 0.62 0.49
"Michael Crabtree" "WR" 7.83 8.45 8.17 8.18 7.81 7.85 8.5 7.65 7.19 NA 7.59 9.33 8.11 9.25 8.69 7.35 8.06
"Michael Floyd" "WR" NA NA 0 NA 0.46 0.53 0.52 0.48 0.49 0.5 0.5 0.5 0.51 0.5 0.49 0.47 0.53
"Michael Gallup" "WR" 4.65 3.77 2.3 2.71 5.41 4.49 4.65 NA 4.67 4.28 4.23 4.75 4.64 4.38 4.83 4.74 4.86
"Michael Gesicki" "TE" 3.63 3.24 2.01 2.26 2.64 1.82 2.73 2.41 2.25 2.77 NA 2.67 2.68 3.01 2.01 1.8 2.56
"Michael Roberts" "TE" 0.82 1.14 0 0 0.72 NA 0.75 0.74 0.72 0.66 0.63 0.69 0.72 0.67 0.76 0.76 0.7
"Michael Thomas" "WR" 11.86 12.97 13.73 15.1 13.45 NA 10.57 12.44 13.61 12.94 12.76 14.59 12.76 14.79 13.14 13.19 13.63
"Mike Boone" "RB" NA NA NA 0.6 0.43 0.66 0.57 0.82 0.76 NA 0.47 0.89 0.8 0.44 0.81 0.69 0.51
"Mike Davis" "RB" 0 0.31 2.09 0.91 6.83 6.01 NA 5.64 4.88 5.65 5.88 3.92 5.2 4.04 4.81 6.79 4.17
"Mike Evans" "WR" 12.34 10.67 13.54 11.57 NA 11.59 11.57 9.77 10.59 11.2 10.18 12.85 10.94 12.44 11.88 12.49 11.95
"Mike Gillislee" "RB" 2.99 2.7 6.54 4.8 1.26 NA 0.59 1.05 1.28 1.18 0.81 1.49 1.44 1.56 0.94 1.23 1.01
"Mike Glennon" "QB" 0 0 0 0.8 1.11 0.93 0.99 1.17 NA 1.14 1.26 1.04 1.16 1.23 1.12 0.93 0.94
"Mike Thomas" "WR" 0.58 0 0 0 0 0 0 0 0 0 0 NA 0 0 0 0 0.73
"Mike Wallace" "WR" 3.92 4.49 0 NA NA NA NA NA NA NA NA NA NA NA NA NA NA
"Mike Williams" "WR" 5.06 4.87 4.17 5.42 4.91 4.68 4.12 NA 4.85 4.74 5.42 5.21 4.7 4.8 5.03 4.57 5.21
"Mitchell Trubisky" "QB" 15.84 12.96 11.57 15.87 NA 16 17.16 12.68 14.08 17.21 15.15 16.14 15.13 14.81 17.31 16.5 14.29
"Mohamed Sanu" "WR" 5.3 5.51 3.54 4.3 4.89 5.89 4.77 NA 4.51 5.27 4.92 4.68 3.72 4.87 4.59 4.55 5.68
"MyCole Pruitt" "TE" 0 0.6 0.42 0.48 0.49 0.41 0.49 NA 0.53 0.56 0.52 0.53 0.44 0.47 0.53 0.65 0.55
"Nate Sudfeld" "QB" 0 0 0 0 0 0 0 0 NA 0 0 0 0 0 0 0 0
"Nathan Peterman" "QB" 9.89 0.31 0.34 0.41 0.53 0.44 0.45 0.46 0.41 0.44 NA 0.39 0.45 0.47 0.44 0.43 0.48
"Neal Sterling" "TE" 0.51 0.56 0 0 0.63 1.9 1.28 1.44 1.85 1.62 NA 1.92 1.27 1.58 2.03 1.9 1.85
"Nelson Agholor" "WR" 8.5 8.69 9.74 9.11 7.45 8.95 6.55 7.12 NA 10.6 8.51 9.27 6.87 10.18 6.44 8.93 6.69
"Nick Bellore" "RB" NA NA 0.61 0.64 0.39 NA 0.35 0.46 0.39 0.43 0.37 0.45 0.43 0.39 0.41 0.41 0.37
"Nick Boyle" "TE" 1.15 1.38 1.87 1.81 2.18 2.52 2.45 2.3 2.19 NA 2.33 1.93 1.95 1.65 1.89 2.36 2.28
"Nick Chubb" "RB" 5.4 4.77 3.03 2.32 3.29 4.32 3.02 4.16 3.67 4.03 NA 4.06 3.06 3.72 3.26 4.25 3.18
"Nick Foles" "QB" 14.15 16.8 0.89 0.78 0.85 0.85 0.91 0.66 NA 0.89 0.8 0.89 0.72 0.84 0.79 0.91 0.69
"Nick Vannett" "TE" 2.02 2.31 2.69 2.24 2.88 2 NA 2.21 2.5 2.72 2.77 2.26 2.7 2.36 2.58 2.08 1.97
"Nick Williams" "WR" NA NA 0 0.63 0.64 0.61 0.63 NA 0.72 0.8 0.67 0.73 0.7 0.7 0.67 0.59 0.7
"Niles Paul" "TE" 1.67 1.55 2.22 2.2 2.12 1.81 1.82 1.38 NA 1.62 1.65 1.54 1.67 1.65 1.79 1.32 1.75
"Noah Brown" "WR" 0.36 0.44 0.42 0.45 0.56 0.53 0.51 NA 0.45 0.56 0.56 0.54 0.45 0.59 0.48 0.65 0.53
"Nyheim Hines" "RB" 5.01 4.34 5.22 5.18 5.83 5.27 5.29 5.69 NA 4.83 6.07 5.74 4.54 5.06 5.46 5.96 5.66
"O.J. Howard" "TE" 4.99 4.34 5.99 6.2 NA 0 0 2.89 4.79 4.86 5.49 6.88 5 7.27 4.79 6.46 6.89
"Odell Beckham Jr." "WR" 9.16 12.02 14.39 14.99 12.21 9.77 13.77 13.69 NA 12.38 13.1 9.57 9.86 13.14 10.58 12.46 13.44
"Orson Charles" "TE" NA 0.52 0.67 0.66 0.55 0.5 0.58 0.41 0.55 0.61 NA 0.55 0.6 0.51 0.51 0.57 0.53
"Patrick DiMarco" "RB" 0.43 0.45 0.46 0.79 0.58 0.67 0.49 0.55 0.5 0.39 NA 0.53 0.49 0.4 0.61 0.52 0.51
"Patrick Mahomes" "QB" 14.56 18.65 20.22 21.9 20.13 22.49 24.54 21.25 20.22 18.63 20.63 NA 24.52 21.69 23.93 19.47 26.26
"Patrick Ricard" "RB" NA 0.61 0.41 0.69 0.42 0.47 0.65 0.44 0.69 NA 0.62 0.6 0.66 0.57 0.62 0.62 0.44
"Paul Richardson" "WR" 5.15 5.46 6.02 NA 5.26 5.45 5.03 5.37 5.52 5.75 5.94 4.88 5.55 5.56 4.29 5.87 5.7
"Peyton Barber" "RB" 7.33 7.37 8.08 8.45 NA 8.26 7.49 7.01 7.22 8.64 7.19 6.97 7.95 7.22 5.88 6.99 9.07
"Pharoh Cooper" "WR" 0.94 0 0 0 0 0 0 0 0 1.8 2.39 NA 2.84 1.86 1.68 1.93 2.36
"Philip Rivers" "QB" 18.28 18.64 16.91 21.56 21.4 19.27 21.56 NA 18.82 20.22 20.75 18.51 17.7 20.18 19.15 19.25 19.56
"Phillip Dorsett" "WR" 4.9 5.9 5.81 4.04 4.42 4.77 3.89 3.5 4.36 4 NA 3.66 3.81 4.1 3.4 3.59 3.78
"Phillip Lindsay" "RB" 0.65 5.46 7.31 8.16 7.95 9.67 7.96 9.25 8.55 NA 8.85 9.2 8.92 8.6 6.41 8.53 9.66
"Pierre Garcon" "WR" 6.37 8.51 6.65 5.27 6.23 6.29 5.1 6.03 6.43 7.16 NA 5.79 6.19 6.29 6.33 6.3 4.97
"Quincy Enunwa" "WR" 5.8 7.81 9.82 8.15 8.65 10.02 9.26 8.03 8.95 8.92 NA 10.17 8.47 8.63 9.57 9.95 9.77
"Raheem Mostert" "RB" 0.22 0.36 0.27 0.2 0.25 0.26 0.32 0.25 0.26 0.26 NA 0.24 0.26 0.27 0.26 0.22 0.31
"Randall Cobb" "WR" 8.19 8.05 7.92 0 3.02 3.27 NA 7.64 8.52 8.33 7.73 8.12 7.28 8.38 7.45 8.23 7.48
"Rashaad Penny" "RB" 3.38 4.96 7.4 8.49 2.17 2.15 NA 2.07 2.07 1.99 1.81 1.54 1.7 1.51 1.58 2.6 1.63
"Rashard Higgins" "WR" 0.44 1.36 3.42 3.79 2.56 3.22 2.95 2.91 2.91 3.3 NA 3.03 2.67 2.85 2.65 3.13 2.5
"Ray-Ray McCloud" "WR" NA NA NA 0.57 0.64 0.66 0.55 0.53 0.58 0.55 NA 0.49 0.55 0.57 0.53 0.51 0.56
"Rex Burkhead" "RB" 13.25 8.3 8.48 0 NA NA NA NA NA NA NA NA NA NA NA NA NA
"Rhett Ellison" "TE" 1.11 1.38 2.13 2.51 4.15 3.96 4.52 2.17 NA 2.37 2.72 1.93 2.1 2.1 2.67 2.67 2.56
"Richard Rodgers" "TE" 0 0 0 0 0 0 0 0 NA 0.61 0.55 0.58 0.49 0.58 0.41 0.52 0.47
"Ricky Seals-Jones" "TE" 4.53 4.08 3.69 4.35 3.36 2.76 2.73 3.49 NA 3.74 3.37 2.55 3.22 3.55 3.47 2.69 2.75
"Rico Gathers" "TE" 0 0.53 0.52 0.53 1.03 0.89 0.9 NA 1.05 0.94 0.89 1.03 0.99 0.94 0.88 0.92 0.78
"Rishard Matthews" "WR" 3.93 6.92 4.17 0 NA NA NA NA NA NA NA NA NA NA NA NA NA
"Rob Gronkowski" "TE" 12.53 8.97 12.52 10.78 5.81 10.66 9.65 10.2 11.17 10.63 NA 9.74 9.44 11.94 11.14 11.74 9.25
"Robby Anderson" "WR" 6.73 6.91 5.4 5.45 7.06 7.05 6.38 6.51 7.35 6.98 NA 7.84 6.11 6.71 6.26 7.18 7.53
"Robert Foster" "WR" NA 0.51 0.48 0.46 0.66 0.57 0.6 0.55 0.71 0.62 NA 0.54 0.6 0.65 0.51 0.53 0.62
"Robert Griffin III" "QB" 0 0 0 0 0 0 0 0 0 NA 0 0 0 0 0 0 0
"Robert Turbin" "RB" 0 0 0 0.56 0.94 0.36 0.38 0.52 NA 0.45 0.46 0.53 0.42 0.53 0.58 0.58 0.44
"Robert Woods" "WR" 8.14 7.69 7.54 8.65 10.16 9.97 10.55 10.52 10.86 10.01 12.68 NA 9.76 10.41 9.95 10.72 10.99
"Rod Smith" "RB" 2.63 2.65 3.24 3.77 3.57 3.44 3.26 NA 2.85 3.07 4.32 3.51 4.12 3.28 3.59 4.13 4.02
"Rod Streater" "WR" NA NA 0 0.61 0.47 0.53 0.62 0.52 0.67 0.61 NA 0.48 0.55 0.62 0.58 0.49 0.46
"Ronald Jones" "RB" 0 0 0 0.4 NA 4.02 2.84 3.34 2.65 3.89 3.78 3.59 3 4.03 2.45 3.56 4.3
"Roosevelt Nix" "RB" 0.86 0.92 0.98 1.01 1.16 1.13 NA 0.83 1.06 1.1 1.02 0.83 1.07 1.1 1.12 1 1.19
"Royce Freeman" "RB" 7.22 7.79 5.34 6.84 6.98 8.32 6.17 8.11 7.09 NA 6.55 8.19 7.77 7.19 5.12 7.16 7.08
"Russell Shepard" "WR" 1.13 1.55 2.52 2.17 1.82 1.58 1.79 1.46 NA 1.98 1.63 1.56 1.86 1.43 2.26 1.77 1.84
"Russell Wilson" "QB" 18.96 18.59 19.15 18.65 16.69 19.57 NA 19.02 16.19 15.63 19.58 15.38 18.44 16.14 17.42 20.6 16.24
"Ryan Fitzpatrick" "QB" 15.63 12.82 19.86 18.16 NA 1.29 1.24 1.15 1.14 1.26 1.23 1.23 1.22 1.28 1.05 1.2 1.38
"Ryan Grant" "WR" 4.4 4.93 5.08 5.2 5.85 5.04 4.37 5.35 NA 5.13 5.87 5.9 4.94 5.25 5.7 5.03 5.7
"Ryan Griffin" "TE" 4.34 3.31 1.55 2.16 2.05 1.65 1.64 1.97 1.86 NA 1.47 1.89 1.75 2.06 1.73 1.83 1.7
"Ryan Switzer" "WR" 0.71 0.9 0.93 1.6 4.08 4.03 NA 3.77 3.93 3.42 3.81 3.74 3.56 3.64 3.81 4.03 4.22
"Ryan Tannehill" "QB" 14.36 13.49 16.36 16.09 13.24 13 15.05 15.27 13.58 14.52 NA 15.96 13.13 15.56 14.13 11.73 12.41
"Sam Bradford" "QB" 13.44 12.29 12.44 0 0 0 0 0 NA 0 0 0 0 0 0 0 0
"Sam Darnold" "QB" 13.43 13.8 14.13 10.47 13.66 15.09 15 13.71 14.26 14.38 NA 15.34 14.29 13.59 17.17 15.22 14.44
"Samaje Perine" "RB" 0 0 0 NA 0.7 0.56 0.5 0.44 0.51 0.51 0.52 0.48 0.54 0.46 0.48 0.44 0.58
"Sammie Coates" "WR" 0.52 0 0 0.69 1.55 1.21 1.37 1.55 1.34 NA 1.23 0.44 0.44 0.5 0.41 0.38 0.4
"Sammy Watkins" "WR" 6.37 5.66 8.23 8.31 3.22 6.18 7.49 9.23 8.16 7.96 6.31 NA 6.7 7 8.02 8.84 6.92
"Saquon Barkley" "RB" 14.48 13.28 13.92 14.22 13.37 11.23 14.05 15.52 NA 13.67 14.51 10.44 12.61 14.42 14.61 13.44 14.09
"Scott Simonson" "TE" NA NA 0.46 1.14 1.25 0.58 0.68 0.73 NA 0.81 0.78 0.55 0.59 0.71 0.71 0.82 0.8
"Sean Mannion" "QB" 0.28 0.24 0.75 0.68 0.76 0.8 0.88 0.9 0.88 0.8 0.93 NA 0.88 0.72 0.72 0.72 0.93
"Senorise Perry" "RB" 1.17 1.13 1.01 0.76 0.67 0.54 0.57 0.46 0.53 0.66 NA 0.59 0.63 0.69 0.5 0.4 0.58
"Seth DeValve" "TE" 2.19 0 0 0 2.35 2.32 2.61 2.39 2.77 2.67 NA 2.31 2.51 2.27 2.17 2.41 2.25
"Seth Roberts" "WR" 2.75 2.42 0 3.01 2.88 3.45 NA 4.06 3.92 2.93 2.85 2.32 4.18 3.2 3.13 3.57 4.02
"Shane Smith" "RB" NA NA 0 NA NA NA NA NA NA NA NA NA NA NA NA NA NA
"Shaun Wilson" "RB" NA 0.66 2.12 0 NA 1.82 1.44 2.08 1.31 2.2 1.73 2.12 1.43 2.27 1.01 2.07 1.95
"Shelton Gibson" "WR" 0.34 0.3 1.05 0.55 0.25 0.28 0.32 0.27 NA 0.28 0.24 0.29 0.32 0.27 0.32 0.29 0.3
"Sony Michel" "RB" 0 5.03 7.34 6.94 12.22 12.95 10.28 10.38 11.58 10.31 NA 9.84 10.86 10.75 10.64 11.43 10.79
"Spencer Ware" "RB" 4.25 4.52 4.92 3.72 3.35 4.97 5.26 3.6 3.72 3.76 5.16 NA 5.5 3.03 4.41 3.5 5.94
"Stacy Coley" "WR" 0.31 0.35 0.15 0.19 0.22 0.07 0.07 0.07 NA 0.07 0.07 0.07 0.07 0.07 0.07 0.07 0.07
"Stefon Diggs" "WR" 10.69 9.65 10.95 10.86 10.38 9.86 8.89 11.21 11.42 NA 9.95 11.61 10 9.37 11.34 11.05 10.29
"Sterling Shepard" "WR" 5.62 6.96 6.04 7.3 6.86 6.44 6.91 6.84 NA 7.46 7.96 6.3 6.46 6.63 7.58 7.6 7.43
"Stevan Ridley" "RB" 0.58 0.62 0.39 1.43 1.25 1.17 NA 1.22 0.85 1.05 0.85 1.19 1.27 1.4 1.18 1.17 1.27
"T.J. Jones" "WR" 1.57 1.69 2.21 1.55 1.76 NA 1.59 1.59 1.57 1.5 1.66 1.54 2.02 1.53 1.51 1.63 1.72
"T.J. Logan" "RB" NA NA 0 0 0.52 0.4 0.47 0.55 NA 0.63 0.68 0.43 0.5 0.68 0.59 0.59 0.45
"T.J. Yeldon" "RB" 4.21 11.89 9.8 5.38 12.09 11.74 9.09 5.41 NA 6.5 6.69 6.05 6.97 6.2 7.69 6.75 7.07
"T.Y. Hilton" "WR" 9.75 9.78 9.97 11.74 5.44 10.59 11.75 11.7 NA 9.97 12.88 12.41 9.69 11.72 12.75 12.32 12.39
"Taiwan Jones" "RB" 0.28 0.29 1.99 0.51 0.23 0.22 0.25 0.25 0.21 0.23 NA 0.2 0.23 0.23 0.26 0.24 0.24
"Tajae Sharpe" "WR" 1.34 2.93 1.94 3.73 2.78 2.44 2.89 NA 3.59 3.32 3.65 4.24 2.87 2.39 2.98 2.78 3.79
"Tanner McEvoy" "WR" 0.41 0.41 0 0 NA NA NA NA NA NA NA NA NA NA NA NA NA
"Tarik Cohen" "RB" 4.53 6.11 5.07 3.33 NA 6.28 7.2 6.55 6.13 6.4 7.02 6 6.51 6.41 6.87 6.37 6.6
"Tavon Austin" "WR" 1.93 1.93 3.06 3.1 2.05 2.55 2.22 NA 2.21 2.76 2.03 2.3 2.26 2.92 1.98 2.1 2.22
"Taylor Gabriel" "WR" 3.2 2.56 2.2 3.31 NA 5.13 4.86 5.41 5.3 4.66 5.23 4.55 4.99 4.58 4.78 4.9 5.12
"Taylor Heinicke" "QB" 0 0 0 NA 0 0 0 0 0 0 0 0 0 0 0 0 0
"Taysom Hill" "QB" 0 0 0 0 2.2 NA 2.33 2.25 2.16 2.27 2.4 3.15 2.19 2.37 2.19 2.31 2.99
"Taywan Taylor" "WR" 5.31 1.76 2.67 5.15 6 5.9 5.05 NA 7.46 5.81 7.25 7.65 6.4 6.88 5.63 5.91 7.52
"Ted Ginn Jr." "WR" 6.73 6.84 6 6.36 5.92 NA 5.29 6.27 5.91 5.92 5.51 7.12 7.56 7.13 5.36 5.56 5.51
"Teddy Bridgewater" "QB" 0.53 0.59 0.5 0.38 0.61 NA 0.45 0.44 0.58 0.51 0.45 0.6 0.56 0.58 0.46 0.54 0.48
"Terrance Williams" "WR" 3.66 2.88 0.95 0 0.39 0.35 0.36 NA 0.3 0.32 0.29 0.36 0.24 0.32 0.28 0.4 0.33
"Terrelle Pryor Sr." "WR" 3.17 3.67 4.27 4.03 4.67 5.67 4.49 3.92 5.17 3.31 NA 4.35 6.39 3.31 6.11 5.32 4.26
"Tevin Coleman" "RB" 6.1 12.82 13.19 12.99 7.55 8.68 8.43 NA 6.77 6.63 8.8 8.64 6.57 8.57 6.8 6.22 8.96
"Theo Riddick" "RB" 5.59 5.78 8.2 6.85 7.14 NA 6.8 4.13 5.24 4.41 5.38 4.62 6.43 4.67 6.06 5.53 6.73
"Thomas Rawls" "RB" NA NA 0 0 0.67 0.52 0.53 0.56 NA 0.48 0.5 0.49 0.54 0.52 0.52 0.46 0.49
"Tim Patrick" "WR" NA 0.52 0.46 0.46 0.4 0.47 0.49 0.54 0.51 NA 0.5 0.53 0.4 0.4 0.43 0.49 0.52
"Tim White" "WR" NA NA NA 0.62 0.78 0.76 0.74 0.72 0.71 NA 0.65 0.71 0.73 0.71 0.75 0.78 0.8
"Todd Gurley II" "RB" 18.98 17.71 19.87 18.36 18.43 18.3 18.25 20.07 18.82 20.02 25.49 NA 20.71 18.51 20.18 18.4 19.78
"Tom Brady" "QB" 23.16 18.48 20.41 21.4 22.87 23.1 19.5 20.69 23.35 19.65 NA 19.87 21.11 21.59 20.78 21.92 21.09
"Tommy Bohanon" "RB" 0.35 0.44 0.4 0.3 0.51 0.47 0.42 0.33 NA 0.47 0.48 0.41 0.51 0.34 0.51 0.44 0.39
"Torrey Smith" "WR" 2.39 2.3 3.57 NA 4.01 2.93 2.99 3.76 3.67 3.6 3.52 3.37 3.51 3.97 4.17 3.49 4.02
"Travis Benjamin" "WR" 3.02 0 0 2.52 0 2.17 2.27 NA 2.33 2 2.22 2.17 1.98 1.99 1.92 2.63 2.15
"Travis Kelce" "TE" 9.21 8.43 10.17 10.75 10.91 9.42 10.64 10.59 10 10.37 10.17 NA 9.87 10.86 11.33 9.3 10.29
"Tre'Quan Smith" "WR" 2.95 3.1 2.33 2.34 2.19 NA 2.07 2.46 2.21 2.19 2.38 2.34 2.39 2.24 2.25 2.11 2.3
"Tre Madden" "RB" 0.42 0.39 0.83 1.25 0.64 0.93 NA 0.76 0.64 0.59 0.74 0.51 0.76 0.5 0.7 0.96 0.51
"Trent Taylor" "WR" 2.32 2.95 2.19 3.25 2.65 3.11 2.23 2.58 2.76 3.01 NA 3.22 2.8 2.92 2.89 2.59 2.18
"Trenton Cannon" "RB" NA 0.59 2.72 1.24 1.14 1.07 1.3 0.59 0.47 0.69 NA 0.55 0.53 0.66 0.48 0.52 0.53
"Trevor Davis" "WR" 0 0 0 0 NA NA NA NA NA NA NA NA NA NA NA NA NA
"Trevor Siemian" "QB" 0.97 0.91 0.99 0.78 0.71 0.82 0.89 1.1 1.12 NA 0.8 1.1 1.07 0.89 1.08 1.05 0.85
"Trey Burton" "TE" 6.76 6.49 5.6 5.06 NA 5.52 5.24 5.9 4.91 4.9 5.67 4.67 4.98 4.91 5.66 5.64 5.42
"Trey Quinn" "WR" NA NA 0 NA 0 0 0 0 0 0.81 0.75 0.69 0.56 0.81 0.55 0.59 0.59
"Ty Montgomery" "RB" 7.09 5.98 3.76 3.88 2.76 3.29 NA 3.14 3.22 3.4 2.47 2.69 2.76 3.15 2.52 2.64 2.91
"Tyler Boyd" "WR" 3.24 3.04 4.71 7.36 8.05 6.91 8.69 9.13 NA 7.35 8.25 7.73 7.96 6.35 8.53 7.42 6.69
"Tyler Conklin" "TE" NA 0.54 0.6 0.57 0.41 0.38 0.4 0.55 0.54 NA 0.38 0.55 0.57 0.44 0.6 0.51 0.38
"Tyler Eifert" "TE" 5.43 4.86 4.55 5.06 NA NA NA NA NA NA NA NA NA NA NA NA NA
"Tyler Ervin" "RB" 0.92 0.8 0.76 1.26 2.44 0.81 0.76 1.14 0.79 NA 1.08 0.86 0.79 1.19 0.7 0.72 0.81
"Tyler Higbee" "TE" 2.23 1.76 2.64 2.89 2.09 2.29 2.53 2.68 2.63 2.15 2.32 NA 2.28 1.98 2.12 2.39 2.65
"Tyler Kroft" "TE" 3.09 2.76 2.5 2.74 3.69 3.29 3.04 3.21 NA 3.39 2.9 3.18 2.83 3.02 2.93 3.04 3.23
"Tyler Lockett" "WR" 4.38 4.87 6.76 8.02 6.97 6.49 NA 6.03 6.12 6.78 6.62 7.07 6.8 6.6 6.61 6.22 7.12
"Tyreek Hill" "WR" 8.71 10.84 13.88 10.91 11.83 12.83 13.74 13.26 12.61 12.2 12.29 NA 14.33 11.41 13.53 12.43 14.86
"Tyrell Williams" "WR" 5.79 6.45 5.6 4.71 4.45 4.81 5.71 NA 4.85 4.31 5.24 4.97 4.23 4.67 4.02 3.97 5.05
"Tyrod Taylor" "QB" 12.79 16.4 16.8 0 1.09 1.16 1.07 1.12 1.14 1.14 NA 1.07 1.09 1.13 1.07 1.15 1.07
"Vance McDonald" "TE" 0 2.91 1.94 4.54 5.77 4.69 NA 4.35 3.66 4.2 3.44 4.07 4.32 5.08 5.09 4.59 4.91
"Vernon Davis" "TE" 2.06 2.29 2.57 NA 2.51 2.24 2.63 2.43 3.01 3.17 3.22 2.53 2.55 2.5 2.6 2.9 2.65
"Victor Bolden Jr." "WR" 0 0 0.62 0.73 1.16 0.61 0.57 0.54 0.56 0.52 NA 0.61 0.54 0.58 0.56 0.51 0.55
"Virgil Green" "TE" 2.7 2.41 2.91 3.59 3.32 3.18 3.2 NA 3.23 3.15 3.48 2.74 2.01 1.94 2.73 2.72 3.31
"Vyncint Smith" "WR" NA 0.53 0.54 0 1.76 1.54 1.78 1.56 1.66 NA 1.37 0.5 0.63 0.52 0.6 0.58 0.59
"Wayne Gallman" "RB" 2.1 2.69 1.88 1.67 1.86 1.95 1.58 1.79 NA 1.69 1.5 1.8 2.04 1.73 1.58 1.67 1.59
"Wendell Smallwood" "RB" 1.21 1.15 6.81 3.39 4.22 2.13 1.54 1.58 NA 2.05 1.9 2.28 2.15 1.93 1.91 1.95 1.99
"Will Dissly" "TE" NA 3.71 5.58 4.2 NA NA NA NA NA NA NA NA NA NA NA NA NA
"Will Fuller V" "WR" 0 7.23 7.16 9.48 8.69 7.89 7.73 9.55 8.17 NA 8.25 8.13 8.83 10.02 8.1 7.83 7.99
"Willie Snead" "WR" 3.06 3.53 4.85 4.08 5.41 4.78 4.05 3.97 3.95 NA 3.89 3.76 3.79 3.56 4.03 3.78 4.85
"Xavier Grimble" "TE" 0.37 0.26 0.41 0.24 0.29 0.22 NA 0.25 0.21 0.27 0.24 0.24 0.21 0.29 0.25 0.23 0.23
"Zach Ertz" "TE" 10.17 8.89 9.15 9.39 9.61 8.58 9.57 7.47 NA 9.47 8.86 8.85 8.13 9.17 8.18 11.21 7.94
"Zach Line" "RB" NA NA 0.63 0.62 0.86 NA 0.55 0.59 0.82 0.61 0.65 0.87 0.78 0.87 0.59 0.63 0.63
"Zach Pascal" "WR" NA 0.51 0.6 0.56 3.78 0.55 0.55 0.65 NA 0.62 0.52 0.61 0.6 0.56 0.68 0.72 0.51
"Zay Jones" "WR" 2.31 3.2 3.2 3.49 4.31 3.58 3.47 3.8 3.78 3.24 NA 3.97 4.39 3.34 3.8 3.68 4.54
"Greg Zuerlein" "K" 9.24 10.08 0 0 0 0 0 8.22 8.26 8.47 7.93 NA 7.2 7.49 7.84 7.2 8.42
"Caleb Sturgis" "K" 9.77 7.48 6.51 8.31 8.03 7.53 8.29 NA 6.71 8.6 6.89 7.17 7.59 8.05 8.69 6.89 6.51
"Matt Bryant" "K" 7.81 8.59 8.35 8.41 8.44 9.66 8.72 NA 8.56 7.48 8.82 8.48 7.76 8.14 7.86 7.66 9.13
"Wil Lutz" "K" 9.3 9.64 8.54 8.7 8.55 NA 6.4 7.62 8.17 8.1 6.98 9.03 8.39 8.81 6.96 7.53 7.41
"Robbie Gould" "K" 7.86 9.18 8.03 7.39 8.83 7.56 8.71 7.08 8.66 7.72 NA 7.97 6.8 7.27 7.19 7.59 8.23
"Mason Crosby" "K" 6.68 6.31 6.44 7.37 9.17 7.09 NA 5.88 6.43 7.07 6.04 7.1 6.55 7.64 5.93 6.4 7.51
"Justin Tucker" "K" 8.93 8.81 8.45 8.47 8.69 7.64 8.68 7.11 8.17 NA 8.22 8.66 8.62 9.09 9.04 7.56 7.66
"Josh Lambo" "K" 8.42 7.79 9.08 8.49 7.27 7.51 8.71 7.95 NA 7.27 6.34 6.49 7.68 6.77 7.61 7.32 8.22
"Stephen Gostkowski" "K" 8.37 7.72 8.74 8.44 8.64 8.88 7.71 7.93 9.02 6.88 NA 7.5 7.95 8.11 8.18 8.39 7.95
"Graham Gano" "K" 8.27 7.27 8.39 NA 8.83 7.47 6.16 5.64 8.72 7.54 8.5 6.86 8.25 7.03 8.85 8.35 8.38
"Brett Maher" "K" 6.36 6.95 6.37 7.01 6.54 7.02 7.49 NA 6.96 6.24 8.07 7.9 8.31 6.6 8.05 8.49 8.23
"Matt Prater" "K" 8.44 7.32 7.22 6.83 6.76 NA 5.98 5.98 6.47 5.28 5.64 5.58 7.17 5.4 5.15 6.83 6.48
"Harrison Butker" "K" 7.36 7.36 8.3 8.09 7.2 7.92 7.73 7.21 6.87 7.66 7.59 NA 7.16 7.32 8 7.09 7.56
"Cody Parkey" "K" 7.09 8.24 7.88 7.54 NA 6.94 8.1 7.35 7.06 8.04 7 7.63 7.32 7.71 7.88 7.04 6.66
"Randy Bullock" "K" 6.85 6.87 6.89 7.13 8.1 7.55 6.72 8.18 NA 7.05 5.99 7.08 7.06 7.11 7.46 6.7 7.13
"Jake Elliott" "K" 8.03 8.15 8.15 6.8 7.37 6.7 5.71 5.03 NA 7.33 6.81 7.1 7.38 6.93 6.61 7.51 6.95
"Chris Boswell" "K" 7.99 8.12 7.75 7.75 7.82 6.35 NA 6.28 5.79 5.93 5.79 5.73 6.19 7.67 7.6 7.13 6.72
"Sebastian Janikowski" "K" 6.1 6.62 6.71 7.4 6.21 8.09 NA 6.97 6.83 6.22 8.01 6.88 8 7.29 7.57 8.11 7.19
"Ryan Succop" "K" 7.41 6.92 6.21 6.6 6.93 6.67 7.37 NA 7.24 7.43 7.48 6.77 6.24 6.71 7.49 7.47 7.92
"Jason Myers" "K" 6.03 6.1 5.49 5.35 6.53 7.74 7.19 5.66 6.9 6.76 NA 7.89 6.79 6.38 7.64 7.81 7.46
"Chandler Catanzaro" "K" 6.59 6.38 7.58 6.92 NA 6.78 6.91 7.53 6.78 7.83 7.16 7.75 7.19 7.78 6.06 7.34 7.17
"Dustin Hopkins" "K" 5.9 6.75 5.49 NA 6.33 7.05 7.31 6.35 7.65 6.49 6.77 6.92 6.47 6.72 5.78 6.9 6.85
"Stephen Hauschka" "K" 6.43 6.97 6 6.71 6.67 6.95 6.59 7.45 6.14 6.15 NA 6.26 7.12 6.53 7.58 7.04 7.51
"Ka'imi Fairbairn" "K" 6.53 6.9 6.91 7.05 7.34 7.05 5.99 7.15 7.31 NA 6.25 7.57 7.31 7.21 6.84 6.28 6.34
"Brandon McManus" "K" 5.87 6.36 4.86 6.3 6.14 6.93 5.8 6.95 6.99 NA 7.02 6.63 7.07 6.4 5.76 7.36 7.44
"Dan Bailey" "K" NA NA 7.27 5.66 6.18 6.9 6.42 7.33 6.81 NA 7.02 6.91 6.53 6.63 7.21 6.44 7.44
"Sam Ficken" "K" NA NA 7.22 7.32 NA NA NA NA NA NA NA NA NA NA NA NA NA
"Daniel Carlson" "K" 7.31 NA NA NA NA NA NA NA NA NA NA NA NA NA NA NA NA
"Adam Vinatieri" "K" 7.04 6.7 6.2 7.29 6.58 6.57 6.69 7.07 NA 5.83 7.2 6.88 5.51 6.91 6.98 7.01 6.8
"Jason Sanders" "K" 6.69 6.62 7.01 6.38 6.05 6.2 7.03 7.19 6.44 6.56 NA 6.7 6.61 6.93 6.59 5.86 6.27
"Phil Dawson" "K" 7.09 5.88 6.57 6.68 5.52 5.58 5.53 6.76 NA 6.23 7.11 5.43 6.45 6.65 6.04 5.16 4.79
"Aldrick Rosas" "K" 5.21 5.66 5.14 6.2 5.77 5.49 5.78 5.57 NA 6.01 6.69 5.19 5.41 5.29 6.84 6.27 6.31
"Mike Nugent" "K" 6.33 5.91 6.63 0 NA NA NA NA NA NA NA NA NA NA NA NA NA
"Greg Joseph" "K" NA NA 6.16 6.4 5.93 6.55 5.49 5.82 5.89 5.69 NA 5.11 5.44 6.09 6.29 5.43 5.33
"Ravens D/ST" "D" 10.85 7 7.03 6.31 10.77 8.46 5.42 6.5 5.9 NA 7.24 6.48 4.85 4.66 6.54 5.39 15.72
"Jaguars D/ST" "D" 10.38 4.58 8.57 8.14 5.32 7.15 7.12 6.56 NA 8.56 6.68 13.86 8.56 8.14 6.92 8.7 7.12
"Vikings D/ST" "D" 9.58 8.15 12.54 4.68 6 8 5.98 2.9 6.72 NA 5.46 6.99 2.86 6.54 7.46 6.72 5.46
"Rams D/ST" "D" 8.08 11.98 6.96 7.82 7.42 8.22 7.66 7.79 4.12 7.26 4.01 NA 8.68 7.26 7.6 8.75 7.66
"Eagles D/ST" "D" 4.7 7.14 6.85 6.58 7.03 10.7 6.34 6.06 NA 6.22 4.14 10.7 7.52 6.22 3.3 7.62 7.52
"Seahawks D/ST" "D" 9.38 8.9 6.71 7.88 4.9 7.26 NA 7.28 3.44 3.93 8.45 4.04 8.82 4.14 8.82 3.82 8.36
"Redskins D/ST" "D" 9.03 8.24 6 NA 5.03 5.84 6.96 9.32 2.94 4.44 5.94 6.96 7.94 9.32 3.96 7.46 7.94
"Falcons D/ST" "D" 5.42 6.58 5.3 6.33 5.11 5.36 9.28 NA 3.56 8.04 4.44 3.58 7.09 5.42 7.96 4.06 5.36
"Broncos D/ST" "D" 5.31 8.74 6.04 4.68 6.35 3.04 8.06 3.46 5.92 NA 4.6 4.84 7.28 8.82 9.22 6.9 4.6
"Jets D/ST" "D" 8 8.34 6.93 5.75 7.06 7.32 3.66 5.84 8.18 9.17 NA 3.22 5.92 9.17 5.74 7.52 3.22
"Chargers D/ST" "D" 5.54 8.69 5.04 7.44 6.48 8.28 6.92 NA 9.1 6.66 8.84 8.14 6.5 7.54 2.94 8.18 8.84
"Bears D/ST" "D" 5.83 7.86 8.2 6.36 NA 7.34 3.04 7.56 9.06 6.3 5.57 6.3 7.54 2.94 6.6 7.98 5.57
"Texans D/ST" "D" 3.27 8.82 8.04 6.95 5.96 7.16 3.4 5.94 6.98 NA 5.02 4.28 7.33 6.32 5.24 5.22 3.4
"Saints D/ST" "D" 7.98 8.63 5.59 6.21 6.57 NA 6.46 3.9 1.94 6.07 6.13 2.9 6.28 3.88 5.14 5.22 5.14
"Bills D/ST" "D" 6.52 3.88 3.68 5.96 6.88 5.88 8.48 3.5 7.1 6.96 NA 6.08 7.3 6.96 8.59 3.5 7.3
"Lions D/ST" "D" 6.98 8.52 4.02 7.01 5.59 NA 7.36 5.98 4.99 5.62 3.2 5.62 0.62 7.79 8.11 4.99 4.92
"Cardinals D/ST" "D" 6.48 7 5.87 6.39 6.43 5.08 8.48 7.38 NA 3.12 5.94 5.22 6.57 5.83 5.14 2.88 7.16
"Packers D/ST" "D" 6.28 3.96 6.44 8.36 5.69 7.25 NA 2.32 2.42 5.98 6.81 4.56 6.66 2.86 6.74 7 5.17
"Browns D/ST" "D" 2.08 -0.14 7.2 6.7 5.78 3.02 4.7 4.52 3.46 3.76 NA 7.54 6.44 3.33 8.26 7.54 6.12
"Steelers D/ST" "D" 8.14 5.06 5.69 5.93 5.51 6.74 NA 7.8 8.22 4.3 4.74 7.44 3.78 6.26 2.58 2.82 6.74
"Giants D/ST" "D" 4.86 4.18 6.13 4.94 5.14 5.78 4.18 5.06 NA 6.52 6.07 5.78 4.76 5.06 5.74 8 6.02
"Panthers D/ST" "D" 4.7 4.68 7.31 NA 7.75 7.64 7.24 7.86 7.42 7.04 7.75 7.2 7.42 7.78 2.74 4.82 2.74
"49ers D/ST" "D" 2.82 4.11 4.67 4.82 7.83 5.59 2.3 7.84 4.66 7.2 NA 4.76 4.44 6.94 4.44 4.72 2.3
"Dolphins D/ST" "D" 5.2 6.9 6.6 4.79 5.4 5.8 6.37 4.62 7.74 5.07 NA 7.3 7.46 2.24 3.6 2.32 7.46
"Bengals D/ST" "D" 6.22 7.6 5.67 5.4 7.14 6.22 2.94 6.12 NA 3.58 6.84 7.61 7.5 3.94 6.8 7.61 6.22
"Titans D/ST" "D" 7.56 6.96 5.3 6.12 7.1 4.45 2.92 NA 5.28 2.7 7.06 3.89 7.1 2.86 7.58 3.72 7.06
"Patriots D/ST" "D" 7.54 5.47 6.94 6.74 7.05 3.08 6.04 7.19 6.91 6.34 NA 7.48 5.1 5.62 5.89 7.19 7.48
"Chiefs D/ST" "D" 5 2.96 7.51 6.89 6.23 -1.4 3.89 5.43 5.34 6.6 -1.6 NA 3.59 5.1 2.86 4.02 3.59
"Buccaneers D/ST" "D" 2.62 3.74 5.28 5.63 NA 2.78 7.38 3.8 3.06 3.14 5.66 5.04 3.06 2.36 3.68 2.74 2.78
"Colts D/ST" "D" 4.02 3.04 4.82 5.79 4.37 5.8 7.2 2.86 NA 3.1 5.66 6.41 3.1 4.02 5.46 7.36 5.66
"Raiders D/ST" "D" 2.08 7.3 6.29 6.82 4.73 4.58 NA 4.18 4.76 3.26 7 4.16 -2.26 3.4 4.8 4.72 -2.26
"Cowboys D/ST" "D" 6.06 7.15 6.77 6.69 5.46 2.92 4.06 NA 7.26 4.74 2.5 4.06 2.26 4.74 5.34 3.98 6.34
