"Player" "Pos" "X1" "X2" "X3" "X4" "X5" "X6" "X7" "X8" "X9" "X10" "X11" "X12" "X13" "X14" "X15" "X16" "X17"
"A.J. Derby" "TE" 1.73 1.73 2.65 0 0 0 0 0 0 1.98 NA 0 1.7 1.43 1.58 1.69 1.63
"A.J. Green" "WR" 12.65 10.69 11.96 9.6 11.17 11.93 12.36 13.24 NA 0 0 0 4.68 9.86 10.22 9.21 8.93
"A.J. McCarron" "QB" 0.54 0.5 0.63 0.61 0.57 0.58 NA 0.83 0.72 0.15 0.13 0.13 0.16 0.14 0.16 0.13 0.15
"Aaron Jones" "RB" 0 0 5.42 5.58 8.76 7.16 NA 5.88 8.77 11.3 12.08 11.57 15.6 14.9 9.29 13.28 14.48
"Aaron Rodgers" "QB" 22.36 19.52 20.7 22.61 21.59 21.89 NA 23.08 23.17 23.58 20.8 22.62 22.55 25.22 20.38 20.77 26.39
"Adam Humphries" "WR" 2.14 2.32 2.2 3.92 NA 3.72 3.57 2.62 4 3.88 4.75 4.99 5.97 5.06 3.5 4.78 5.6
"Adam Shaheen" "TE" 0 0 0 0 NA 0 0 0.5 0.51 0.57 0.53 0 0.45 0.58 0.49 0.49 0.45
"Adam Thielen" "WR" 11.05 10.03 11.35 9.78 12.27 13.17 14.47 15.43 14.51 NA 12.08 13.32 13.8 13.34 15.55 13.96 12.91
"Adrian Peterson" "RB" 3.71 9.35 9.32 NA 9.69 11.34 11.45 11.6 14.21 12.78 10.33 11.47 13.34 14.3 11.45 12.43 14.54
"Alan Cross" "TE" 0.67 0.57 0.54 0.49 NA 1.06 0.44 0.57 0.58 0.46 0.46 1.1 0.56 0.45 0.33 0.4 0.46
"Aldrick Robinson" "WR" NA NA 0.5 0.43 2.13 0.51 0.54 0.79 4.6 NA 1.13 3.26 0.84 0.75 0.95 0.91 0.62
"Alex Armah" "RB" 0.69 0.61 0.63 NA 0.59 0.39 0.3 0.69 1.16 1.03 0.99 1.11 1.02 0.73 0.98 1.2 0.9
"Alex Collins" "RB" 10.28 8.1 9.93 9.97 7.62 5.99 10.35 10.49 9.04 NA 10.35 0 3.56 6.83 7.74 5.5 4.5
"Alex Erickson" "WR" 0.47 0.5 0.79 0.82 1.26 1.07 1.48 0.9 NA 1.6 0.52 0.52 0.68 0.22 0.27 0.23 0.24
"Alex Tanney" "QB" 0 0 0 0 0 0 0 0 NA 0 0 0 0 0 0 0 0
"Alfred Blue" "RB" 3.38 2.71 4.54 4.98 8.86 6.58 5.31 4.67 4.71 NA 5.08 4.16 3.68 3.97 4.34 3.96 4.56
"Alfred Morris" "RB" 5.23 7.48 8.35 6.96 6.2 6.73 3.74 5.54 5 4.69 NA 0 1.17 1.03 1.26 0.95 1.3
"Allen Hurns" "WR" 4.5 4.92 4.66 4.73 4.9 4.48 3.64 NA 2.44 1.98 3.61 3.36 2.08 2.04 2.51 3.43 2.49
"Allen Robinson" "WR" 8.56 8.46 8.4 7.7 NA 8.03 7.2 0 0 7.2 8.36 9.17 8.41 9.17 8.49 9.75 9.38
"Alshon Jeffery" "WR" 0 0 0 3.85 9.19 9.03 10.67 10.99 NA 10.41 10.33 9.18 8.39 7.54 8.62 7.61 8.08
"Alvin Kamara" "RB" 19.29 18.49 16.06 17.7 17.45 NA 13.68 14.82 18.52 17.89 19.44 18.78 16.97 20.28 19.36 17.72 20.9
"Amari Cooper" "WR" 8.35 8.45 8.25 10.1 9.01 7.5 NA NA 6.57 7.02 8.72 8.67 9.76 8.08 9.73 11.07 9.06
"Ameer Abdullah" "RB" 0 0 1.71 0 2.31 NA 1.6 1.63 0 NA 0.39 0.37 0.24 0.26 0.37 0.36 0.33
"Andre Holmes" "WR" 0.97 0.44 0.45 0.53 0.39 2.02 2.46 2.73 1.05 1.78 NA 2.71 2.79 2.53 2.85 2.09 2.87
"Andre Roberts" "WR" NA NA 0.43 0.26 0.27 0.24 0.58 2.16 0.72 1 NA 0.97 0.11 0.23 0.28 0.27 0.26
"Andrew Luck" "QB" 18.05 15.88 14.26 18.38 16.92 15.45 18.69 21.61 NA 16.15 17.64 20.7 20.01 19.49 20.37 23.42 20.84
"Andy Dalton" "QB" 18.67 12.73 13.15 18.63 18.71 17.1 19.76 21.6 NA 21.16 14.42 12.92 NA NA NA NA NA
"Andy Janovich" "RB" 0.84 0.85 1.25 1.01 1.34 1.31 1.49 1.16 1.28 NA 1.05 1.23 1.31 1.55 1 1.55 1.09
"Andy Jones" "WR" 0.51 0.54 0.47 0.56 0.6 NA 0.68 0.7 0.58 0.57 0.75 1.21 0.14 0.14 0.14 0.13 0.12
"Anthony Firkser" "TE" NA NA NA NA NA NA 0.65 NA 0.78 0.88 0.88 0.87 0.97 0.82 0.96 0.82 1.03
"Anthony Miller" "WR" 5.15 4.07 3.4 0 NA 4.19 4.04 6.34 5.6 5.72 5.21 6.41 5.42 5.5 5.64 5.05 5.56
"Anthony Sherman" "RB" 0.41 0.56 0.6 0.63 0.5 0.47 0.45 0.44 0.44 0.53 0.42 NA 0.42 0.42 0.53 0.47 0.45
"Antonio Brown" "WR" 12.94 14.65 15.35 15.87 15.59 14.88 NA 14.53 12.15 13.91 12.81 12.69 13.2 13.13 13.74 14.12 14.15
"Antonio Callaway" "WR" 4.39 4.32 6.27 6.42 6.8 6.97 6.24 4.35 4.16 5.27 NA 4.78 5.17 7.73 4.88 6.09 6.1
"Antonio Gates" "TE" 3.05 2.44 2.54 3.09 3.78 2.57 2.46 NA 1.77 2.81 3 3.01 2.68 3.08 2.77 3.22 2.75
"Antony Auclair" "TE" 0.62 0.53 0.66 0.69 NA 1.05 0.45 0.37 0.29 0.21 0.31 0.64 0.29 0.31 0.33 0.38 0.28
"Auden Tate" "WR" NA NA NA NA NA NA NA NA NA NA -0.06 0.28 0.37 0.08 0.08 0.08 0.08
"Austin Carr" "WR" 4.3 4.06 2.13 2.18 1.24 NA 3.75 1.56 1.36 1.24 1.18 4.34 1.31 2.65 2.64 1.8 2.64
"Austin Ekeler" "RB" 5.93 5.43 5.26 6.53 7.42 6.56 12.89 NA 8.42 6.62 6.94 5.09 12.66 16.37 7.55 5.55 6.49
"Austin Hooper" "TE" 3.37 4.61 3.39 3.94 4.21 6.12 8.2 NA 6.82 4.49 6.09 6.95 4.44 6.47 5.09 7.24 6.58
"Baker Mayfield" "QB" 2.19 1.78 0.88 18.36 13.22 17.36 17.72 16.12 18.32 18.02 NA 17.2 17.81 19.63 16.12 19.39 17.24
"Ben Braunecker" "TE" 0.59 0.59 0.42 0.61 NA 0.48 0.32 0.3 0.17 0.15 0.44 0.49 0.35 0.4 0.37 0.41 0.34
"Ben Koyack" "TE" NA NA NA NA NA NA NA NA NA NA NA 1.42 2.21 1.92 1.65 1.85 1.56
"Ben Roethlisberger" "QB" 16.58 18.92 21.35 19.29 22.82 20.06 NA 19.65 17.14 20.97 20.69 20.6 19.55 20.82 21.65 21.75 20.81
"Benjamin Watson" "TE" 4.43 5.18 4.84 5.88 5.16 NA 4.51 5.02 5.08 5.54 5.27 5.24 2.75 2.87 2.85 2.87 2.99
"Bennie Fowler" "WR" NA 0 NA NA NA NA 1.99 0.84 NA 0.43 0.46 0.49 0.74 0.52 0.6 0.58 0.77
"Benny Cunningham" "RB" 1.06 1.03 1.2 0.52 NA 0.48 0.61 0.46 0.3 0.32 0.3 0.31 0.13 0.26 0.24 0.3 0.26
"Blaine Gabbert" "QB" 0.4 15.24 9.72 0 0.34 0.69 0.48 NA 0.51 0.53 0.39 0.61 0.77 0.71 0.72 0.69 0.79
"Blake Bell" "TE" NA NA NA NA NA NA 1.05 2.21 NA 2.65 1.69 1.63 1.68 1.45 1.53 1.6 1.17
"Blake Bortles" "QB" 14.58 16.97 17.51 16.2 19.98 18.66 17.1 14.78 NA 15.87 15.61 11.87 1.09 1.06 1.06 1.06 1
"Blake Jarwin" "TE" 4.51 3.15 1.56 1.74 1.59 1.25 1.24 NA 1.79 1.93 1.22 1.62 0.76 0.46 0.5 0.62 0.47
"Brandin Cooks" "WR" 8.64 9.77 9.96 10.84 12.13 10.51 12.47 12.4 12.71 12.59 11.84 NA 12.42 10.59 12.56 12.31 12.5
"Brandon Bolden" "RB" 0.54 0.52 0.52 0.43 0.58 0.37 0.61 0.52 0.44 0.57 NA 0.62 0.4 0.61 0.4 0.58 0.38
"Brandon Marshall" "WR" 4.59 6.41 5.46 4.19 3.08 3.69 NA 2.38 0 NA 0 0 0.39 0.41 0.42 0.45 0.44
"Brandon Powell" "WR" NA NA NA NA NA NA NA NA 2.19 0.57 0 0 0.17 0.24 0.25 0.2 0.17
"Brandon Weeden" "QB" 0.77 0.73 0.94 0.82 0.88 0.8 0.73 0.77 0.68 NA 0.69 0.72 0.61 0.67 0.67 0.68 0.79
"Brandon Zylstra" "WR" NA NA NA NA NA 0.52 0.59 0.81 0.62 NA 1.21 0.61 0.6 0.59 0.62 0.62 0.59
"Breshad Perriman" "WR" NA NA 0 NA NA 0 1.07 0.55 0.41 3.97 NA 2.01 1.02 2.14 1.46 1.98 1.24
"Brett Hundley" "QB" 0.64 0.62 1.01 0.88 1.04 1.1 NA 0.91 0.61 0.64 0.69 0.65 0.67 0.57 0.63 0.65 0.69
"Brian Hill" "RB" NA 0.51 1.51 0.94 0 0 0 NA 0 0.43 0.43 0.62 0.47 0.59 0.55 0.69 0.68
"Brian Hoyer" "QB" 0.78 0.58 0.73 0.99 0.99 0.98 0.67 0.69 0.65 0.62 NA 0.36 0.33 0.36 0.34 0.35 0.43
"Brian Parker" "TE" NA NA NA NA 0.45 0.4 0.37 0.33 0.14 NA 0.13 0.09 0.11 0.11 0.08 0.11 0.11
"Brian Quick" "WR" NA 0.81 0.77 NA 0.67 1.73 3.41 0 0 0.35 0.35 0.41 0.33 0.16 0.16 0.16 0.16
"Brice Butler" "WR" NA NA NA 0.81 0.87 0 1.91 NA NA NA NA -0.06 -0.03 -0.03 -0.03 -0.03 -0.03
"Brock Osweiler" "QB" 0 0 0 0 0 11.9 14.25 14.66 14.29 14.08 NA 0.82 0.71 0.76 0.7 0.78 0.67
"Bruce Ellington" "WR" 3.18 2.71 3.1 0 0 0 0 0 0 NA 3.17 5.78 4.51 4.66 4.98 5.45 5.16
"Buddy Howell" "RB" NA NA NA 1.39 1.62 0.41 0.34 0.72 0.53 NA 0.76 1.08 0.81 0.69 0.57 0.63 0.53
"Byron Marshall" "WR" 0 0 0 NA 0 0 NA NA NA NA 0.52 -0.03 0 0 -0.01 -0.01 0
"C.J. Beathard" "QB" 0.67 0.9 0.86 14.05 12.92 14.14 15.46 11.84 0.81 0.92 NA 0.84 0.68 0.67 0.72 0.42 0.74
"C.J. Ham" "RB" 0.53 0.6 0.55 0.48 0.45 0.41 0.61 0.62 0.4 NA 0.2 0.17 0.28 0.27 0.32 0.3 0.22
"C.J. Prosise" "RB" 1.61 2.16 0 0 0 0 NA 0.34 0 0.2 0 0 0.42 0.36 0.41 0.37 0.32
"C.J. Uzomah" "TE" 0.5 0.33 0.36 0.56 3.49 4.03 5.74 5.35 NA 5.3 5.44 3.65 3.7 3.41 4.67 3.92 3.57
"Calvin Ridley" "WR" 4.15 4.23 3.09 6.83 7.75 8.17 6.86 NA 7.99 7.59 8.52 7.8 6.92 7.16 7.33 8.26 8.4
"Cam Newton" "QB" 19.87 18.22 20.18 NA 23.25 20.43 18.19 19.66 25.72 21.17 23.76 22.22 25.79 17.65 24.19 26.84 22.52
"Cameron Artis-Payne" "RB" 0 2 1.25 NA 0 0 0 0 0 0 1.53 0.71 0.21 0.16 0.19 0.17 0.18
"Cameron Batson" "WR" NA NA NA NA NA NA 0.6 NA 0.26 0.4 3.58 2.93 2.99 1.69 1.55 1.79 1.55
"Cameron Brate" "TE" 4.81 2.42 2.43 3.89 NA 4.41 3.62 3.64 2.12 3.27 2.44 5.32 5.86 6.26 5.63 5.63 4.56
"Carlos Hyde" "RB" 8.59 10.03 11.24 11.7 10.39 12.06 0 8.16 NA 2.46 1.35 1.59 9.08 5.74 5.1 5.28 3.66
"Carson Wentz" "QB" 0 0 19.52 19.86 19.39 17.73 18 15.23 NA 19.58 19.64 19.3 17.14 16.71 16.19 17.06 16.13
"Case Keenum" "QB" 12.53 17.08 12.85 17.84 15.61 16.86 16.94 19.49 18.34 NA 16.75 16.19 17.98 19.7 14.2 20.28 19.07
"Chad Beebe" "WR" NA NA NA NA NA NA NA NA NA NA 1.76 0 0.81 0.74 0.91 0.9 0.92
"Chad Henne" "QB" 0.46 0.54 0.58 0.35 0.47 0.42 0.49 0.72 0.55 0.65 0.63 NA 0.58 0.56 0.7 0.68 0.61
"Charles Clay" "TE" 4.25 4.32 4.02 4.18 4.51 4.77 4.37 4.35 2.96 0 NA 0 1.28 2.61 2.89 2.38 2.68
"Charone Peake" "WR" 0.6 0.67 0.73 0 0 0 1.39 0.84 2.35 0.92 NA 1.01 0.52 0.32 0.36 0.53 0.42
"Chase Daniel" "QB" 0.75 0.76 0.79 0.91 NA 0.77 0.81 0.68 0.6 0.67 0.58 14.79 7.37 0.48 0.44 0.44 0.37
"Chase Edmonds" "RB" 4.47 3.93 4.04 3.81 4.03 1.22 1.13 1.28 NA 0.61 0.7 1.03 2.13 2.06 2.61 2.37 2.39
"Chester Rogers" "WR" 3.47 2.78 2.6 2.78 6.73 7.4 7.35 7.08 NA 4 3.01 2.71 2.94 2.84 3.07 3.09 2.7
"Chris Carson" "RB" 7.79 7.98 6 0 7.35 11.48 NA 10.02 11.73 0 10.42 11.13 11.51 9.08 10.95 13.45 12.11
"Chris Conley" "WR" 2.15 2.51 3.21 3.54 4.03 2.15 2.3 2.03 2.58 3.5 2.56 NA 2.67 1.84 2.4 2.2 2.78
"Chris Godwin" "WR" 4.36 5.11 4.49 5.58 NA 6.1 6.08 6.59 5.94 5.51 6.55 6.15 6.65 6.56 7.09 4.98 8.65
"Chris Herndon" "TE" NA NA 2.91 0.95 0.93 1.12 2.78 3.07 4.21 2.29 NA 4.01 5.9 4.75 4.78 5.82 4.76
"Chris Hogan" "WR" 10.52 9.55 8.48 5.93 4.64 4.85 5 4.2 6.04 3.71 NA 2.97 3.5 3.31 2.84 3.62 3.49
"Chris Ivory" "RB" 4.03 4.69 6.79 5.6 5.61 4.79 4.77 5.29 4.05 0 NA 4.05 4.16 4.09 4.19 3.73 4.5
"Chris Manhertz" "TE" 0.37 0.39 2.96 NA 1.25 0.52 0.15 0.14 0.16 0.15 0.19 0.08 0 0 0 0 0
"Chris Moore" "WR" 0.29 0.39 0.49 0.45 0.66 0.5 0.43 0.49 0.32 NA 0.42 0.36 0.41 0.42 0.46 0.37 0.41
"Chris Thompson" "RB" 6.44 9.95 8.98 NA 8.8 0 0 6.68 0 0 0 0 3.27 6.39 5.84 6.77 7.14
"Christian Kirk" "WR" 3.94 4.56 4.59 3.99 5.75 5.28 7.17 6.22 NA 6.63 6.2 6.45 6.53 6.71 6.83 5.93 5.59
"Christian McCaffrey" "RB" 14.11 12.35 13.11 NA 15.54 14.75 13.01 13.5 15.65 14.3 18.55 17.66 18.9 14.2 18.54 21.6 17.15
"Cody Core" "WR" 0 0 0.39 0.58 1.51 1.35 0.07 0.75 NA 1.39 2.41 2.37 0.63 0.19 0.2 0.21 0.21
"Cody Kessler" "QB" 0.46 0.59 0.55 0.54 0.88 0.79 0.8 0.38 NA 0.22 0.24 0.25 15.18 13.16 12.45 13.22 11.87
"Cole Beasley" "WR" 2.6 4.49 4.38 4.44 4.5 4.5 5.8 NA 5.84 4.29 5.19 4.24 5.04 4.02 5.07 4.94 4.78
"Colt McCoy" "QB" 0.68 0.78 0.83 NA 0.82 0.82 0.81 0.72 0.68 0.66 0.7 13.81 13.94 15.25 14.03 14.21 13.86
"Cooper Rush" "QB" 0.68 0.73 0.65 0.82 0.79 0.79 0.66 NA 0.71 0.7 0.69 0.72 0.81 0.75 0.68 0.7 0.7
"Cordarrelle Patterson" "WR" 1.95 1.36 0.91 0.31 1.97 2.85 3.34 3.34 5.08 4.87 NA 1.85 1.75 1.97 1.6 1.78 1.87
"Corey Clement" "RB" 4.8 5.73 10.4 0 2.04 9.33 9.29 6.67 NA 4.71 4.14 4.2 4.18 4.07 4.25 4.11 3.88
"Corey Coleman" "WR" NA 0 NA NA NA NA NA 1.87 NA 2.82 1.9 2.48 1.32 1.73 2.05 1.83 1.49
"Corey Davis" "WR" 7.61 8.25 8.03 8.35 9.16 8.49 6.97 NA 6.25 7.64 10.42 8.49 8.48 8.83 8.1 9.11 8.5
"Courtland Sutton" "WR" 3.08 4.48 2.41 4.06 4.99 4.7 4.69 3.73 7.26 NA 5.84 5.66 5.82 6.95 3.9 6.91 4.88
"Curtis Samuel" "WR" 0 0 0 NA 1.68 2.52 0.94 2.99 5.35 5.14 4.28 5.56 4.82 3.39 3.74 3.15 3.61
"D'Onta Foreman" "RB" 0 0 0 0 0 0 0 0 0 NA 0 1.45 0.54 1.52 1.25 1.38 1.18
"D.J. Chark" "WR" 1.58 1.44 0.62 0.56 0.61 1.52 1.28 0.84 NA 1.42 1.28 0 1.17 1.29 1.23 1.11 1.48
"DaeSean Hamilton" "WR" NA NA NA 0.55 0.57 0.65 0.57 0 0 NA 0.35 0.14 0.16 0.29 0.46 0.29 0.41
"Dak Prescott" "QB" 15.04 15.59 13.81 17.43 17.57 14.58 17.95 NA 18.59 15.86 18.53 17.81 18.63 17.93 17.37 19.8 16.83
"Dallas Goedert" "TE" 2.47 3.02 3.15 3.45 2.64 2.93 2.77 1.8 NA 2.41 2.59 2.54 2.42 2.47 2.12 2.64 2.32
"Dalton Schultz" "TE" NA NA NA NA NA NA NA NA 0.47 0.5 0.37 0.78 0.44 0.26 0.25 0.27 0.32
"Dalvin Cook" "RB" 13.38 12.7 0 8.07 0 0 0 0 4.12 NA 10.25 11.52 10.93 9.69 14 12.54 8.32
"Damien Williams" "RB" 0.33 0.4 0.35 0.32 0.27 0.28 0.37 0.34 0.28 0.27 0.27 NA 0.3 0.27 0.25 0.21 0.31
"Damiere Byrd" "WR" 0.61 0 0 NA 1.2 0 0.67 0.84 0.39 0.51 0.46 0.46 0 0 0 0 0
"Damion Ratley" "WR" NA NA NA NA NA NA 4.01 2.9 2.35 0.89 NA 0.33 0.41 0.38 0.46 0.38 0.44
"Dan Arnold" "TE" NA NA NA NA NA NA NA 0.4 0.6 0.46 0.49 0.59 1.7 2.93 2.79 1.66 2.92
"Daniel Brown" "TE" 0 0.58 0.49 0.63 NA 0.49 0.61 0.51 0.51 0.57 0.53 0.5 0.45 0.58 0.49 0.49 0.45
"Danny Amendola" "WR" 5.16 4.27 4.64 5.39 4.95 4.26 5.12 6 5.16 4.41 NA 5.57 4.24 3.52 3.94 3.76 4.34
"Dante Pettis" "WR" NA 5.99 4.74 2.39 0 0 0 3.39 3.07 4.06 NA 4.77 2.97 3.11 2.97 1.74 3.19
"Dare Ogunbowale" "RB" NA NA NA NA NA NA NA NA NA NA NA 1.18 1.2 0.63 0.35 0.35 0.77
"Darius Jennings" "WR" 0.65 0.7 0.45 0.48 0.5 0.45 0.41 NA 0.19 0.48 0.83 0.85 0.83 0.44 0.34 0.44 0.38
"Darrell Daniels" "TE" 0.27 0.21 2.87 0 NA 2.42 NA 0.82 0.61 0.5 0.46 0.46 0.37 0.25 0.35 0.37 0.35
"Darren Fells" "TE" 1.48 1.33 2.14 2.99 2.29 3.17 2.55 2.01 2.69 2.78 NA 2.38 2.34 2.99 2.09 2.85 2.2
"Darren Sproles" "RB" 3.72 0 0 0 0 0 0 0 NA 0 0 0 1.77 3.05 3.25 3.22 3.3
"Darrius Heyward-Bey" "WR" 1.62 1.51 0.77 2.12 0 0 NA 0.36 0.59 0.76 0.22 0.18 0.15 0.15 0.16 0.16 0.15
"Davante Adams" "WR" 9.99 9.71 11.35 11.85 13.1 12.33 NA 12.43 10.76 13.99 11.46 12.6 11.58 14.62 10.81 12.45 14.31
"David Fales" "QB" 0 0 0 0 0 0 0 0 0 0 NA 0 0 0 0 0 0
"David Fluellen" "RB" 0.97 0.91 0 0 1.01 1.39 1.55 NA 0.19 0.27 0 0 0.22 0.22 0.2 0.22 0.22
"David Johnson" "RB" 18.44 14.9 11.35 10.72 14.08 10.57 10.87 12.74 NA 12.77 14.75 13.97 12.23 13.94 13.12 14.84 13.51
"David Moore" "WR" NA 0.63 1.67 1.31 0.48 3.76 NA 3.3 2.65 4.04 3.19 3.04 5.73 4.27 5.44 4.74 5.07
"David Morgan" "TE" 1.36 1.27 0 1.77 1.74 1.53 1.55 1.47 1.24 NA 0 0 1.26 1.4 0.95 1.08 1.25
"David Njoku" "TE" 4.12 5.14 4.43 5.89 5.83 6.44 7.19 7.31 7.54 7.31 NA 5.74 6.71 6.7 6.14 6.62 6.44
"David Williams" "RB" NA NA NA NA NA NA NA 0.57 NA 0 0 0 0.26 0.09 0.1 0.09 0.08
"De'Lance Turner" "RB" NA NA NA NA 0.94 1.37 1.4 1.19 0.87 NA 0.6 0.44 0.64 0.43 0.44 0.34 0.48
"DeAndre Carter" "WR" NA 0.81 0 0.76 0.78 0.66 0.43 0.32 NA 0 0.43 0.18 0.7 0.4 0.39 0.39 0.37
"DeAndre Hopkins" "WR" 14.98 12.4 13.01 14.53 15.31 14.46 11.41 15.01 12.6 NA 12.56 13.3 12.86 14.29 12.75 12.46 13.76
"DeAndre Washington" "RB" 0 0 0 0 0 0 NA 1.06 0.1 0.48 0.38 2.58 0.96 1.2 1.01 1.16 0.91
"Dede Westbrook" "WR" 4.79 4.34 4.82 4.5 6.16 6.09 6.42 5.6 NA 6.45 4.77 4.22 6.67 6.02 4.64 5.91 5.14
"Demarcus Robinson" "WR" 0.47 0.39 0.38 0.39 1.03 0.29 0.29 0.54 0.75 1.7 0.39 NA 0.37 0.4 0.36 0.41 0.38
"Demaryius Thomas" "WR" 8.73 9.74 8.51 8.78 7.92 8.7 7.66 9.38 8.28 NA 5.62 5.61 5.33 6.16 5.32 5.1 5.54
"Demetrius Harris" "TE" 0 1.86 2.97 1.95 2.81 1.97 2.23 3.79 3.25 3.29 3.01 NA 2.71 2.59 2.72 2.52 2.89
"Deontay Burnett" "WR" NA NA NA NA NA NA NA 0.98 0.55 0 NA 0 0.36 0.48 0.46 0.37 0.3
"Deonte Thompson" "WR" 1.87 2.28 3.68 3.49 3.36 2.71 1.07 NA 0.99 0 NA 0.43 0.27 0.3 0.3 0.34 0.27
"Derek Anderson" "QB" NA NA NA NA NA 0 14.11 8.79 0 0 NA 0 0.12 0.28 0.25 0.27 0.25
"Derek Carr" "QB" 14.26 11.98 13.33 15.92 14.83 15.77 NA 15.57 16.38 17.31 13.44 11.99 15.78 14.26 14.54 13.95 14.88
"Derek Carrier" "TE" 1.01 1.18 1.37 1.6 1.24 1.09 NA 0.81 0.95 0.94 0.39 0.46 0.49 0.49 0.45 0.49 0.47
"Derek Watt" "RB" 0.75 0.72 0.74 0.91 1.04 0.56 1.94 NA 0.35 0.42 0.23 0.23 0.16 0.23 0.21 0.17 0.17
"Derrick Coleman" "RB" NA 0.28 0.18 0.24 0.2 0.2 0.23 0.21 NA 0.24 0.22 0.24 0.16 0.17 0.18 0.16 0.17
"Derrick Henry" "RB" 9.4 9.16 8.99 8.74 10.03 7.21 7.6 NA 5.89 5.65 6.23 5.2 6.24 6.26 5.84 6.61 6.28
"DeSean Jackson" "WR" 5.87 6.54 6.97 6.04 NA 7.25 6.61 6.64 7.53 6.05 7.6 7.72 3.75 7.61 8 6.88 7.13
"Deshaun Watson" "QB" 19.16 18.95 19.66 22.18 23.21 20.62 18.15 21.47 19.24 NA 18.54 19.86 18.83 21.33 19.19 18.56 18.65
"DeShone Kizer" "QB" 0.98 1.39 0.77 0.96 0.72 0.6 NA 0.15 0.17 0.2 0.15 0.15 0.19 0.2 0.15 0.18 0.2
"Detrez Newsome" "RB" NA NA 0.49 NA NA NA 1.17 NA 0 0.12 0 0.07 0.8 0.65 0.61 0.52 0.57
"DeVante Parker" "WR" 0 0 5.34 0 0 3.97 0 4.72 5.15 6.31 NA 3.95 4.64 4.47 4.05 4.69 4.75
"Devin Funchess" "WR" 7.9 7.73 8.26 NA 9.53 7.95 7.44 8.4 9.23 8.73 8.34 0 3.66 6.15 7.23 7.4 6.97
"Devontae Booker" "RB" 5.35 5.6 1.92 2.25 1.58 3.08 2.88 4.87 5.59 NA 1.89 1.4 1.51 1.47 1.37 1.66 1.67
"Dion Lewis" "RB" 6.85 8.04 8.89 8.45 8.28 8.42 7.42 NA 6.12 9.72 10.05 8.02 9 7.67 8.86 7.03 9.82
"Dion Sims" "TE" 2.15 2.48 1.06 2.06 NA 1.29 1.05 1.03 0.27 0 0 0.37 0.35 0.32 0.33 0.36 0.21
"DJ Moore" "WR" 5.19 4.31 3.41 NA 3.25 5.88 4.94 4.24 7.5 6.39 5.25 8.52 6.68 6.78 6.98 7.19 6.85
"Donte Moncrief" "WR" 4.45 4.17 6.04 5.71 5.69 6.78 5.55 5.52 NA 6.11 5.86 5.25 5.78 5.85 5.32 5.93 4.74
"Dontrell Hilliard" "RB" NA NA NA NA NA NA 0.58 0.58 0.33 0.23 NA 0.22 0.24 0.25 0.19 0.24 0.23
"Dontrelle Inman" "WR" NA NA NA NA NA NA 0.94 1.46 NA 2.05 2.94 3.89 3.8 4.34 4.5 4.69 4.55
"Doug Baldwin" "WR" 9.27 0 0 7.83 9.06 9.08 NA 7.45 7.96 8.07 7.32 8.24 7.81 8.03 7.48 6.11 8.53
"Doug Martin" "RB" 4.94 3.81 5.43 4.49 4.94 3.26 NA 6.55 7.26 8.17 7.77 7.18 10.1 8.36 10.66 7.98 10.52
"Drew Brees" "QB" 24.06 23.92 19.97 22.68 21.26 NA 19.45 22.63 23.12 22.13 21.6 25.66 23.25 25.29 24.83 23.83 26.55
"Drew Stanton" "QB" 0 0 0 0.96 0 0 0 0 0 0 NA 0 0 0 0 0 0
"Duke Johnson Jr." "RB" 7.5 6.42 4.67 6.12 4.55 4.83 8.44 5.21 6.04 6.84 NA 6.44 4.96 6.05 4.78 6.38 4.13
"Durham Smythe" "TE" NA NA NA NA 0.49 0.48 0.48 0.3 0.18 0 NA 0.15 0.28 0.27 0.26 0.27 0.26
"Dwayne Allen" "TE" 1.99 0.72 1.19 1.49 1.17 0.79 0.83 0.52 1.36 1.81 NA 0 0.33 0.71 0.84 0.87 0.98
"Dwayne Harris" "WR" 0.62 0 0.65 0.4 0.38 0.44 NA 0.38 0.14 0.32 0.13 0.15 0.12 0.08 0.06 0.07 0.07
"Dwayne Washington" "RB" NA NA NA 1.2 0.36 NA 0.23 0.18 0.09 0.09 0.5 0.28 0.19 0.17 0.18 0.22 0.2
"Ed Dickson" "TE" 0 0 0 0 0 0 NA 1.7 3.03 2.91 2.64 2.9 2.95 2.37 2.78 2.42 2.3
"Eli Manning" "QB" 10.9 15.42 15.64 18.07 13.7 14.69 18.5 16.16 NA 16.04 17.77 15.77 16.63 15.39 19.27 18.88 18.27
"Eli Rogers" "WR" 0 0 0 0 0 0.5 NA 0.52 0.59 0.76 0.63 0.72 0.77 0.86 0.73 0.71 0.83
"Elijah McGuire" "RB" 0 0 0 0 0 0 0 1.99 4.65 6.1 NA 5.86 6.6 5.63 5.79 7.3 6.48
"Elijhaa Penny" "RB" NA NA 0.55 0.7 0.66 0.42 0.62 0.29 NA 0.3 2.06 0.32 0.32 0.3 0.32 0.29 0.33
"Emmanuel Sanders" "WR" 8.17 8.89 8.67 9.93 8.33 8.59 8.29 9.98 11.21 NA 8.71 8.51 8.59 9.67 7.52 9.37 7.83
"Equanimeous St. Brown" "WR" NA NA NA NA NA 4.34 NA 3.22 2.65 7.45 3.89 3.2 0.91 2.37 2.05 1.97 1.87
"Eric Ebron" "TE" 3.51 4.24 6.21 5.46 6.17 7.82 7.56 8.54 NA 5.08 7.59 6.75 8.6 8.31 9.6 9.53 9.26
"Eric Saubert" "TE" 0.97 1 2.17 1.91 1.81 1.81 1.27 NA 0.5 0.6 0.78 0.6 0.33 0.59 0.59 0.65 0.76
"Eric Tomlinson" "TE" 0.5 1.12 1.81 1.38 2.32 2.27 1.94 1.37 1.43 1.34 NA 0.86 1.01 1.21 1.23 0.9 0.8
"Erik Swoope" "TE" 0.58 0 1.91 0 1.71 1.57 1.78 0 NA 0 0 0 0.95 0.78 0.88 0.93 0.85
"Evan Engram" "TE" 6.06 6.56 7.25 0 0 0 6.33 7.09 NA 6.38 6.83 6 2.8 4.44 6.34 7.13 5.05
"Ezekiel Elliott" "RB" 14.51 16.97 17.57 17.93 17.41 16.29 17.84 NA 16.1 14.88 19.98 17.24 17.62 20.28 16.55 18.56 15.96
"Frank Gore" "RB" 5.11 5.6 7.18 7.04 6.27 7.1 7.79 6.59 5.42 8.57 NA 8.74 8.44 7.97 7.47 8.29 7.7
"Garrett Celek" "TE" 1.77 2.57 1.97 4 2.14 3.39 2.58 1.53 2.88 2.2 NA 2.42 1.46 1.74 1.51 1.33 2.22
"Geno Smith" "QB" 0.29 0.28 0.57 0.81 1.04 0.69 0.37 NA 0.42 0.35 0.14 0.2 0.23 0.28 0.25 0.27 0.23
"Geoff Swaim" "TE" 1.36 1.73 2.67 3.88 3.41 3.13 1.87 NA 0 0.9 1.07 0 0.77 1.86 1.64 1.57 1.92
"George Kittle" "TE" 3.68 7.23 6.78 5.18 6.15 7.14 8.49 7.56 10.12 8.49 NA 9.69 8.05 7.26 8.43 8.3 7.77
"Gerald Everett" "TE" 2.23 2.04 2.25 1.72 1.35 1.75 2.33 1.39 1.68 1.95 2.55 NA 3.3 3.4 3.56 3.41 3.53
"Geremy Davis" "WR" 0 0.5 0.58 0.85 1.88 1.27 1.75 NA 0.62 0 0.65 0.66 -0.03 -0.03 -0.03 -0.03 -0.03
"Giovani Bernard" "RB" 6.72 4.83 9.99 11.66 0 0 0 0 NA 3.54 4.61 4.38 4.9 5.5 4.97 4.85 4.55
"Golden Tate" "WR" 9.82 9.36 10.87 10.5 11.58 NA 10.08 8.2 NA 9.02 7.67 6.84 7.24 7.34 4.93 7.18 6.97
"Greg Olsen" "TE" 9.51 0 0 NA 0 6.17 6.93 5.45 7.36 8.71 9.08 7.77 8.77 7.96 9.81 8.95 9.27
"Gus Edwards" "RB" NA NA NA NA NA NA 1.38 2.16 1.15 NA 0.62 9.46 8.69 9.23 9.33 8.67 7.66
"Hayden Hurst" "TE" 0 0 0 0 4.7 2.75 1.55 1.03 2.88 NA 1.76 1.5 2.13 2.11 2.15 2.12 1.44
"Ian Thomas" "TE" NA 3.15 3.78 NA 3.93 1.92 1.78 1.04 1.07 1.04 0.97 0.86 0.9 0.79 0.77 1.02 0.74
"Isaiah Crowell" "RB" 7.22 7.42 7.48 6.14 6.33 7.7 7.3 8.21 7.57 7.71 NA 7.45 6.93 8.31 7.07 6.81 6.18
"Isaiah McKenzie" "WR" NA NA NA NA NA NA NA NA NA 0.54 NA 0.24 0.47 0.42 0.52 0.41 0.47
"Ito Smith" "RB" NA 1.54 5.15 3.58 2.88 6.27 6.72 NA 5.79 6.51 6.56 5.91 4.72 5.79 5.72 6.05 6.31
"J'Mon Moore" "WR" 0 0 0 0.79 4.92 3.05 NA 0 0.18 1.48 0.18 0.43 0.43 0.18 0.18 0.18 0.18
"J.D. McKissic" "RB" 0 0 0 0 0 0 NA 0 0 0 0 0 0.35 0.48 0.68 0.67 0.56
"J.J. Nelson" "WR" 4.46 1.75 1.56 0.33 0.34 0.35 0.39 0.37 NA 0.08 0.07 0.11 0.08 0.08 0.07 0.08 0.08
"Jack Doyle" "TE" 5.89 5.12 0 0 0 0 0 4.08 NA 6.72 6.49 6.75 NA NA NA NA NA
"Jacob Hollister" "TE" 0 0.26 0 0 1.35 0.55 0 0 0 0.49 NA 1 1.02 0.54 0.49 0.52 0.56
"Jacoby Brissett" "QB" 1.88 1.36 0.57 1.06 0.87 0.71 0.61 0.58 NA 0.26 0.16 0.19 0.3 0.34 0.36 0.34 0.33
"Jacquizz Rodgers" "RB" 1.55 1.62 4.73 3.2 NA 2.66 0.99 0.63 0.7 0.53 2.7 1.83 1.46 1.13 1.45 1.23 1.23
"Jalen Richard" "RB" 1.95 1.13 1.81 3.77 5.56 5.25 NA 7.19 7.31 6.15 4.08 3.58 5.98 4.21 5.31 4.18 5.73
"Jamaal Williams" "RB" 10.8 10 7.68 6.85 6.53 6.25 NA 5.58 3.94 5.02 3.54 2.48 3.04 4.99 2.72 3.42 5.02
"Jameis Winston" "QB" 0 0 0 0.72 NA 20.24 17.74 21.95 1.31 1.18 0.97 19.01 20.49 19.29 15.3 17.49 22.01
"James Conner" "RB" 13.01 13.69 13.02 11.91 13.33 12.96 NA 15.17 14.2 18.49 16.63 16.79 16.1 17.81 16.43 14.8 18.77
"James Develin" "RB" 0.19 0.13 0.24 0.2 0.23 0.15 0.2 0.16 0.09 0.09 NA 0.38 0.38 0.4 0.35 0.41 0.43
"James O'Shaughnessy" "TE" 1.26 1.23 1.99 2.11 1.93 3.09 0 0 NA 1.24 3.63 3.63 3.72 4.34 4.22 4.75 3.47
"James Washington" "WR" 3.52 4.27 3.33 3.37 2.92 3.1 NA 0 1.79 1.39 1.53 0.3 0.31 0.29 0.32 0.33 0.28
"James White" "RB" 7.76 6.2 6.8 6.16 10.33 11.77 9.27 12.3 13.28 12.1 NA 11.69 10.68 10.25 10.24 11.12 11.22
"Jamison Crowder" "WR" 6.48 6.51 6.37 NA 6.81 0 0 0 0 0 0 0 3.25 6.37 6.1 6.41 6.03
"Jamize Olawale" "RB" NA NA 0.34 0.49 0.53 0.27 0.32 NA 0.05 0.03 0.05 0.03 0.33 0.27 0.33 0.25 0.33
"Jared Cook" "TE" 4.59 5.46 6.76 7.11 7.48 7.27 NA 7.37 8.53 7.3 7.5 6.96 8.31 6.46 8.03 6.45 7.93
"Jared Goff" "QB" 19.08 17.42 16.72 17.71 19.18 20.55 23.04 23.55 24.16 21.32 24.57 NA 25.51 18.97 23.02 20.07 26.79
"Jarius Wright" "WR" 0.59 0.6 3.01 NA 3.11 2.95 2.8 4.25 1.08 1.2 1.35 1.47 1.56 0.42 0.63 0.73 0.62
"Jaron Brown" "WR" 1.8 1.71 3.08 3.59 1.67 0.52 NA 0.79 0.66 0.88 1.79 0.86 0.71 0.59 0.68 0.62 0.57
"Jarvis Landry" "WR" 8.49 10.74 9.56 9.74 9.62 9.82 10.92 8.45 10.8 11.1 NA 8.71 7.07 9.48 6.63 8.82 6.37
"Jason Croom" "TE" NA 0.39 0.44 0.51 0.64 0.43 0.44 0.37 0.51 0.74 NA 1.36 0.5 0.29 0.28 0.28 0.27
"Javon Wims" "WR" NA NA NA NA NA 0 0 0.35 0.07 0 0 0 -0.03 -0.03 -0.03 -0.03 -0.03
"Javorius Allen" "RB" 4.65 4.66 4.61 6.39 7.03 6.84 6.9 6.24 5.22 NA 3.42 2.94 0.43 0.25 0.3 0.2 0.21
"Jawill Davis" "WR" NA NA NA NA 1.26 1.1 0 0 NA 0 0 0 0.19 0.16 0.19 0.19 0.17
"Jaylen Samuels" "RB" NA NA NA NA NA NA NA NA 0.34 0.46 0.48 0.5 1.1 1.05 1.28 1.24 0.97
"Jeff Driskel" "QB" NA NA NA NA NA NA NA 0.49 NA 0.31 0.66 0.62 15.49 14.09 19.03 12.49 14.41
"Jeff Heuerman" "TE" 1.47 1.58 1.9 3.04 4.01 4 3.58 4.4 2.35 NA 4.8 4.03 NA NA NA NA NA
"Jeff Wilson" "RB" NA NA NA NA NA NA NA NA NA NA NA NA 4.49 4.64 4.99 3.8 6
"Jehu Chesson" "WR" NA 0.35 0 NA NA NA 0.54 0.28 0.07 0.04 -0.06 -0.06 -0.06 -0.03 -0.03 -0.03 -0.03
"Jerell Adams" "TE" 0.49 0.49 0.54 1.65 1.39 1.42 1.38 0.79 NA 0.68 0.6 0.67 0.64 0.72 0.64 0.6 0.74
"Jeremy Sprinkle" "TE" 0.61 0.76 0.72 NA 0.62 0.7 0.65 0.24 0.17 0.16 0.1 0.08 0.11 0.12 0.11 0.11 0.12
"Jermaine Gresham" "TE" 0 0 0.43 2.28 1.81 2.16 1.89 2.85 NA 1.27 0.98 1.18 1.05 0.93 0.98 1.04 1.08
"Jermaine Kearse" "WR" 0 4.21 3.23 2.93 4.03 3.69 7.77 6.88 3.6 4.17 NA 4.57 5.51 4.16 4.55 5.61 5.63
"Jesse James" "TE" 3.81 3.18 4.9 4.19 3.47 3.39 NA 4.09 3.71 4.41 2.4 3.43 3.9 3.42 3.74 3.72 3.29
"Jimmy Graham" "TE" 7.89 6.83 8.15 7.97 8.65 7.46 NA 5.59 6.7 8.02 7.39 6.48 5.94 6.49 6.19 5.27 6.41
"Joe Flacco" "QB" 12.76 12.12 14.16 13.7 14.35 17.48 19 15.27 18.3 NA 0 0 0 8.44 10.11 8 7.18
"Joe Mixon" "RB" 12.94 10.18 0 0 11.08 13.27 14.16 14.89 NA 14.94 11.84 11.89 12.88 12.06 15.21 11 11.82
"Joe Webb" "QB" 0 0 0 0 0 0 0 0 0 NA 0 0 0 0 0 0 0
"John Brown" "WR" 5.31 4.53 5.74 6.85 8.45 7.63 9.95 7.42 9.77 NA 7.95 6.59 6.72 6.26 7.97 5.94 6.26
"John Phillips" "TE" NA NA NA NA NA NA NA NA NA 0.5 0.53 0.41 0.47 0.51 0.47 0.47 0.48
"John Ross" "WR" 4.55 4.83 2.17 0.92 0 0 2.36 0 NA 5.91 3.2 4.55 3.34 1.66 1.67 1.63 1.96
"Johnny Holton" "WR" 0 0 NA NA NA NA NA NA NA NA NA 0.47 NA NA NA NA NA
"JoJo Natson" "WR" NA NA 0.27 0 0 1.67 0.55 1.08 0.88 0.68 0.78 NA 0.92 0.5 0.94 0.79 0.95
"Jonathan Williams" "RB" 0.58 0.57 2.54 0 NA NA NA NA NA NA NA 0 0.1 0.08 0.09 0.07 0.05
"Jonnu Smith" "TE" 2.17 4.73 2.81 1.59 2.04 1.38 2.15 NA 0.89 1.63 4.96 3.36 3.91 4.13 5.03 3.68 5.51
"Jordan Akins" "TE" NA 1.73 2.03 3.13 2.1 2.62 1.68 3.28 2.11 NA 1.71 2.23 1.85 2.75 2.47 2.49 2.72
"Jordan Franks" "TE" NA NA NA NA NA NA NA NA NA 2.99 2.79 0.88 0.79 0.76 0.88 0.78 0.79
"Jordan Howard" "RB" 12.47 11.86 12.03 13.71 NA 11.76 8.67 8.61 9.39 9.91 7.43 11.2 9.33 10.02 9.78 8.59 6.84
"Jordan Leggett" "TE" 1.65 0 2.24 1.52 1.79 2.27 1.36 1.45 1.21 1.07 NA 1.1 1.59 1.03 1.55 1.49 1.28
"Jordan Matthews" "WR" NA NA 2.83 2.96 2.39 2.2 2.57 1.99 NA 3.54 3.47 4.39 1.71 3.62 2.98 3.75 2.73
"Jordan Reed" "TE" 5.41 7.1 6.39 NA 7.57 7.41 7.18 5.49 5.61 6.43 5.61 5.41 5.96 6.3 4.65 5.72 6.16
"Jordan Taylor" "WR" 0.44 0.44 0 0 0 0.56 0.54 0.84 2.36 NA 0.76 0.76 0.81 0.86 0.64 0.9 0.88
"Jordan Thomas" "TE" NA 0.62 2.52 2.6 2.37 2.08 2.3 2.69 2.61 NA 2.62 2.51 2.48 2.64 2.39 2.72 3.12
"Jordan Wilkins" "RB" 8.11 6.39 8.38 7.67 6.96 4.56 1.9 1.57 NA 1.5 1.76 1.89 2.95 1.64 1.79 2 1.75
"Jordy Nelson" "WR" 5.91 6.94 5.29 7.03 7.46 5.98 NA 8.16 5.61 5.92 0 1.69 2.73 2.62 2.52 2.08 2.65
"Josh Adams" "RB" NA NA NA 3.5 1.53 2.33 1.91 1.16 NA 3.53 5.91 8.71 9.77 9.56 9.86 9.99 9.23
"Josh Allen" "QB" 0.72 12.96 10.12 16.58 15.35 16.07 0 0 0 0 NA 12.14 16.59 13.35 17.58 12.56 16.82
"Josh Bellamy" "WR" 0.55 0.48 0.56 0.55 NA 0.75 0.79 0.46 1.12 0.75 0.33 0.37 0.38 0.52 0.48 0.39 0.36
"Josh Doctson" "WR" 4.37 6.17 4.17 NA 0 3.97 4.96 4.33 4.52 4.65 4.82 5.57 5.03 4.92 5.33 4.61 5.09
"Josh Gordon" "WR" 4.4 NA 0 7.09 7.16 8.4 7.92 7.3 10.32 9.95 NA 9.75 9.27 10.41 9.26 9.03 8.24
"Josh Hill" "TE" 1.67 1.59 1.39 2.68 2.05 NA 2.4 2.36 2.94 2.28 2.07 2.25 2.34 3.44 3.31 2.53 3.51
"Josh Malone" "WR" 0.44 0.38 0.2 0.37 1.01 0.86 0 0.27 NA 0 0 0 0.29 0.18 0.18 0.2 0.18
"Josh McCown" "QB" 0.97 0.99 1.05 0.7 0.91 1.1 0.9 0.79 0.71 11.5 NA 14.55 14.34 0.46 0.49 0.49 0.46
"Josh Reynolds" "WR" 0.52 0.51 0.47 1.26 1.2 2.05 3.3 3.71 2.73 3.58 5.22 NA 6.71 4.75 5.6 5.78 6.33
"Josh Rosen" "QB" 1.72 1.54 0.81 12.06 14.43 14.01 11.03 10.88 NA 10.9 14.58 12.03 9.47 11.46 10.76 9.52 8.59
"Joshua Dobbs" "QB" NA NA NA NA NA 0.9 NA 0.69 0.65 0.3 0.14 0.17 0.22 0.2 0.18 0.18 0.19
"Joshua Perkins" "TE" NA NA 0.52 0.39 0.46 0.58 0.65 0.26 NA 0.42 0.37 0.33 0.35 0.4 0.3 0.34 0.33
"JuJu Smith-Schuster" "WR" 6.82 9.1 10.3 10.4 11.35 11.76 NA 10.97 9.85 10.98 11.24 11.03 12.76 13.58 12.7 13.14 13.73
"Julian Edelman" "WR" 0 0 0 0 9.81 10.25 9.66 9.04 9.78 10.06 NA 9.45 9.23 10.81 8.29 8.8 10.14
"Julio Jones" "WR" 9.87 11.77 14.27 13.69 14.17 14.14 14.67 NA 12.9 12.65 14.38 13.86 12.18 14.7 13.26 16.59 16.97
"Justin Davis" "RB" 0.56 0.53 0.48 0.36 0.54 0.54 0.51 0.62 0.69 0.47 0.73 NA 0.76 0.4 0.71 0.58 0.74
"Justin Hardy" "WR" 2.66 1.89 0.72 0.67 0.67 0.68 0.41 NA 0.3 0.3 0.3 0.27 0.2 0.2 0.21 0.2 0.2
"Justin Hunter" "WR" 0.46 0 0 0 1.58 1.11 NA 0.75 0 0 0 0 0.19 0.17 0.17 0.18 0.18
"Justin Jackson" "RB" 0 0 NA 0.78 0.67 0.36 3.9 NA 0.82 0.26 0.53 0.33 6.31 5.28 1.25 1.75 1.66
"Justin Watson" "WR" NA NA NA NA NA 0.76 0.65 0.68 0.22 0.23 0.22 0.23 0.46 0.23 0.25 0.24 0.22
"Kalen Ballage" "RB" 0 0 0 2 1.35 0 0.9 0.78 0.44 0.55 NA 0.42 0.42 0.43 0.42 0.37 0.4
"Kapri Bibbs" "RB" NA NA NA NA 0.71 5.23 4.22 2.22 3.16 3.75 3.77 3.07 1.26 1.48 1.39 1.24 1.36
"Kareem Hunt" "RB" 13.73 12.81 14.6 11.91 15.45 15.45 16.44 18.04 15.68 19.17 20.29 NA 18.88 13.46 18.44 15.4 19.66
"Keelan Cole" "WR" 6.52 5.48 7.32 7.31 7.28 6.43 6.31 7.01 NA 3.04 2.57 2.3 2.45 2.12 2.08 2.13 2.59
"Keenan Allen" "WR" 11.4 10.42 12.12 15.62 15.17 11.82 12.1 NA 10.89 13.73 10.14 10.15 10.39 12.2 12.39 9.85 10.73
"Keith Kirkwood" "WR" NA NA NA NA NA NA NA NA NA NA 0.67 3.95 0.7 0.87 0.88 0.78 0.92
"Keith Smith" "RB" 0.46 0.3 0.85 0.22 0.38 0.37 NA 0.42 0.21 0.19 0.23 0.2 0.2 0.19 0.19 0.19 0.19
"Keke Coutee" "WR" NA NA NA 2.84 3.56 5.82 4.96 0 0 NA 4.36 7.76 1.93 6.3 6.56 6.9 5.58
"Kelvin Benjamin" "WR" 5.61 5.08 4.18 5.41 5.36 4.4 5.35 4.8 3.72 3.47 NA 2.98 3.56 4.24 3.25 3.76 3.67
"Kendrick Bourne" "WR" 0.43 0.31 0.48 0.47 1.02 2.05 2.67 2.48 2.98 3.55 NA 3.69 2.61 2.5 2.68 2.37 2.62
"Kenjon Barner" "RB" NA 0 0 0.22 0 0.54 1.24 5.39 2.49 0 0 0 0.34 0.33 0.42 0.36 0.38
"Kenneth Dixon" "RB" 4.19 0 0 0 0 0 0 0 0 NA 1.14 1.23 0.67 0.51 0.45 0.42 0.45
"Kenny Golladay" "WR" 6.96 6.07 7.62 8.69 8.16 NA 9.4 10.26 9.89 8.17 9.86 11.36 9.73 9.24 10.19 11.59 8.5
"Kenny Stills" "WR" 7.53 8.6 7.84 7.59 7.56 6.92 8.16 0 3.6 4.4 NA 6.79 3.86 3.9 3.66 3.7 3.71
"Kenyan Drake" "RB" 9.38 9.19 10.16 9.16 6.28 5.99 7.76 9.4 9.03 8.77 NA 7.58 8.4 8.66 7.99 10.74 8.21
"Keon Hatcher" "WR" NA 0 NA NA NA NA NA NA NA NA NA 0.95 0.37 0.14 0.17 0.14 0.18
"Kerryon Johnson" "RB" 5.16 5.95 5.19 8 8.67 NA 9.26 11.39 9.55 8.05 12.78 0 6.42 11.17 8.74 10.42 11.31
"Kevin Hogan" "QB" 0 0 0 0 0 0 0 0 0 NA 0 0 0 0 0 0 0
"Kevin White" "WR" 2.08 0.9 0.52 0.47 NA 1.49 0.7 1.61 1.3 0.67 0.29 0.32 0.29 0.35 0.33 0.28 0.26
"Khadarel Hodge" "WR" NA NA NA 1.04 2.09 1.84 1.11 1.18 0.59 0.58 0.6 NA 0.25 0.31 0.29 0.32 0.26
"Kirk Cousins" "QB" 19.07 18.32 17.54 17.31 18.86 20.2 19.19 22.61 22.8 NA 18.08 18.77 19.15 17.71 22.11 22.1 18.12
"Kyle Juszczyk" "RB" 0.63 1.05 1.31 1.04 1.25 3.58 1.79 1.71 1.96 3.17 NA 4.29 1.81 2 1.88 2.16 2.71
"Kyle Rudolph" "TE" 7.2 6.29 7.14 6.44 6.37 6.83 6.87 8.59 9.25 NA 6.03 5.88 5.96 6.1 6.96 7.05 5.63
"Lamar Jackson" "QB" 3.83 2.72 3.28 2.49 2.21 2.24 2.3 2.2 2.15 NA 14.8 19.87 21.91 8.78 11.15 8.79 8.07
"Lamar Miller" "RB" 10.23 11.29 11.37 11.68 1.2 9.92 8.6 12.01 11.57 NA 9.84 10.62 9.88 11.61 11.3 12.97 12.5
"Lance Kendricks" "TE" 0.86 0.71 1.19 1.64 1.52 1.09 NA 1.14 1.81 1.25 1.85 1.37 1.46 0.92 1.28 1.18 1.03
"Lance Lenoir" "WR" NA NA NA NA NA NA NA NA NA NA NA 0.7 0.78 0.67 0.81 0.92 0.82
"Laquon Treadwell" "WR" 2.46 2.67 2.64 1.94 1.84 2.95 3.07 3.8 5.21 NA 2.9 2.86 2.26 2.23 2.49 2.33 2.02
"Larry Fitzgerald" "WR" 9.18 8.63 8.73 7.12 8.21 6.77 6.01 5.53 NA 7.09 7.39 7.14 6.97 7.86 6.6 5.94 7.79
"Latavius Murray" "RB" 5.05 5.29 11.78 5.53 7.64 7.92 8.34 8.87 9.13 NA 4.04 4.74 6.33 6.14 6.67 6.2 6.09
"Lee Smith" "TE" 0.23 0.17 0.48 0.55 0.35 0.39 NA 0.34 0.23 0.24 0.29 0.32 0.52 0.46 0.49 0.5 0.49
"LeGarrette Blount" "RB" 4.85 4.87 5.73 6.04 5.14 NA 5.97 5.61 4.91 3.4 1.59 5.68 4.04 2.88 3.28 3.1 2.62
"Leonard Fournette" "RB" 11.69 0 0 11.65 0 0 0 0 NA 11.43 14.92 13.64 0 15.55 15.09 15.08 13.76
"Leonte Carroo" "WR" NA NA NA NA NA NA NA 0.54 1.26 0.65 NA 1.11 0.77 1 0.7 0.85 0.75
"LeSean McCoy" "RB" 10.49 10.52 0 10.26 9.24 9.23 11.15 8.32 6.47 7.35 NA 7.42 7.89 8.03 7.93 8.06 8.51
"Levine Toilolo" "TE" 1.21 1.2 1.42 1.56 1.78 NA 1.68 1.59 1.8 1.6 2.06 1.63 0.61 0.52 0.48 0.42 0.58
"Logan Paulsen" "TE" 0.01 0.01 0.3 0.51 0.66 0.46 0.8 NA 0.87 0.85 0.91 0.56 0.5 0.58 0.51 0.68 0.69
"Logan Thomas" "TE" 0.54 0.57 0 0 0.63 0.69 0.63 0.58 0.6 3.53 NA 1.39 1.45 1.06 1.29 1.07 1.42
"Luke Stocker" "TE" 0.41 2.57 2.18 2.6 2.12 1.38 1.62 NA 2.32 2.24 2.45 1.93 2.46 2.2 2.26 2.16 2.2
"Luke Willson" "TE" 2.88 3.34 1.93 2.75 3.56 NA 2.52 1.5 1.58 0 2.99 1.29 1.21 1.05 1.42 1.5 1.16
"Malcolm Brown" "RB" 1.85 1.46 2.34 2.9 2.33 2.01 1.78 2.87 1.86 4.3 3.52 NA 3.61 3.85 4.53 3.91 4.29
"Malik Turner" "WR" NA NA NA NA NA NA NA NA NA NA NA NA 0.79 0.73 0.76 0.74 0.75
"Marcedes Lewis" "TE" 1.7 1.6 0.45 0.38 0.47 0.52 NA 0.2 0.17 0.12 0.47 0.88 0.51 0.45 0.5 0.49 0.56
"Marcell Ateman" "WR" NA NA NA NA NA NA NA NA NA NA NA 1.99 1.3 1.15 1.1 1.05 1.25
"Marcus Kemp" "WR" NA 0.78 0.81 0.56 0.6 0.63 0.37 0.26 0.16 0.16 0.18 NA 0.16 0.14 0.18 0.18 0.16
"Marcus Mariota" "QB" 16.67 0 1.15 13.28 15.71 15.36 13.61 NA 13.58 16.13 18.32 15.04 16.16 15.34 18.75 13.84 19.98
"Marcus Murphy" "RB" 0.61 0.74 6.05 0 0 0 1.27 2.48 0.83 2.62 NA 1.79 1.17 1.08 1.29 1.13 1.26
"Mark Andrews" "TE" NA 1.71 2.2 2.82 2.96 3.02 2.93 3.9 3.49 NA 3.37 3.41 4 3.41 4.07 3.71 3.43
"Mark Ingram II" "RB" 0 0 0 0 10.69 NA 10.38 8.44 10.27 10.06 11.96 12.59 11.98 12.96 12.65 13.08 13.84
"Mark Sanchez" "QB" NA NA NA NA NA NA NA NA NA NA NA 0.7 0.7 0.77 0.75 0.72 0.75
"Mark Walton" "RB" NA NA 2.52 0.76 3.62 1.95 2.98 1.34 NA 0.77 0.39 0.39 0.41 0.38 0.39 0.38 0.39
"Marlon Mack" "RB" 0 7.93 0 0 0 5.44 7.92 11.71 NA 10.9 10.61 11.18 5.49 10.54 10.84 10.75 10.87
"Marquez Valdes-Scantling" "WR" NA 0.54 1.1 2.92 6.82 6.93 NA 3.68 6.43 9.25 9.31 8.7 5.36 6.79 5.91 5.26 6.78
"Marquise Goodwin" "WR" 6.69 0 7.06 5.35 0 6.06 7.51 6.16 6.61 6.96 NA 0 6.35 6.28 6.6 5.66 4.12
"Martavis Bryant" "WR" NA 3.86 3 3.95 4.13 4.82 NA 4.79 2.26 3.48 0 0 1.43 2.53 2.95 2.68 2.78
"Marvin Hall" "WR" 0.53 0.6 0.41 0.55 0.56 0.69 0.76 NA 0.7 0.98 0.97 0.76 0.76 0.62 0.65 0.65 0.69
"Marvin Jones Jr." "WR" 9.35 8.74 9.63 8.23 8.45 NA 8.21 8.84 10.39 8.99 0 0 NA NA NA NA NA
"Matt Barkley" "QB" NA NA NA NA NA NA NA NA 0.72 10.18 NA 0 0 0 0 0 0
"Matt Breida" "RB" 5.97 8.53 9.23 9.31 8.17 9.31 9.62 4.44 9.43 9.62 NA 14.19 11.57 13.74 11.9 11.51 13.8
"Matt Cassel" "QB" 0.22 0.25 0.23 0.24 0.26 NA 0.13 0.15 0.15 0.17 0.2 0.19 0.18 0.18 0.15 0.2 0.19
"Matt Dayes" "RB" NA NA NA NA NA NA NA NA NA NA NA 1.25 0.54 0.48 0.57 0.38 0.6
"Matt LaCosse" "TE" NA NA 0.17 0.18 0.44 0.66 0.25 0.5 0.38 NA 0.31 0.22 4.21 4.57 4.34 4.16 4.14
"Matt Lengel" "TE" NA NA NA NA NA NA 2 1.58 NA 0.57 0.35 0.26 0.37 0.28 0.21 0.29 0.35
"Matt Ryan" "QB" 15.23 15.38 19.25 19.04 21.48 22.3 23.22 NA 19.04 19.68 22.32 22.07 19.01 21.58 21.04 21.16 21.68
"Matt Schaub" "QB" 0.39 0.48 0.77 0.59 0.52 0.74 0.58 NA 0.05 0.05 0.08 0.08 0.07 0.07 0.06 0.08 0.1
"Matt Slater" "WR" 0.72 0.54 0.68 0.71 0.88 0.89 0.62 0.63 0.92 0.9 NA 0.79 0.52 0.89 0.68 0.65 0.86
"Matthew Stafford" "QB" 19.89 18.68 19.94 17.78 19.37 NA 19.04 17.09 17.77 17.66 19.79 18.03 17.5 15.33 16.05 17.52 18.05
"Maurice Harris" "WR" 0 0 0.71 NA 0.64 3.85 4.31 3.02 0.88 7 6.12 4.58 2.79 2.65 1.95 2.78 2.09
"Maxx Williams" "TE" 1.69 1.42 1.7 1.5 1.4 1.87 2.28 0 0 NA 0 2.09 2.19 1.48 2.25 1.43 1.53
"Melvin Gordon" "RB" 16.66 16.01 15.47 17.79 17.71 16.57 0 NA 16.32 19.38 20.38 18.73 0 0 19.44 12.73 17.23
"Michael Burton" "RB" 0.31 0 0.44 0.44 NA 0 0 0 0.13 0.16 0 0 0.16 0.14 0.16 0.16 0.13
"Michael Crabtree" "WR" 7.83 8.45 8.17 8.18 7.81 8 9.41 7.81 8.34 NA 8.23 7.26 7.64 6.32 6.55 6.62 7.17
"Michael Floyd" "WR" NA NA 0 NA 0.46 2.69 0.85 0.9 1.16 2.51 0.63 0.7 0.78 0.39 0.31 0.37 0.36
"Michael Gallup" "WR" 4.65 3.77 2.3 2.71 5.41 3.93 2.3 NA 3.52 2.1 5.59 3.34 2.01 3.17 3.35 3.68 3.17
"Michael Gesicki" "TE" 3.63 3.24 2.01 2.26 2.64 1.89 2.7 1.69 1.51 2.01 NA 1.45 0.73 1.09 0.74 0.98 0.69
"Michael Roberts" "TE" 0.82 1.14 0 0 0 NA 0.84 2.32 2.21 3.03 0 1.57 1.83 1.75 1.9 1.91 1.69
"Michael Thomas" "WR" 11.86 12.97 13.73 15.1 13.45 NA 12.35 12.35 13.03 12.98 13.68 14.22 13.4 14.73 14.62 10.71 15.28
"Mike Boone" "RB" NA NA NA 0.6 0.43 0.8 1.54 0.8 0.37 NA 0 0 0.31 0.3 0.33 0.31 0.2
"Mike Davis" "RB" 0 0.31 2.09 0.91 6.83 6.45 NA 5.69 4.8 12.6 6.58 5.35 5.87 4.59 6.01 6.91 4.8
"Mike Evans" "WR" 12.34 10.67 13.54 11.57 NA 13.18 11.91 11.05 11.54 11.51 10.36 10.82 12.61 12.64 11.73 12.62 12.15
"Mike Glennon" "QB" 0 0 0 0.8 1.11 0.93 1 0.73 NA 0.69 0.73 0.75 0.73 0.73 0.74 0.75 0.71
"Mike Thomas" "WR" 0.58 0 0 0 0 0 0 0 0 0 0 NA 0 0 0 0 0.95
"Mike Williams" "WR" 5.06 4.87 4.17 5.42 5.7 6.2 6 NA 6.63 5.23 6.63 5.41 6.1 6.47 6.12 6.8 7.19
"Mitchell Trubisky" "QB" 15.84 12.96 11.57 15.87 NA 14.29 17.22 18.52 16.5 19.42 17.94 0 10.41 19.94 22.38 21.05 16.12
"Mo Alie-Cox" "TE" NA NA NA NA 0 0.45 1.2 0.77 NA 0.58 2.75 0 1.35 2.74 2.87 2.99 2.92
"Mohamed Sanu" "WR" 5.3 5.51 3.54 4.3 4.89 5.8 7.24 NA 7.68 6.52 6.12 6.35 6.19 6.15 7.16 7.65 8.27
"MyCole Pruitt" "TE" 0 0.6 0.42 0.48 0.49 0.44 0.43 NA 0.5 0.48 0.47 0.89 0.97 0.97 0.9 0.96 0.97
"Nate Sudfeld" "QB" 0 0 0 0 0 0 0 0 NA 0 0 0 0 0 0 0 0
"Nelson Agholor" "WR" 8.5 8.69 9.74 9.11 7.45 6.61 6.72 6.77 NA 5.57 5.51 4.52 4.3 5.51 3.72 5.93 4.21
"Nick Bellore" "RB" NA NA 0.61 0.64 0.39 NA 0.26 0.44 0.02 0.03 0.05 0.08 0.28 0.31 0.37 0.32 0.29
"Nick Boyle" "TE" 1.15 1.38 1.87 1.81 2.18 2.48 2.17 1.09 1.29 NA 1.03 1.51 1.69 1.54 1.96 1.84 1.84
"Nick Chubb" "RB" 5.4 4.77 3.03 2.32 3.29 3.11 10.77 10.91 12.34 12.65 NA 13.2 14.98 17.14 13.65 15.45 13.15
"Nick Foles" "QB" 14.15 16.8 0.89 0.78 0.85 0.82 0.9 0.72 NA 0.65 0.48 0.62 0.52 0.48 0.47 0.49 0.49
"Nick Mullens" "QB" NA NA NA NA NA NA NA NA 13.14 15.81 NA 17.15 14.8 13.51 15.69 12.36 13.62
"Nick O'Leary" "TE" NA NA NA NA NA NA 2.59 3.94 3.7 3.07 NA 4.74 4.1 4.03 4.08 4.16 3.91
"Nick Vannett" "TE" 2.02 2.31 2.69 2.24 2.88 0 NA 2.62 3.34 3.87 5.1 4.98 5.19 4.37 4.95 4.31 4.46
"Nick Williams" "WR" NA NA 0 0.63 0.64 0 0.58 0.79 0 0 0 NA 0.51 0.42 0.47 0.39 0.45
"Niles Paul" "TE" 1.67 1.55 2.22 2.2 2.12 3.64 0 1.06 NA 0 0 0 0 0 0 0 0
"Noah Brown" "WR" 0.36 0.44 0.42 0.45 0.56 0.54 1.21 NA 1.63 0.67 0.85 0.7 0.78 0.65 0.84 0.84 0.81
"Nyheim Hines" "RB" 5.01 4.34 5.22 5.18 7.41 7.45 6.76 4.39 NA 5.27 6.04 6.4 8.11 4.79 5.66 7.62 6.49
"Odell Beckham Jr." "WR" 9.16 12.02 14.39 14.99 12.21 12.51 13.89 12.55 NA 13.69 15.1 13.67 13.44 11.38 13.55 13.65 12.06
"Orson Charles" "TE" NA 0.52 0.67 0.66 0.55 0.52 0.38 0.23 0.13 0.14 NA 0.13 0.19 0.17 0.16 0.17 0.13
"Patrick DiMarco" "RB" 0.43 0.45 0.46 0.79 0.58 0.65 0.79 0.7 0.56 0.62 NA 0.62 0.66 0.8 0.7 0.71 0.69
"Patrick Mahomes" "QB" 14.56 18.65 20.22 21.9 20.13 22.53 23.36 24.52 22.86 22.77 25 NA 26.97 22.39 25.42 25.9 28.97
"Patrick Ricard" "RB" NA 0.61 0.41 0.69 0.42 0 0.69 0.59 0.6 NA 0.65 0.67 0.58 0.62 0.56 0.62 0.46
"Peyton Barber" "RB" 7.33 7.37 8.08 8.45 NA 7.01 7.32 5.36 6.95 7.16 7.2 6.66 8.56 7.27 6.34 7.05 8.85
"Pharoh Cooper" "WR" 0.94 0 0 0 0 0 0 0 0 0.68 0.76 NA 0.92 0.5 0.94 0.79 0.95
"Philip Rivers" "QB" 18.28 18.64 16.91 21.56 21.4 19.61 20.36 NA 19.15 21.72 18.55 17.83 17.94 22.23 20.02 21.21 18.9
"Phillip Dorsett" "WR" 4.9 5.9 5.81 4.04 4.42 5.21 0.5 0.5 0.48 1.62 NA 0.42 0.45 0.38 0.44 0.47 0.36
"Phillip Lindsay" "RB" 0.65 5.46 7.31 8.16 7.95 11.41 9.31 11.76 11.58 NA 11.8 12.12 12.1 11.97 10.85 14.77 14.27
"Pierre Garcon" "WR" 6.37 8.51 6.65 5.27 6.84 5.85 5.28 0 2.73 0 NA 0 2.67 3.32 3.02 3.34 3.2
"Quadree Henderson" "WR" NA NA NA NA NA NA NA 1.15 NA 0.62 0.54 0.57 0 0 0 0 0
"Quincy Enunwa" "WR" 5.8 7.81 9.82 8.15 8.65 8.74 0 0 6.3 7.39 NA 6.43 7.21 4.87 6.64 8.07 4.58
"Randall Cobb" "WR" 8.19 8.05 7.92 0 0 0 NA 6.13 5.07 0 0 0 3.28 7.19 7.72 6.28 7.15
"Rashaad Penny" "RB" 3.38 4.96 7.4 8.49 2.17 2.16 NA 2.02 1.49 3.43 5.12 4.99 3.11 2.71 2.9 3.81 3.03
"Rashad Greene" "WR" 0 0 NA 0 0 NA 0.6 0.33 NA 0.21 0 0.32 0.21 0.22 0.23 0.22 0.27
"Rashard Higgins" "WR" 0.44 1.36 3.42 3.79 2.56 0 0 0 3.56 4.02 NA 4 3.6 4.16 2.5 3.87 3.67
"Ray-Ray McCloud" "WR" NA NA NA 0.57 0.62 0.69 0 0.4 0.26 0.28 NA 0 0.23 0.31 0.25 0.31 0.23
"Rhett Ellison" "TE" 1.11 1.38 2.13 2.51 4.15 0 2.26 2.48 NA 1.82 2.05 1.95 2.21 2.09 3.06 2.91 2.72
"Richard Rodgers" "TE" 0 0 0 0 0 NA NA NA NA NA 0.64 0.68 0.56 0.63 0.58 0.65 0.53
"Richie James" "WR" NA NA NA NA NA 1.89 1.82 1.37 0.17 2.44 NA 3.6 1.81 1.81 1.84 1.72 1.77
"Ricky Ortiz" "RB" NA NA NA NA NA 0.45 0.47 NA 0.13 0 0 0.17 0.16 0.2 0.12 0.18 0.18
"Ricky Seals-Jones" "TE" 4.53 4.08 3.69 4.35 3.36 2.78 4.39 3.71 NA 3.61 4.49 3.48 2.8 2.95 2.79 3.09 3.43
"Rico Gathers" "TE" 0 0.53 0.52 0.53 1.03 0.62 0.64 NA 1.1 1.06 0.47 1.13 0.98 0.49 0.44 0.48 0.52
"Rishard Matthews" "WR" 3.93 6.92 4.17 0 NA NA NA 2.86 4.98 1.42 NA 0 0.12 0.16 0.14 0.13 0.11
"River Cracraft" "WR" NA NA NA NA NA NA NA NA NA NA 0.76 0.76 0.81 0.86 0.64 0.9 0.88
"Rob Gronkowski" "TE" 12.53 8.97 12.52 10.78 10.62 10.82 0 11.28 0 0 NA 9.84 10 9.88 8.37 9.7 8.87
"Robby Anderson" "WR" 6.73 6.91 5.4 5.45 7.06 6.8 7.91 0 6.67 0 NA 1.2 3.22 3.04 2.57 3.51 2.74
"Robert Foster" "WR" NA 0.51 0.48 0.46 0.66 0.6 0.49 NA NA NA NA 0.62 2.94 2.99 2.99 2.97 3.09
"Robert Griffin III" "QB" 0 0 0 0 0 0 0 0 0 NA 4.43 0.71 0.7 0.74 0.74 0.74 0.64
"Robert Tonyan" "TE" NA NA NA NA NA NA NA NA 0.17 0.16 0.07 1.47 0.69 0.82 0.69 0.68 0.81
"Robert Woods" "WR" 8.14 7.69 7.54 8.65 10.16 10.7 12.19 12.28 12.81 12.92 14.32 NA 11.59 8.95 10.05 9.13 12
"Rod Smith" "RB" 2.63 2.65 3.24 3.77 3.57 1.15 1.77 NA 0.73 0.45 0.86 0.61 0.4 0.33 0.38 0.58 0.33
"Ronald Jones" "RB" 0 0 0 0.4 NA 4.25 2.81 3.23 0 0 0 0 0.88 1.54 1.61 1.46 1.97
"Roosevelt Nix" "RB" 0.86 0.92 0.98 1.01 1.16 0.81 NA 0.78 0.57 0.58 0.59 0.54 0.54 0.56 0.53 0.54 0.55
"Ross Dwelley" "TE" NA NA NA NA NA NA NA NA NA 0.47 NA 0.49 0.48 0.5 0.5 0.61 0.53
"Royce Freeman" "RB" 7.22 7.79 5.34 6.84 6.98 7.43 6.93 0 0 NA 5.19 3.36 5.42 5.46 4.54 6.29 5.86
"Russell Gage" "WR" NA NA NA NA NA NA 0.92 NA 0.22 0.23 0.22 0.22 0.26 0.24 0.27 0.25 0.25
"Russell Shepard" "WR" 1.13 1.55 2.52 2.17 1.82 0 0 1.95 NA 1.63 1.34 0.56 0.59 0.46 0.54 0.56 0.62
"Russell Wilson" "QB" 18.96 18.59 19.15 18.65 16.69 20.16 NA 19.88 19.85 17.46 18.5 19.78 22.96 15.32 21.29 20.62 21.13
"Ryan Fitzpatrick" "QB" 15.63 12.82 19.86 18.16 NA 1.22 1.1 1.1 18.64 18.72 18.09 1.47 1.44 1.27 1.29 1.07 1.47
"Ryan Grant" "WR" 4.4 4.93 5.08 5.2 7.53 7.33 0 0 NA 3.47 4.4 4.31 2.61 2.9 2.83 3.85 3.68
"Ryan Griffin" "TE" 4.34 3.31 1.55 2.16 2.05 2.27 0 0 5 NA 2.2 3.22 1.88 3.39 2.91 2.76 2.74
"Ryan Switzer" "WR" 0.71 0.9 0.93 1.6 4.08 3.72 NA 1.97 0.98 1.14 1.31 1.31 1.52 2.1 1.83 1.95 2.06
"Ryan Tannehill" "QB" 14.36 13.49 16.36 16.09 13.24 0 0 0 0 0 NA 12.85 14.82 17.88 12.34 16.72 12.86
"Sam Darnold" "QB" 13.43 13.8 14.13 10.47 13.66 15.89 15.33 13.14 15.7 0 NA 0 0 7.21 7.95 10.99 10.34
"Samaje Perine" "RB" 0 0 0 NA 0 0.9 0.23 0 0.21 0.42 0 0 0.24 0.3 0.19 0.29 0.27
"Sammie Coates" "WR" 0.52 0 0 0.69 1.55 2.08 0.96 2.72 2.13 NA 0.42 0.24 0.49 0.24 0.23 0.23 0.23
"Sammy Watkins" "WR" 6.37 5.66 8.23 8.31 6.4 8.51 5.85 6.83 6.4 0 7.99 NA 6.34 4.6 5.81 5.87 6.56
"Saquon Barkley" "RB" 14.48 13.28 13.92 14.22 13.37 14.42 17.08 17.04 NA 16.4 18.2 15.37 16.96 16.34 18.74 17.31 15.96
"Scott Simonson" "TE" NA NA 0.46 1.14 1.25 2.99 0.89 0.42 NA 0.17 0.18 0.18 0.18 0.16 0.16 0.17 0.19
"Sean Culkin" "TE" NA NA NA NA NA NA NA NA NA NA NA NA 0.89 0.98 0.9 0.97 0.89
"Sean Mannion" "QB" 0.28 0.24 0.75 0.68 0.76 0.92 0.87 0.31 0.21 0.27 0.23 NA 0.27 0.25 0.27 0.25 0.29
"Senorise Perry" "RB" 1.17 1.13 1.01 0.76 0.67 0.52 0.51 0.41 0.44 0.57 NA 0.62 0.4 0.61 0.4 0.58 0.38
"Seth DeValve" "TE" 2.19 0 0 0 2.35 2.45 2.58 2.09 1.56 1.87 NA 1.55 2.04 2.15 1.27 1.79 1.55
"Seth Roberts" "WR" 2.75 2.42 0 3.01 2.88 2.94 NA 3.92 5.48 2.32 4.5 4.44 2.82 3.2 2.7 3.3 2.78
"Shaun Wilson" "RB" NA 0.66 2.12 0 NA 0 0 0 0.42 0.35 0.48 0.56 0.56 0.36 0.36 0.3 0.36
"Shelton Gibson" "WR" 0.34 0.3 1.05 0.55 0.25 0.42 0.49 0.42 NA 0.64 0.86 0.98 0.75 0.56 0.76 0.61 0.72
"Sony Michel" "RB" 0 5.03 7.34 6.94 12.22 13.27 12.01 0 0 10.13 NA 11.87 12.68 11.7 12.61 13.59 12
"Spencer Ware" "RB" 4.25 4.52 4.92 3.72 3.35 3.51 3.71 4.38 3.06 2.92 3.23 NA 3.46 1.96 3.35 2.95 3.75
"Stefon Diggs" "WR" 10.69 9.65 10.95 10.86 10.38 11.43 10.57 12.42 0 NA 8.21 9.98 9.95 9.28 9.93 10.57 7.68
"Sterling Shepard" "WR" 5.62 6.96 6.04 7.3 7.58 6.47 7.32 8.09 NA 7.57 7.54 7.63 5.27 5.92 6.74 5.93 5.68
"Stevan Ridley" "RB" 0.58 0.62 0.39 1.43 1.25 0.96 NA 0.59 0.71 0.93 0.72 0.64 0.19 0.23 0.18 0.22 0.23
"T.J. Jones" "WR" 1.57 1.69 2.21 1.55 1.76 NA 1.35 0 4.34 2.83 3.1 3.14 2.34 2.18 1.94 2.27 2.53
"T.J. Logan" "RB" NA NA 0 0 0 0 0 0.5 NA 0.5 0.2 0.08 0.04 0.03 0.03 0.04 0.03
"T.J. Yeldon" "RB" 4.21 11.89 9.8 5.38 12.09 11.96 12.11 7.95 NA 5.29 6.19 5.04 6.96 5.57 5.31 5.88 4.62
"T.Y. Hilton" "WR" 9.75 9.78 9.97 11.74 0 0 9.88 10.8 NA 9.41 9.79 11.45 9.71 10.88 10.77 9.44 8.25
"Taiwan Jones" "RB" 0.28 0.29 1.99 0.51 0.23 0.22 0 0 0.08 0 NA 0 0 0 0 0 0.03
"Tajae Sharpe" "WR" 1.34 2.93 1.94 3.73 2.78 2.6 3.5 NA 5.5 6.58 5.08 4.95 5.1 2.71 3.21 2.88 3.22
"Taquan Mizzell" "RB" NA NA NA NA NA NA NA NA NA 0.07 0.13 0.13 0.22 0.22 0.21 0.22 0.21
"Tarik Cohen" "RB" 4.53 6.11 5.07 3.33 NA 6.13 8.02 10.22 9.82 8.61 8.25 8.9 8.81 9.73 9.53 8.98 7.11
"Tavon Austin" "WR" 1.93 1.93 3.06 3.1 2.05 2.06 0 NA 0 0 0 0 0.41 0.86 1 1.11 0.99
"Taylor Gabriel" "WR" 3.2 2.56 2.2 3.31 NA 5.19 6.26 7.8 7.16 5.97 5.26 5.65 6.82 7.16 7.45 6.61 6.26
"Taylor Heinicke" "QB" 0 0 0 NA 0 0 0 0 0 0 0 0 0 0 0 0 0
"Taysom Hill" "QB" 0 0 0 0 2.2 NA 2.06 2.24 2.93 2.4 3.22 3.07 2.54 2.66 2.56 3.05 3.18
"Taywan Taylor" "WR" 5.31 1.76 2.67 5.15 6 4.37 4.83 NA 1.53 0 0 0 2.3 4.35 4.29 4.28 4.55
"Teddy Bridgewater" "QB" 0.53 0.59 0.5 0.38 0.61 NA 0.5 0.52 0.64 0.65 0.17 0.19 0.15 0.18 0.18 0.16 0.19
"Tevin Coleman" "RB" 6.1 12.82 13.19 12.99 7.55 12.65 10.97 NA 10.35 10.86 11.08 10.84 9.82 12.76 13.13 12.94 14.18
"Theo Riddick" "RB" 5.59 5.78 8.2 6.85 7.14 NA 0 0 3.92 5.39 6.2 8.2 7.04 4.59 3.84 4.63 4.76
"Tim Patrick" "WR" NA 0.52 0.46 0.46 0.4 0.52 0.4 0.51 1.11 NA 1.74 1.42 0.57 0.55 0.45 0.51 0.46
"Tim White" "WR" NA NA NA 0.62 0.78 0.74 0.81 0.76 0.6 NA 0.59 0.63 0.62 0.6 0.63 0.6 0.59
"Todd Gurley II" "RB" 18.98 17.71 19.87 18.36 18.43 18.84 22.7 24.76 22.87 22.86 24.79 NA 20.21 16.86 21.52 17.09 22.73
"Tom Brady" "QB" 23.16 18.48 20.41 21.4 22.87 23.26 19.92 22.51 23.44 23.54 NA 21.46 22.75 24.95 21.43 21.76 23.6
"Tom Savage" "QB" NA NA NA NA NA NA NA 0 0 0 NA 0 0.81 0.77 0.74 0.67 0.76
"Tommy Bohanon" "RB" 0.35 0.44 0.4 0.3 0.51 0.45 0.31 0.14 NA 0.08 0.01 0.01 0.16 0.16 0.14 0.14 0.14
"Tommylee Lewis" "WR" 0.37 0.34 0 NA NA NA NA NA NA NA NA 0.92 2.56 2.59 2.58 2.55 2.59
"Torrey Smith" "WR" 2.39 2.3 3.57 NA 4.01 3.16 3.61 0 0 0 0 4.79 3.87 2.8 3 2.49 2.88
"Tra Carson" "RB" NA 0.25 0 NA NA NA NA NA NA NA 0.63 0.51 0.84 0.65 0.48 0.71 0.77
"Travaris Cadet" "RB" NA NA NA NA NA NA NA NA NA NA 0 0 1.69 1.17 1.51 1.43 1.4
"Travis Benjamin" "WR" 3.02 0 0 2.52 0 0 1.68 NA 0.92 0.17 0.19 -0.07 0.72 1.08 1.12 0.69 0.74
"Travis Kelce" "TE" 9.21 8.43 10.17 10.75 10.91 10.36 11.22 11.5 10.97 12.01 12.39 NA 11.7 10.45 11.55 10.25 12.26
"Tre'Quan Smith" "WR" 2.95 3.1 2.33 2.34 4.46 NA 6.2 4.74 5.96 6.08 6.15 0 3.71 7.71 7.28 9.02 7.55
"Tre Madden" "RB" 0.42 0.39 0.83 1.25 0.64 0.68 NA 0.59 0.26 0.21 0.21 0.19 0.42 0.28 0.39 0.45 0.38
"Trent Sherfield" "WR" NA NA NA NA NA NA NA 0 NA 0.43 0.97 0.39 0.16 0.16 0.16 0.15 0.16
"Trent Taylor" "WR" 2.32 2.95 2.19 3.25 3.4 0 1.11 2.24 0 2.85 NA 2.56 0.45 0.4 0.46 0.47 0.34
"Trenton Cannon" "RB" NA 0.59 2.72 1.24 1.14 1.35 1.05 4.69 3.24 1.04 NA 0.85 1.02 0.87 0.94 1.05 0.89
"Trevor Davis" "WR" 0 0 0 0 NA NA NA NA NA NA 0.81 1.11 1.87 0.91 0.58 0.76 0.91
"Trevor Siemian" "QB" 0.97 0.91 0.99 0.78 0.71 1.05 0.97 0.98 0.73 NA 0.61 0.79 0.75 0.72 0.74 0.67 0.67
"Trey Burton" "TE" 6.76 6.49 5.6 5.06 NA 6.11 5.9 7.76 6.98 7.12 6.33 6.46 5.86 5.98 6.15 5.71 5.52
"Trey Quinn" "WR" NA NA 0 NA 0 NA NA NA NA NA 0.52 4.61 3.42 1.66 1.57 1.7 1.86
"Ty Montgomery" "RB" 7.09 5.98 3.76 3.88 5.03 3.36 NA 1.97 0 NA 2.13 3.23 5.15 4.57 3.62 2.73 3.66
"Tyler Boyd" "WR" 3.24 3.04 4.71 7.36 8.05 9.16 10.62 10.49 NA 10.25 8.87 9.35 8.63 8.87 11 8.46 8.77
"Tyler Bray" "QB" NA NA NA NA NA NA NA NA NA NA NA 0.6 0 0 0 0 0
"Tyler Conklin" "TE" NA 0.54 0.6 0.57 0.41 0.51 0.33 0.3 0.24 NA 0.23 0.24 0.22 0.22 0.23 0.23 0.27
"Tyler Higbee" "TE" 2.23 1.76 2.64 2.89 2.09 2.71 2.41 2.07 1.96 2.06 2.08 NA 2.05 1.38 1.86 1.85 1.94
"Tyler Lockett" "WR" 4.38 4.87 6.76 8.02 6.97 8.3 NA 7.24 8.95 7.35 7.16 7.49 7.34 5.8 7.03 5.62 6.12
"Tyreek Hill" "WR" 8.71 10.84 13.88 10.91 11.83 12.84 12.72 13.26 12.11 13.46 12.33 NA 14.32 14.13 12.05 14.16 14.9
"Tyrell Williams" "WR" 5.79 6.45 5.6 4.71 4.45 5.12 6.48 NA 5.49 4.35 6.16 6.89 6.35 6.52 6.35 6.12 6.16
"Tyrod Taylor" "QB" 12.79 16.4 16.8 0 1.09 1.17 1.01 0.85 0.78 0.73 NA 0.45 0.4 0.46 0.39 0.44 0.44
"Vance McDonald" "TE" 0 2.91 1.94 4.54 5.77 4.39 NA 5.47 5.2 6.12 6.33 5.8 4.75 6.36 5.21 4.85 6.94
"Vernon Davis" "TE" 2.06 2.29 2.57 NA 2.51 3.26 3.97 2.82 2.66 3.57 3.29 2.74 3.75 4.04 2.98 3.76 3.94
"Virgil Green" "TE" 2.7 2.41 2.91 3.59 3.32 3.1 2.72 NA 2.12 2.34 2.27 2.26 2.27 2.14 2.06 1.72 2.28
"Vyncint Smith" "WR" NA 0.53 0.54 0 0 0 0 1.65 2.67 NA 0 0 0.84 0.53 0.48 0.55 0.47
"Wayne Gallman" "RB" 2.1 2.69 1.88 1.67 1.86 2.37 3 2.67 NA 1.43 1.76 1.11 2.15 1.9 2.31 2.07 2.67
"Wendell Smallwood" "RB" 1.21 1.15 6.81 3.39 4.22 8.11 9.66 6.43 NA 7.65 5.9 3.3 2.7 1.97 2.36 1.96 1.88
"Willie Snead IV" "WR" 3.06 3.53 4.85 4.08 5.41 4.55 5.46 5.32 4.84 NA 6.35 6.01 4.16 3.4 4.89 4.38 3.89
"Xavier Grimble" "TE" 0.37 0.26 0.41 0.24 0.29 0.42 NA 0.66 0.63 0.87 0.82 0.45 0.24 0.29 0.25 0.23 0.3
"Zach Ertz" "TE" 10.17 8.89 9.15 9.39 9.61 8.65 10.15 10.08 NA 10.97 10.64 10.79 10.49 9.64 9.6 10.07 9.26
"Zach Line" "RB" NA NA 0.63 0.62 0.86 NA 0.46 0.37 0.43 0.32 0.57 0.68 0.38 0.61 0.62 0.57 0.67
"Zach Pascal" "WR" NA 0.51 0.6 0.56 5.44 3.42 3.9 2.99 NA 0.75 0.52 1.22 0.29 0.35 0.38 0.55 0.57
"Zach Zenner" "RB" NA NA NA NA NA NA NA NA NA 0.39 0.03 3.7 1.09 0.64 0.62 0.67 0.62
"Zay Jones" "WR" 2.31 3.2 3.2 3.49 4.31 4.29 5.2 3.82 4.14 4.15 NA 4.22 5.42 3.7 5.63 3.31 5.59
"Greg Zuerlein" "K" 9.24 10.08 0 0 0 NA 9.01 9.14 7.73 8.39 7.7 NA 8.05 7.25 8.14 7.47 7.98
"Wil Lutz" "K" 9.3 9.64 8.54 8.7 8.43 NA 7.08 8.02 8.18 9.04 9.3 9.83 8.65 8.59 8.55 7.77 9.05
"Graham Gano" "K" 8.27 7.27 8.39 NA 8.93 7.88 7.44 7.71 9.74 8.49 9.57 8.29 8.77 6.27 7.55 8.23 7.15
"Sebastian Janikowski" "K" 6.1 6.62 6.71 7.4 5.97 6.49 NA 7.88 8.13 7.39 8.12 7.85 9.58 7.62 7.77 8.75 7.35
"Harrison Butker" "K" 7.36 7.36 8.3 8.09 7.25 7.75 8.92 8.23 7.72 9.24 8.52 NA 9.08 7.25 7.59 6.92 6.86
"Robbie Gould" "K" 7.86 9.18 8.03 7.39 8.77 6.61 8.48 8.96 8.13 8.6 NA 8.53 7 6.54 7.87 6.51 6.89
"Josh Lambo" "K" 8.42 7.79 9.08 8.49 7.27 8.18 8.12 7.1 NA 8.08 7.23 7.48 7.63 7.24 7.11 7.45 6.64
"Stephen Gostkowski" "K" 8.37 7.72 8.74 8.44 8.59 8.49 8.25 9.02 8.68 8.16 NA 8.39 7.66 8.48 6.74 7.34 6.97
"Mason Crosby" "K" 6.68 6.31 6.44 7.37 9.01 7.47 NA 7.16 7.22 8.07 7.25 7.38 8.03 8.19 7.39 7.59 8.87
"Justin Tucker" "K" 8.93 8.81 8.45 8.47 8.71 7.7 7.94 7.51 7.6 NA 8.18 8.86 7.51 8.34 8.99 6.55 6.24
"Matt Bryant" "K" 7.81 8.59 8.35 8.41 8.33 8.97 0 NA 0 0 8.43 8.21 8.62 7.96 6.43 8.8 7.94
"Brandon McManus" "K" 5.87 6.36 4.86 6.3 6.24 5.87 7.83 7.91 8.31 NA 7.07 7.17 8.11 8.66 6.9 8.28 7.18
"Matt Prater" "K" 8.44 7.32 7.22 6.83 6.88 NA 5.59 6.65 5.58 5.71 6.48 6.82 6.42 5.58 5.12 5.8 6.7
"Ka'imi Fairbairn" "K" 6.53 6.9 6.91 7.05 7.44 7.9 6.4 7.6 7.21 NA 7.61 7.03 7.9 8.01 7.31 8.4 7.64
"Mike Badgley" "K" NA NA NA NA NA 6.63 6.74 NA NA 8.29 7.78 8.2 6.72 7.77 7.81 8.04 7.6
"Brett Maher" "K" 6.36 6.95 6.37 7.01 6.64 7.21 7.87 NA 8.25 7.08 7.74 8.11 7.11 7.21 7.24 7.87 7.1
"Cody Parkey" "K" 7.09 8.24 7.88 7.54 NA 7.98 6.84 7.76 6.71 7.2 5.33 6.53 5.77 6.32 5.81 6.22 4.34
"Jason Myers" "K" 6.03 6.1 5.49 5.35 6.36 7.64 7.27 7.34 8.19 8.21 NA 7.45 7.27 6.89 8.15 6.65 6.75
"Jake Elliott" "K" 8.03 8.15 8.15 6.8 7.41 6.02 5.97 4.97 NA 5.79 5.27 6.53 6.09 4.57 5.04 4.65 5.44
"Randy Bullock" "K" 6.85 6.87 6.89 7.13 8.15 6.85 7.11 7.17 NA 7.14 6.36 6.65 4.75 4.53 5.06 4.37 4.67
"Chris Boswell" "K" 7.99 8.12 7.75 7.75 7.85 7.5 NA 6.85 6.45 5.18 5.79 5.04 4.25 5.67 4.32 4.48 4.64
"Ryan Succop" "K" 7.41 6.92 6.21 6.6 7.19 6.06 7.22 NA 6.07 6.54 6.63 6.71 8.03 7.81 7.52 7.84 7.68
"Stephen Hauschka" "K" 6.43 6.97 6 6.71 6.45 6.69 7.44 6.71 7.57 7.55 NA 8 7.9 6.9 6.84 6.55 6.73
"Aldrick Rosas" "K" 5.21 5.66 5.14 6.2 6.49 6.78 6.61 7.08 NA 7.04 7.84 6.53 6.69 5.84 6.39 6.11 6.35
"Dustin Hopkins" "K" 5.9 6.75 5.49 NA 6.44 6.79 6.74 7.38 7.78 7.26 7.14 6.04 6.58 6.76 6.44 6.73 7.21
"Jason Sanders" "K" 6.69 6.62 7.01 6.38 6.07 5.9 6.85 5.74 7.58 6.42 NA 6.97 7.04 6.25 5.49 5.3 5.14
"Greg Joseph" "K" NA NA 6.16 6.4 5.77 6.69 7.01 6.15 6.34 7.39 NA 6.86 7.05 7.35 5.39 7.34 4.9
"Daniel Carlson" "K" 7.31 NA NA NA NA NA NA 5.61 6.08 4.68 5.15 4.35 4.19 4.11 4.13 3.93 4
"Adam Vinatieri" "K" 7.04 6.7 6.2 7.29 6.7 6.13 6.57 7.08 NA 7.03 6.42 7.17 7.03 5.96 6.59 6.1 5.83
"Dan Bailey" "K" NA NA 7.27 5.66 6.25 5.62 5.33 5.65 6.26 NA 5.4 6.16 4.33 3.6 5.61 5.43 4.4
"Cairo Santos" "K" NA NA NA NA 7.24 6.97 0 NA NA NA 6.03 5.83 6.18 4.91 4.59 4.36 6.37
"Phil Dawson" "K" 7.09 5.88 6.57 6.68 4.76 5.93 5.98 6.84 NA 5.1 0 5.52 NA NA NA NA NA
"Vikings D/ST" "D" 9.58 8.15 12.54 4.68 5.72 8.02 6.66 4.7 7.15 NA 5.82 7.03 5.07 5.58 9.08 7.82 6.84
"Rams D/ST" "D" 8.08 11.98 6.96 7.82 7.48 7.44 8.06 7.29 6.25 6.36 3.98 NA 7.54 3.02 6.63 9.71 6.84
"Jets D/ST" "D" 8 8.34 6.93 5.75 6.83 6.47 6.35 5.44 6.47 11.62 NA 4.75 5.2 8 3.56 6.6 2.76
"Ravens D/ST" "D" 10.85 7 7.03 6.31 10.24 6.87 5.97 6.63 7.08 NA 7.49 8.16 6.31 4.75 6.44 4.73 10.54
"Bills D/ST" "D" 6.52 3.88 3.68 5.96 6.65 5.56 5.31 4.39 4.92 9.44 NA 6.67 5.73 10.68 9.18 4.5 6.94
"Jaguars D/ST" "D" 10.38 4.58 8.57 8.14 5.56 6.53 6.81 5.86 NA 6.48 5.48 7.62 5.15 5.94 7.94 7.28 4.76
"Browns D/ST" "D" 2.08 -0.14 7.2 6.7 5.87 5.81 5.75 6.18 4.49 4.89 NA 6 5.14 7.17 7.3 10.06 7.3
"Redskins D/ST" "D" 9.03 8.24 6 NA 5.23 6.3 6.02 7.17 6.98 5.98 6.32 6.06 5.5 9.86 8.56 7.12 7.76
"Bengals D/ST" "D" 6.22 7.6 5.67 5.4 7.23 6.48 4.71 6.37 NA 4.79 5.4 6.97 5.15 1.3 9.4 6.92 3.76
"Seahawks D/ST" "D" 9.38 8.9 6.71 7.88 4.96 6.59 NA 6.33 5.78 4.14 6.04 6.21 7.79 7.62 7.18 3.74 7.42
"Broncos D/ST" "D" 5.31 8.74 6.04 4.68 6.42 5.16 7.07 4.69 6.58 NA 5.73 5.48 7.38 8.25 9.31 7.78 3.12
"Chargers D/ST" "D" 5.54 8.69 5.04 7.44 6.54 6.61 7.74 NA 5.69 7.97 7.52 8.14 6.05 9.28 2.64 6.98 5.44
"Bears D/ST" "D" 5.83 7.86 8.2 6.36 NA 7.96 6.28 7.9 8.36 8.03 6.66 6.77 6.83 3.46 5.44 9.28 8.29
"Cowboys D/ST" "D" 6.06 7.15 6.77 6.69 5.54 6.2 7.27 NA 7.5 5.48 5.34 8.09 4.2 8.65 5.18 6.02 9.24
"Packers D/ST" "D" 6.28 3.96 6.44 8.36 5.6 7.54 NA 0.97 4.59 8.22 5.61 5.91 9.23 5.84 3.28 8.12 5.8
"Steelers D/ST" "D" 8.14 5.06 5.69 5.93 5.84 6.33 NA 7.95 6.72 6.58 6.69 7.23 6.27 9.18 2.49 2.12 7.78
"Texans D/ST" "D" 3.27 8.82 8.04 6.95 6.46 8.88 6.2 7.59 6.4 NA 7.5 6.98 6.84 4.7 9.18 8.56 8.22
"Saints D/ST" "D" 7.98 8.63 5.59 6.21 6.8 NA 5.04 5.78 2.23 6.25 6.59 7.4 7.35 6.57 5.24 3.98 5.24
"Patriots D/ST" "D" 7.54 5.47 6.94 6.74 7.34 6.08 6.4 8.13 5.95 7.61 NA 8.53 7.77 8.52 3.92 7.92 8.28
"Lions D/ST" "D" 6.98 8.52 4.02 7.01 5.93 NA 6.86 5.91 5.24 3.42 5.97 6.6 0.91 7.72 5.5 4.87 2.47
"Chiefs D/ST" "D" 5 2.96 7.51 6.89 6.66 3.75 6.76 6.21 6.95 8.5 1.79 NA 8.27 6.1 -0.720000000000001 2.32 7.76
"Titans D/ST" "D" 7.56 6.96 5.3 6.12 7.25 6.13 2.55 NA 6.27 5.13 5.81 5.57 8.18 6.5 6.97 6 4
"Colts D/ST" "D" 4.02 3.04 4.82 5.79 4.75 6.5 8.17 7.18 NA 6.87 6.51 6.87 7.42 3.86 5.72 6.12 4.12
"Eagles D/ST" "D" 4.7 7.14 6.85 6.58 6.85 6.26 7.3 7.96 NA 8.03 4.75 7.44 7.97 6.16 0.99 2.68 7.34
"Dolphins D/ST" "D" 5.2 6.9 6.6 4.79 5.46 5.88 6.47 5.16 7.2 3.68 NA 4.63 7.8 0.73 5.26 5.2 7.86
"Cardinals D/ST" "D" 6.48 7 5.87 6.39 6.5 4.92 6.88 6.61 NA 3.73 7.82 4.4 3.86 6.6 6.12 0.17 4.74
"Panthers D/ST" "D" 4.7 4.68 7.31 NA 7.72 7.37 6.26 5.72 6.79 6.13 7.09 7.14 5.83 5.9 -2.29 3.3 -2.29
"49ers D/ST" "D" 2.82 4.11 4.67 4.82 7.68 4.82 1.69 6.93 6.38 6.89 NA 4.85 4.49 3.82 3.3 3.23 0.0600000000000001
"Falcons D/ST" "D" 5.42 6.58 5.3 6.33 5.02 6.16 6.59 NA 5.97 6.75 6.65 0.54 6.18 2.97 7.43 2.76 3.06
"Raiders D/ST" "D" 2.08 7.3 6.29 6.82 5.01 5.46 NA 5.09 6.99 2.94 6.09 4.88 0.17 2.47 3.68 2.92 -2.24
"Giants D/ST" "D" 4.86 4.18 6.13 4.94 5.26 6.62 5.13 6.12 NA 5.67 5.88 5.36 5.24 7.22 5.06 3.4 5.4
"Buccaneers D/ST" "D" 2.62 3.74 5.28 5.63 NA 4.95 6.36 4.91 3.24 6.35 4.83 5.96 3.14 -2.27 4.18 2.99 3.5
