"Player" "Pos" "X1" "X2" "X3" "X4" "X5" "X6" "X7" "X8" "X9" "X10" "X11" "X12" "X13" "X14" "X15" "X16" "X17"
"A.J. McCarron" "QB" 0.54 0.5 0.63 0.61 0.57 0.58 NA 0.83 0.72 0.15 0.13 0.13 0.16 0.09 0.11 0.08 0.1
"Aaron Jones" "RB" 0 0 5.42 5.58 8.76 7.16 NA 5.88 8.77 11.3 12.08 11.57 15.6 14.81 12.12 13.87 14.74
"Aaron Rodgers" "QB" 22.36 19.52 20.7 22.61 21.59 21.89 NA 23.08 23.17 23.58 20.8 22.62 22.55 23.98 20.5 22.68 27.06
"Adam Humphries" "WR" 2.14 2.32 2.2 3.92 NA 3.72 3.57 2.62 4 3.88 4.75 4.99 6.89 6.75 6.2 3.62 4.79
"Adam Shaheen" "TE" 0 0 0 0 NA 0 0 0.5 0.51 0.57 0.53 0 0.45 0.25 0.25 0.23 0.24
"Adam Thielen" "WR" 11.05 10.03 11.35 9.78 12.27 13.17 14.47 15.43 14.51 NA 12.08 13.32 13.8 14.43 13.38 14.24 12.45
"Adrian Peterson" "RB" 3.71 9.35 9.32 NA 9.69 11.34 11.45 11.6 14.21 12.78 10.33 11.47 13.34 11.07 9.37 9.49 11.82
"Alan Cross" "TE" 0.67 0.57 0.54 0.49 NA 1.06 0.44 0.57 0.58 0.46 0.46 1.1 0.56 0.28 0.26 0.22 0.31
"Aldrick Robinson" "WR" NA NA 0.5 0.43 2.13 0.51 0.54 0.79 4.6 NA 1.13 3.26 0.84 1.22 0.59 0.56 0.68
"Alex Armah" "RB" 0.69 0.61 0.63 NA 0.59 0.39 0.3 0.69 1.16 1.03 0.99 1.11 1.02 0.74 0.71 1.29 0.67
"Alex Erickson" "WR" 0.47 0.5 0.79 0.82 1.26 1.07 1.48 0.9 NA 1.6 0.52 0.52 0.68 0.27 0.38 0.27 0.29
"Alex Tanney" "QB" 0 0 0 0 0 0 0 0 NA 0 0 0 0 0 0 0 0
"Alfred Blue" "RB" 3.38 2.71 4.54 4.98 8.86 6.58 5.31 4.67 4.71 NA 5.08 4.16 3.68 3.6 4.13 4.31 4.33
"Alfred Morris" "RB" 5.23 7.48 8.35 6.96 6.2 6.73 3.74 5.54 5 4.69 NA 0 0 1.52 0 0.84 0.92
"Allen Hurns" "WR" 4.5 4.92 4.66 4.73 4.9 4.48 3.64 NA 2.44 1.98 3.61 3.36 2.08 1.89 2.3 2.49 1.74
"Allen Robinson" "WR" 8.56 8.46 8.4 7.7 NA 8.03 7.2 0 0 7.2 8.36 9.17 8.41 8.22 8.71 9.09 8.04
"Alshon Jeffery" "WR" 0 0 0 3.85 9.19 9.03 10.67 10.99 NA 10.41 10.33 9.18 8.39 8.27 8.01 8.84 7.54
"Alvin Kamara" "RB" 19.29 18.49 16.06 17.7 17.45 NA 13.68 14.82 18.52 17.89 19.44 18.78 16.97 18.84 17.69 17.13 19.85
"Amari Cooper" "WR" 8.35 8.45 8.25 10.1 9.01 7.5 NA NA 6.57 7.02 8.72 8.67 9.76 9.34 11.59 10.77 9.18
"Ameer Abdullah" "RB" 0 0 1.71 0 2.31 NA 1.6 1.63 0 NA 0.39 0.37 0.24 0.29 0.35 0.34 0.37
"Andre Holmes" "WR" 0.97 0.44 0.45 0.53 0.39 2.02 2.46 2.73 1.05 1.78 NA 2.71 2.79 0.51 0.5 0.67 0.59
"Andre Roberts" "WR" NA NA 0.43 0.26 0.27 0.24 0.58 2.16 0.72 1 NA 0.97 0.11 0.52 1.28 0.22 0.23
"Andrew Luck" "QB" 18.05 15.88 14.26 18.38 16.92 15.45 18.69 21.61 NA 16.15 17.64 20.7 20.01 18.24 20.28 19.18 18.44
"Andy Janovich" "RB" 0.84 0.85 1.25 1.01 1.34 1.31 1.49 1.16 1.28 NA 1.05 1.23 1.31 1.51 1 1.54 1.16
"Andy Jones" "WR" 0.51 0.54 0.47 0.56 0.6 NA 0.68 0.7 0.58 0.57 0.75 1.21 0.14 0.13 0.25 0.11 0.14
"Anthony Firkser" "TE" NA NA NA NA NA NA 0.65 NA 0.78 0.88 0.88 0.87 0.97 0.87 2.87 2.75 3.29
"Anthony Miller" "WR" 5.15 4.07 3.4 0 NA 4.19 4.04 6.34 5.6 5.72 5.21 6.41 5.42 4.89 4.24 4.4 5.2
"Anthony Sherman" "RB" 0.41 0.56 0.6 0.63 0.5 0.47 0.45 0.44 0.44 0.53 0.42 NA 0.42 0.38 0.47 0.49 0.73
"Antonio Brown" "WR" 12.94 14.65 15.35 15.87 15.59 14.88 NA 14.53 12.15 13.91 12.81 12.69 13.2 15.31 12.76 13.4 14.15
"Antonio Callaway" "WR" 4.39 4.32 6.27 6.42 6.8 6.97 6.24 4.35 4.16 5.27 NA 4.78 5.17 6.02 5 5.63 6.12
"Antonio Gates" "TE" 3.05 2.44 2.54 3.09 3.78 2.57 2.46 NA 1.77 2.81 3 3.01 2.68 3.03 3.15 3.17 2.84
"Antony Auclair" "TE" 0.62 0.53 0.66 0.69 NA 1.05 0.45 0.37 0.29 0.21 0.31 0.64 0.29 0.31 0.31 0.34 0.28
"Auden Tate" "WR" NA NA NA NA NA NA NA NA NA NA -0.06 0.28 0 -0.05 -0.05 -0.05 -0.05
"Austin Carr" "WR" 4.3 4.06 2.13 2.18 1.24 NA 3.75 1.56 1.36 1.24 1.18 4.34 1.31 1.34 1.35 1.12 1.35
"Austin Ekeler" "RB" 5.93 5.43 5.26 6.53 7.42 6.56 12.89 NA 8.42 6.62 6.94 5.09 12.66 10.78 0 6.02 7.47
"Austin Hooper" "TE" 3.37 4.61 3.39 3.94 4.21 6.12 8.2 NA 6.82 4.49 6.09 6.95 4.44 6.79 6.15 7.45 7.42
"Baker Mayfield" "QB" 2.19 1.78 0.88 18.36 13.22 17.36 17.72 16.12 18.32 18.02 NA 17.2 17.81 18.31 16.84 19.19 15.34
"Ben Braunecker" "TE" 0.59 0.59 0.42 0.61 NA 0.48 0.32 0.3 0.17 0.15 0.44 0.49 0.35 0.21 0.09 0.08 0.16
"Ben Koyack" "TE" NA NA NA NA NA NA NA NA NA NA NA 1.42 2.21 1.73 1.69 1.64 1.34
"Ben Roethlisberger" "QB" 16.58 18.92 21.35 19.29 22.82 20.06 NA 19.65 17.14 20.97 20.69 20.6 19.55 22.37 21.46 21.39 24.52
"Benjamin Watson" "TE" 4.43 5.18 4.84 5.88 5.16 NA 4.51 5.02 5.08 5.54 5.27 5.24 2.75 2.4 2.44 2.79 2.55
"Bennie Fowler" "WR" NA 0 NA NA NA NA 1.99 0.84 NA 0.43 0.46 0.49 0.74 2.25 2.5 0.66 0.67
"Benny Cunningham" "RB" 1.06 1.03 1.2 0.52 NA 0.48 0.61 0.46 0.3 0.32 0.3 0.31 0 0.17 0.16 0.33 0.27
"Blaine Gabbert" "QB" 0.4 15.24 9.72 0 0.34 0.69 0.48 NA 0.51 0.53 0.39 0.61 0.77 0.69 0.69 0.73 0.79
"Blake Bell" "TE" NA NA NA NA NA NA 1.05 2.21 NA 2.65 1.69 1.63 1.68 1.55 1.09 1.25 0.91
"Blake Bortles" "QB" 14.58 16.97 17.51 16.2 19.98 18.66 17.1 14.78 NA 15.87 15.61 11.87 1.09 1.05 1.08 1 0.77
"Blake Jarwin" "TE" 4.51 3.15 1.56 1.74 1.59 1.25 1.24 NA 1.79 1.93 1.22 1.62 0.76 1.21 3.41 3.47 3.59
"Bobo Wilson" "WR" NA NA NA NA NA NA NA NA NA NA NA NA 0.79 1.17 0.55 0.25 0.22
"Brandin Cooks" "WR" 8.64 9.77 9.96 10.84 12.13 10.51 12.47 12.4 12.71 12.59 11.84 NA 12.42 9 11.68 11.61 10.58
"Brandon Bolden" "RB" 0.54 0.52 0.52 0.43 0.58 0.37 0.61 0.52 0.44 0.57 NA 0.62 0.4 0.26 0.2 0.23 0.18
"Brandon Marshall" "WR" 4.59 6.41 5.46 4.19 3.08 3.69 NA 2.38 0 NA 0 0 0 0 0 0 0
"Brandon Powell" "WR" NA NA NA NA NA NA NA NA 2.19 0.57 0 0 0 0 2.02 0.18 0.18
"Brandon Weeden" "QB" 0.77 0.73 0.94 0.82 0.88 0.8 0.73 0.77 0.68 NA 0.69 0.72 0.61 0.71 0.67 0.66 0.73
"Brandon Zylstra" "WR" NA NA NA NA NA 0.52 0.59 0.81 0.62 NA 1.21 0.61 0.6 0.53 0.57 0.56 0.53
"Breshad Perriman" "WR" NA NA 0 NA NA 0 1.07 0.55 0.41 3.97 NA 2.01 1.02 1.94 2.82 3.2 2.08
"Brett Hundley" "QB" 0.64 0.62 1.01 0.88 1.04 1.1 NA 0.91 0.61 0.64 0.69 0.65 0.67 0.59 0.64 0.67 0.72
"Brian Hill" "RB" NA 0.51 1.51 0.94 0 0 0 NA 0 0.43 0.43 0.62 0 0.62 0.38 0.37 0.37
"Brian Hoyer" "QB" 0.78 0.58 0.73 0.99 0.99 0.98 0.67 0.69 0.65 0.62 NA 0.36 0.33 0.38 0.38 0.35 0.44
"Brian Parker" "TE" NA NA NA NA 0.45 0.4 0.37 0.33 0.14 NA 0.13 0.09 0.11 0.11 0.13 0.11 0.13
"Brian Quick" "WR" NA 0.81 0.77 NA 0.67 1.73 3.41 0 0 0.35 0.35 0.41 0.33 0.31 0.16 0.16 0.16
"Brice Butler" "WR" NA NA NA 0.81 0.87 0 1.91 NA NA NA NA -0.06 -0.03 0.91 0.43 0.45 0.41
"Brock Osweiler" "QB" 0 0 0 0 0 11.9 14.25 14.66 14.29 14.08 NA 0.82 0.71 0.76 0.68 0.71 0.69
"Bruce Ellington" "WR" 3.18 2.71 3.1 0 0 0 0 0 0 NA 3.17 5.78 4.51 5.82 0 5.16 4.59
"Buddy Howell" "RB" NA NA NA 1.39 1.62 0.41 0.34 0.72 0.53 NA 0.76 1.08 0.81 0.99 0.61 0.65 0.47
"Byron Marshall" "WR" 0 0 0 NA 0 0 NA NA NA NA 0.52 -0.03 0 -0.06 0.09 0.1 0.11
"C.J. Anderson" "RB" 5.1 5.74 5.37 NA 6.18 3.54 1.8 2.41 1.84 1.74 NA NA NA 0 0 0 0
"C.J. Beathard" "QB" 0.67 0.9 0.86 14.05 12.92 14.14 15.46 11.84 0.81 0.92 NA 0.84 0.68 0.52 0.6 0.43 0.66
"C.J. Ham" "RB" 0.53 0.6 0.55 0.48 0.45 0.41 0.61 0.62 0.4 NA 0.2 0.17 0.28 0.17 0.17 0.17 0.18
"C.J. Uzomah" "TE" 0.5 0.33 0.36 0.56 3.49 4.03 5.74 5.35 NA 5.3 5.44 3.65 3.7 4.2 4.61 3.99 4.45
"Calvin Ridley" "WR" 4.15 4.23 3.09 6.83 7.75 8.17 6.86 NA 7.99 7.59 8.52 7.8 6.92 6.77 7.14 7.49 7.62
"Cam Newton" "QB" 19.87 18.22 20.18 NA 23.25 20.43 18.19 19.66 25.72 21.17 23.76 22.22 25.79 20.36 23.5 24.86 22.14
"Cameron Artis-Payne" "RB" 0 2 1.25 NA 0 0 0 0 0 0 1.53 0.71 0.21 0.2 0.74 1.01 0.67
"Cameron Batson" "WR" NA NA NA NA NA NA 0.6 NA 0.26 0.4 3.58 2.93 2.99 1.72 1.75 1.81 1.66
"Cameron Brate" "TE" 4.81 2.42 2.43 3.89 NA 4.41 3.62 3.64 2.12 3.27 2.44 5.32 5.86 6.21 5.9 6.88 8.06
"Carlos Hyde" "RB" 8.59 10.03 11.24 11.7 10.39 12.06 0 8.16 NA 2.46 1.35 1.59 9.08 1.92 0 0.87 0.64
"Carson Wentz" "QB" 0 0 19.52 19.86 19.39 17.73 18 15.23 NA 19.58 19.64 19.3 17.14 16.91 NA NA NA
"Case Keenum" "QB" 12.53 17.08 12.85 17.84 15.61 16.86 16.94 19.49 18.34 NA 16.75 16.19 17.98 17.63 14.04 20.48 17.01
"Chad Beebe" "WR" NA NA NA NA NA NA NA NA NA NA 1.76 0 0 0 0 0.89 0.89
"Chad Henne" "QB" 0.46 0.54 0.58 0.35 0.47 0.42 0.49 0.72 0.55 0.65 0.63 NA 0.58 0.54 0.72 0.59 0.61
"Chad Williams" "WR" 1.73 1.88 1.94 0.78 3.86 3.11 2.38 1.81 NA 0 0 0 0 0 0 1.22 0.97
"Charcandrick West" "RB" NA NA NA NA NA NA NA NA NA NA NA NA NA 0 5.24 1.21 1.47
"Charles Clay" "TE" 4.25 4.32 4.02 4.18 4.51 4.77 4.37 4.35 2.96 0 NA 0 2.61 2.19 0.86 0.99 0.87
"Charone Peake" "WR" 0.6 0.67 0.73 0 0 0 1.39 0.84 2.35 0.92 NA 1.01 0.52 0.35 0.43 0.68 0.65
"Chase Daniel" "QB" 0.75 0.76 0.79 0.91 NA 0.77 0.81 0.68 0.6 0.67 0.58 14.79 14.59 0.55 0.59 0.63 0.43
"Chase Edmonds" "RB" 4.47 3.93 4.04 3.81 4.03 1.22 1.13 1.28 NA 0.61 0.7 1.03 2.13 3.78 2.91 3.25 2.33
"Chester Rogers" "WR" 3.47 2.78 2.6 2.78 6.73 7.4 7.35 7.08 NA 4 3.01 2.71 2.94 2.99 3.5 2.43 2.27
"Chris Carson" "RB" 7.79 7.98 6 0 7.35 11.48 NA 10.02 11.73 0 10.42 11.13 11.51 10.42 11.86 13.56 12.25
"Chris Conley" "WR" 2.15 2.51 3.21 3.54 4.03 2.15 2.3 2.03 2.58 3.5 2.56 NA 6.44 6.32 4.72 5.36 5.46
"Chris Godwin" "WR" 4.36 5.11 4.49 5.58 NA 6.1 6.08 6.59 5.94 5.51 6.55 6.15 7.99 8.66 8.1 7.77 8.75
"Chris Herndon" "TE" NA NA 2.91 0.95 0.93 1.12 2.78 3.07 4.21 2.29 NA 4.01 5.9 4.33 4.86 5.42 3.48
"Chris Hogan" "WR" 10.52 9.55 8.48 5.93 4.64 4.85 5 4.2 6.04 3.71 NA 2.97 3.5 3.49 4.41 4.47 4.59
"Chris Ivory" "RB" 4.03 4.69 6.79 5.6 5.61 4.79 4.77 5.29 4.05 0 NA 4.05 4.16 5.41 0 4.94 5.3
"Chris Manhertz" "TE" 0.37 0.39 2.96 NA 1.25 0.52 0.15 0.14 0.16 0.15 0.19 0.08 0 0 0 0 0
"Chris Moore" "WR" 0.29 0.39 0.49 0.45 0.66 0.5 0.43 0.49 0.32 NA 0.42 0.36 0.41 0.51 0.6 0.4 0.45
"Chris Thompson" "RB" 6.44 9.95 8.98 NA 8.8 0 0 6.68 0 0 0 0 6.33 5.9 4.22 4.54 4.78
"Christian McCaffrey" "RB" 14.11 12.35 13.11 NA 15.54 14.75 13.01 13.5 15.65 14.3 18.55 17.66 18.9 17.74 18.78 24.21 17.39
"Clive Walford" "TE" NA NA NA NA NA NA NA NA NA NA NA NA 0 1.03 1.07 0.62 0.61
"Cody Core" "WR" 0 0 0.39 0.58 1.51 1.35 0.07 0.75 NA 1.39 2.41 2.37 0.63 0.92 1.72 1.43 1.26
"Cody Kessler" "QB" 0.46 0.59 0.55 0.54 0.88 0.79 0.8 0.38 NA 0.22 0.24 0.25 15.18 12.94 11.11 12.98 10.14
"Cole Beasley" "WR" 2.6 4.49 4.38 4.44 4.5 4.5 5.8 NA 5.84 4.29 5.19 4.24 5.04 3.87 3.1 3.2 2.55
"Cooper Rush" "QB" 0.68 0.73 0.65 0.82 0.79 0.79 0.66 NA 0.71 0.7 0.69 0.72 0.81 0.75 0.73 0.72 0.76
"Cordarrelle Patterson" "WR" 1.95 1.36 0.91 0.31 1.97 2.85 3.34 3.34 5.08 4.87 NA 1.85 1.75 2.64 2.08 2.84 2.11
"Corey Clement" "RB" 4.8 5.73 10.4 0 2.04 9.33 9.29 6.67 NA 4.71 4.14 4.2 4.18 4.79 0 0 0
"Corey Coleman" "WR" NA 0 NA NA NA NA NA 1.87 NA 2.82 1.9 2.48 1.32 2.2 2.47 2.24 2.02
"Corey Davis" "WR" 7.61 8.25 8.03 8.35 9.16 8.49 6.97 NA 6.25 7.64 10.42 8.49 8.48 8.55 9.02 8.66 10.9
"Courtland Sutton" "WR" 3.08 4.48 2.41 4.06 4.99 4.7 4.69 3.73 7.26 NA 5.84 5.66 5.82 9.55 7.01 8.78 7.57
"Curtis Samuel" "WR" 0 0 0 NA 1.68 2.52 0.94 2.99 5.35 5.14 4.28 5.56 4.82 4.51 6.57 5.05 4.67
"D'Onta Foreman" "RB" 0 0 0 0 0 0 0 0 0 NA 0 1.45 0.54 0 0 1.43 1.03
"D.J. Chark" "WR" 1.58 1.44 0.62 0.56 0.61 1.52 1.28 0.84 NA 1.42 1.28 0 0 0 0 1.22 1.52
"DaeSean Hamilton" "WR" NA NA NA 0.55 0.57 0.65 0.57 0 0 NA 0.35 0.14 0.16 3.58 6.13 5.12 6.04
"Dak Prescott" "QB" 15.04 15.59 13.81 17.43 17.57 14.58 17.95 NA 18.59 15.86 18.53 17.81 18.63 18.31 17.7 19.03 16.75
"Dallas Goedert" "TE" 2.47 3.02 3.15 3.45 2.64 2.93 2.77 1.8 NA 2.41 2.59 2.54 2.42 1.58 3.71 2.27 2.9
"Dalton Schultz" "TE" NA NA NA NA NA NA NA NA 0.47 0.5 0.37 0.78 0.44 0.55 1.01 0.43 0.36
"Dalvin Cook" "RB" 13.38 12.7 0 8.07 0 0 0 0 4.12 NA 10.25 11.52 10.93 10.68 11.67 10.4 9.15
"Damien Williams" "RB" 0.33 0.4 0.35 0.32 0.27 0.28 0.37 0.34 0.28 0.27 0.27 NA 4.37 3.19 10.77 4.47 6.37
"Damion Ratley" "WR" NA NA NA NA NA NA 4.01 2.9 2.35 0.89 NA 0.33 0.41 0.48 0.4 0.42 0.42
"Dan Arnold" "TE" NA NA NA NA NA NA NA 0.4 0.6 0.46 0.49 0.59 1.7 0 2.08 1.99 2.18
"Daniel Brown" "TE" 0 0.58 0.49 0.63 NA 0.49 0.61 0.51 0.51 0.57 0.53 0.5 0.45 0.58 0.52 0.42 0.41
"Danny Amendola" "WR" 5.16 4.27 4.64 5.39 4.95 4.26 5.12 6 5.16 4.41 NA 5.57 0 1.79 3.66 4.11 3.6
"Dante Pettis" "WR" NA 5.99 4.74 2.39 0 0 0 3.39 3.07 4.06 NA 4.77 6.44 7.79 7.15 6.9 5.56
"Dare Ogunbowale" "RB" NA NA NA NA NA NA NA NA NA NA NA 1.18 1.2 0.58 0.35 0.35 0.76
"Darius Jennings" "WR" 0.65 0.7 0.45 0.48 0.5 0.45 0.41 NA 0.19 0.48 0.83 0.85 0.83 0.36 0.34 0.46 0.35
"Darrel Williams" "RB" NA NA NA NA NA NA NA NA NA NA NA NA NA 0.53 2.45 0.15 0.16
"Darrell Daniels" "TE" 0.27 0.21 2.87 0 NA 2.42 NA 0.82 0.61 0.5 0.46 0.46 0.37 0.24 0.14 0.13 0.11
"Darren Fells" "TE" 1.48 1.33 2.14 2.99 2.29 3.17 2.55 2.01 2.69 2.78 NA 2.38 2.34 2.79 2.54 2.79 2.52
"Darren Sproles" "RB" 3.72 0 0 0 0 0 0 0 NA 0 0 0 4.3 3.87 5.7 5.78 5.04
"Darren Waller" "TE" NA NA NA NA NA NA NA NA NA NA NA NA 0 0.46 0.53 0.48 0.56
"Darrius Heyward-Bey" "WR" 1.62 1.51 0.77 2.12 0 0 NA 0.36 0.59 0.76 0.22 0.18 0.15 0.23 0.2 0.25 0.21
"Davante Adams" "WR" 9.99 9.71 11.35 11.85 13.1 12.33 NA 12.43 10.76 13.99 11.46 12.6 12.88 15.77 12.78 11.63 15.91
"David Fales" "QB" 0 0 0 0 0 0 0 0 0 0 NA 0 0 0 0 0 0
"David Fluellen" "RB" 0.97 0.91 0 0 1.01 1.39 1.55 NA 0.19 0.27 0 0 0 0 0 0.21 0.21
"David Johnson" "RB" 18.44 14.9 11.35 10.72 14.08 10.57 10.87 12.74 NA 12.77 14.75 13.97 12.23 12.98 13.36 12.36 9.8
"David Moore" "WR" NA 0.63 1.67 1.31 0.48 3.76 NA 3.3 2.65 4.04 3.19 3.04 5.73 7.11 5.7 3.42 3.15
"David Morgan" "TE" 1.36 1.27 0 1.77 1.74 1.53 1.55 1.47 1.24 NA 0 0 0 0 0.97 0.94 1.17
"David Njoku" "TE" 4.12 5.14 4.43 5.89 5.83 6.44 7.19 7.31 7.54 7.31 NA 5.74 6.71 6.43 6.07 6.34 6.07
"David Williams" "RB" NA NA NA NA NA NA NA 0.57 NA 0 0 0 0.26 0 0.1 0.1 0.09
"De'Lance Turner" "RB" NA NA NA NA 0.94 1.37 1.4 1.19 0.87 NA 0.6 0.44 0.64 0.53 0.53 0.52 0.5
"DeAndre Carter" "WR" NA 0.81 0 0.76 0.78 0.66 0.43 0.32 NA 0 0.43 0.18 0.7 0.4 0.13 0.15 0.16
"DeAndre Hopkins" "WR" 14.98 12.4 13.01 14.53 15.31 14.46 11.41 15.01 12.6 NA 12.56 13.3 13.49 15.84 12.61 12.83 12.35
"DeAndre Washington" "RB" 0 0 0 0 0 0 NA 1.06 0.1 0.48 0.38 2.58 0.96 1.53 0.73 0.74 0.85
"Dede Westbrook" "WR" 4.79 4.34 4.82 4.5 6.16 6.09 6.42 5.6 NA 6.45 4.77 4.22 6.67 5.56 7.74 6.67 5.17
"Demarcus Robinson" "WR" 0.47 0.39 0.38 0.39 1.03 0.29 0.29 0.54 0.75 1.7 0.39 NA 0.37 0.86 0.37 0.37 0.28
"Demaryius Thomas" "WR" 8.73 9.74 8.51 8.78 7.92 8.7 7.66 9.38 8.28 NA 5.62 5.61 5.81 6.57 5.74 5.23 5.69
"Demetrius Harris" "TE" 0 1.86 2.97 1.95 2.81 1.97 2.23 3.79 3.25 3.29 3.01 NA 2.71 2.78 3.58 3.92 2.69
"Deontay Burnett" "WR" NA NA NA NA NA NA NA 0.98 0.55 0 NA 0 0.36 0 0 0.31 0.34
"Deonte Thompson" "WR" 1.87 2.28 3.68 3.49 3.36 2.71 1.07 NA 0.99 0 NA 0.43 0.27 0.34 0.36 0.32 0.36
"Derek Anderson" "QB" NA NA NA NA NA 0 14.11 8.79 0 0 NA 0 0 0 0 0.21 0.25
"Derek Carr" "QB" 14.26 11.98 13.33 15.92 14.83 15.77 NA 15.57 16.38 17.31 13.44 11.99 15.78 14.96 16.62 16.05 16.01
"Derek Carrier" "TE" 1.01 1.18 1.37 1.6 1.24 1.09 NA 0.81 0.95 0.94 0.39 0.46 0.49 0.59 1.22 1.05 1.17
"Derek Watt" "RB" 0.75 0.72 0.74 0.91 1.04 0.56 1.94 NA 0.35 0.42 0.23 0.23 0.16 0.23 0.23 0.28 0.25
"Derrick Coleman" "RB" NA 0.28 0.18 0.24 0.2 0.2 0.23 0.21 NA 0.24 0.22 0.24 0.16 0.17 0.17 0.19 0.18
"Derrick Henry" "RB" 9.4 9.16 8.99 8.74 10.03 7.21 7.6 NA 5.89 5.65 6.23 5.2 6.24 5.94 8.95 8.85 8.04
"Deshaun Watson" "QB" 19.16 18.95 19.66 22.18 23.21 20.62 18.15 21.47 19.24 NA 18.54 19.86 18.83 21.92 19.72 20.14 20.02
"DeShone Kizer" "QB" 0.98 1.39 0.77 0.96 0.72 0.6 NA 0.15 0.17 0.2 0.15 0.15 0.19 0.2 0.15 0.18 0.2
"Detrez Newsome" "RB" NA NA 0.49 NA NA NA 1.17 NA 0 0.12 0 0.07 0.8 1.1 3.07 0.51 0.51
"DeVante Parker" "WR" 0 0 5.34 0 0 3.97 0 4.72 5.15 6.31 NA 3.95 5.1 6.56 6.22 5.09 5.24
"Devin Funchess" "WR" 7.9 7.73 8.26 NA 9.53 7.95 7.44 8.4 9.23 8.73 8.34 0 4.78 5.48 4.34 3.82 3.12
"Devontae Booker" "RB" 5.35 5.6 1.92 2.25 1.58 3.08 2.88 4.87 5.59 NA 1.89 1.4 1.51 2 1.51 1.91 1.71
"Dion Lewis" "RB" 6.85 8.04 8.89 8.45 8.28 8.42 7.42 NA 6.12 9.72 10.05 8.02 9 7.09 7.3 7.57 7.26
"Dion Sims" "TE" 2.15 2.48 1.06 2.06 NA 1.29 1.05 1.03 0.27 0 0 0.37 0.35 0.21 0.14 0.13 0.15
"DJ Moore" "WR" 5.19 4.31 3.41 NA 3.25 5.88 4.94 4.24 7.5 6.39 5.25 8.52 6.68 6.42 8 7.7 7.81
"Donte Moncrief" "WR" 4.45 4.17 6.04 5.71 5.69 6.78 5.55 5.52 NA 6.11 5.86 5.25 5.78 5.22 4.95 6.15 5.28
"Dontrell Hilliard" "RB" NA NA NA NA NA NA 0.58 0.58 0.33 0.23 NA 0.22 0.24 0.45 0.43 0.43 0.39
"Dontrelle Inman" "WR" NA NA NA NA NA NA 0.94 1.46 NA 2.05 2.94 3.89 3.8 0 4.18 5.41 5.32
"Doug Baldwin" "WR" 9.27 0 0 7.83 9.06 9.08 NA 7.45 7.96 8.07 7.32 8.24 7.81 0 7.09 6.97 8.25
"Doug Martin" "RB" 4.94 3.81 5.43 4.49 4.94 3.26 NA 6.55 7.26 8.17 7.77 7.18 10.1 10.04 10.84 10.66 11.4
"Drew Brees" "QB" 24.06 23.92 19.97 22.68 21.26 NA 19.45 22.63 23.12 22.13 21.6 25.66 23.25 24.67 23.73 23.85 26.63
"Drew Stanton" "QB" 0 0 0 0.96 0 0 0 0 0 0 NA 0 0 0 0 0 0
"Duke Johnson Jr." "RB" 7.5 6.42 4.67 6.12 4.55 4.83 8.44 5.21 6.04 6.84 NA 6.44 4.96 4.52 4.04 5.1 2.43
"Durham Smythe" "TE" NA NA NA NA 0.49 0.48 0.48 0.3 0.18 0 NA 0.15 0.28 0.29 0.22 0.19 0.2
"Dwayne Allen" "TE" 1.99 0.72 1.19 1.49 1.17 0.79 0.83 0.52 1.36 1.81 NA 0 0 0 0.68 0.86 0.88
"Dwayne Harris" "WR" 0.62 0 0.65 0.4 0.38 0.44 NA 0.38 0.14 0.32 0.13 0.15 0.12 0.08 0.06 0.07 0.06
"Dwayne Washington" "RB" NA NA NA 1.2 0.36 NA 0.23 0.18 0.09 0.09 0.5 0.28 0.19 0.17 0.19 0.23 0.21
"Ed Dickson" "TE" 0 0 0 0 0 0 NA 1.7 3.03 2.91 2.64 2.9 2.95 2.5 2.42 2.23 1.79
"Eli Manning" "QB" 10.9 15.42 15.64 18.07 13.7 14.69 18.5 16.16 NA 16.04 17.77 15.77 16.63 16.21 16.38 18.25 16.28
"Eli Rogers" "WR" 0 0 0 0 0 0.5 NA 0.52 0.59 0.76 0.63 0.72 0.77 0.88 0.74 0.69 0.7
"Elijah McGuire" "RB" 0 0 0 0 0 0 0 1.99 4.65 6.1 NA 5.86 6.6 4.98 9.22 10.96 10.17
"Elijhaa Penny" "RB" NA NA 0.55 0.7 0.66 0.42 0.62 0.29 NA 0.3 2.06 0.32 0.32 0.32 0.46 0.37 0.43
"Equanimeous St. Brown" "WR" NA NA NA NA NA 4.34 NA 3.22 2.65 7.45 3.89 3.2 2.33 1.73 1.21 1.59 1.85
"Eric Ebron" "TE" 3.51 4.24 6.21 5.46 6.17 7.82 7.56 8.54 NA 5.08 7.59 6.75 8.6 9.07 8.93 8.84 8.45
"Eric Saubert" "TE" 0.97 1 2.17 1.91 1.81 1.81 1.27 NA 0.5 0.6 0.78 0.6 0.33 0.66 0.96 0.89 0.94
"Eric Tomlinson" "TE" 0.5 1.12 1.81 1.38 2.32 2.27 1.94 1.37 1.43 1.34 NA 0.86 1.01 1.09 0.56 0.47 0.47
"Erik Swoope" "TE" 0.58 0 1.91 0 1.71 1.57 1.78 0 NA 0 0 0 0.95 0.9 0 0 0
"Evan Engram" "TE" 6.06 6.56 7.25 0 0 0 6.33 7.09 NA 6.38 6.83 6 0 6.26 6.36 6.62 6.15
"Ezekiel Elliott" "RB" 14.51 16.97 17.57 17.93 17.41 16.29 17.84 NA 16.1 14.88 19.98 17.24 17.62 17.51 19.17 21.08 18.33
"Frank Gore" "RB" 5.11 5.6 7.18 7.04 6.27 7.1 7.79 6.59 5.42 8.57 NA 8.74 8.44 7.47 8.23 8.01 7.77
"Garrett Celek" "TE" 1.77 2.57 1.97 4 2.14 3.39 2.58 1.53 2.88 2.2 NA 2.42 1.46 1.48 1.11 0.88 1.09
"Gehrig Dieter" "WR" NA NA NA NA NA NA NA NA NA NA NA NA NA -0.06 0 -0.03 -0.03
"Geno Smith" "QB" 0.29 0.28 0.57 0.81 1.04 0.69 0.37 NA 0.42 0.35 0.14 0.2 0.23 0.27 0.26 0.3 0.21
"Geoff Swaim" "TE" 1.36 1.73 2.67 3.88 3.41 3.13 1.87 NA 0 0.9 1.07 0 0 0 0 0.94 0.76
"George Kittle" "TE" 3.68 7.23 6.78 5.18 6.15 7.14 8.49 7.56 10.12 8.49 NA 9.69 8.05 7.03 8.83 8.96 8.39
"Gerald Everett" "TE" 2.23 2.04 2.25 1.72 1.35 1.75 2.33 1.39 1.68 1.95 2.55 NA 3.3 3.02 4.22 4.25 3.55
"Geremy Davis" "WR" 0 0.5 0.58 0.85 1.88 1.27 1.75 NA 0.62 0 0.65 0.66 -0.03 -0.03 -0.03 -0.03 -0.03
"Giovani Bernard" "RB" 6.72 4.83 9.99 11.66 0 0 0 0 NA 3.54 4.61 4.38 4.9 3.8 4.5 3.31 3.66
"Golden Tate" "WR" 9.82 9.36 10.87 10.5 11.58 NA 10.08 8.2 NA 9.02 7.67 6.84 7.24 8.45 7.37 9.04 7.89
"Gus Edwards" "RB" NA NA NA NA NA NA 1.38 2.16 1.15 NA 0.62 9.46 9.13 11.61 11.59 10.14 8.69
"Hayden Hurst" "TE" 0 0 0 0 4.7 2.75 1.55 1.03 2.88 NA 1.76 1.5 2.13 2.22 2.24 1.6 1.53
"Ian Thomas" "TE" NA 3.15 3.78 NA 3.93 1.92 1.78 1.04 1.07 1.04 0.97 0.86 0.9 2.94 4.04 4.59 3.92
"Isaiah Crowell" "RB" 7.22 7.42 7.48 6.14 6.33 7.7 7.3 8.21 7.57 7.71 NA 7.45 6.93 7.57 NA NA NA
"Isaiah Ford" "WR" NA NA NA NA NA NA NA NA NA NA NA NA NA 0 0 -0.03 -0.03
"Isaiah McKenzie" "WR" NA NA NA NA NA NA NA NA NA 0.54 NA 0.24 0.47 1.96 5.74 4.99 6
"Ito Smith" "RB" NA 1.54 5.15 3.58 2.88 6.27 6.72 NA 5.79 6.51 6.56 5.91 4.72 5.54 5.3 7.15 7.01
"J'Mon Moore" "WR" 0 0 0 0.79 4.92 3.05 NA 0 0.18 1.48 0.18 0.43 0.43 0.18 0.18 0.18 0.18
"J.D. McKissic" "RB" 0 0 0 0 0 0 NA 0 0 0 0 0 0.35 0.08 0.03 0.03 0.03
"J.J. Nelson" "WR" 4.46 1.75 1.56 0.33 0.34 0.35 0.39 0.37 NA 0.08 0.07 0.11 0.08 0.08 0.52 0.21 0.24
"Jacob Hollister" "TE" 0 0.26 0 0 1.35 0.55 0 0 0 0.49 NA 1 1.02 1.22 0 0.54 0.53
"Jacoby Brissett" "QB" 1.88 1.36 0.57 1.06 0.87 0.71 0.61 0.58 NA 0.26 0.16 0.19 0.3 0.32 0.36 0.39 0.38
"Jacquizz Rodgers" "RB" 1.55 1.62 4.73 3.2 NA 2.66 0.99 0.63 0.7 0.53 2.7 1.83 1.46 1.11 1.35 1.02 1.28
"Jake Kumerow" "WR" NA NA NA NA NA NA NA NA NA NA NA NA NA 0.51 0.35 0.51 0.46
"Jalen Richard" "RB" 1.95 1.13 1.81 3.77 5.56 5.25 NA 7.19 7.31 6.15 4.08 3.58 5.98 5.94 4.13 4.35 3.84
"Jalen Tolliver" "WR" NA NA NA NA NA NA NA NA NA NA NA NA NA NA 1.26 0.61 0.62
"Jamaal Williams" "RB" 10.8 10 7.68 6.85 6.53 6.25 NA 5.58 3.94 5.02 3.54 2.48 3.04 4.15 3.25 3.91 4.26
"Jameis Winston" "QB" 0 0 0 0.72 NA 20.24 17.74 21.95 1.31 1.18 0.97 19.01 20.49 19.95 15.97 17.81 22.1
"James Conner" "RB" 13.01 13.69 13.02 11.91 13.33 12.96 NA 15.17 14.2 18.49 16.63 16.79 16.1 0 0 14.37 17.89
"James Develin" "RB" 0.19 0.13 0.24 0.2 0.23 0.15 0.2 0.16 0.09 0.09 NA 0.38 0.38 0.34 0.36 0.4 0.44
"James O'Shaughnessy" "TE" 1.26 1.23 1.99 2.11 1.93 3.09 0 0 NA 1.24 3.63 3.63 3.72 3.51 2.99 2.61 1.98
"James Washington" "WR" 3.52 4.27 3.33 3.37 2.92 3.1 NA 0 1.79 1.39 1.53 0.3 0 0.29 0.41 0.4 0.37
"James White" "RB" 7.76 6.2 6.8 6.16 10.33 11.77 9.27 12.3 13.28 12.1 NA 11.69 10.68 11.09 9.1 9.77 10.1
"Jamison Crowder" "WR" 6.48 6.51 6.37 NA 6.81 0 0 0 0 0 0 0 3.25 5.17 3.62 4.19 4.55
"Jamize Olawale" "RB" NA NA 0.34 0.49 0.53 0.27 0.32 NA 0.05 0.03 0.05 0.03 0.33 0.25 0.19 0.26 0.19
"Jared Cook" "TE" 4.59 5.46 6.76 7.11 7.48 7.27 NA 7.37 8.53 7.3 7.5 6.96 8.31 7.54 7.65 6.66 9.01
"Jared Goff" "QB" 19.08 17.42 16.72 17.71 19.18 20.55 23.04 23.55 24.16 21.32 24.57 NA 25.51 19.52 20.8 19.69 22.2
"Jarius Wright" "WR" 0.59 0.6 3.01 NA 3.11 2.95 2.8 4.25 1.08 1.2 1.35 1.47 1.56 3.15 3.87 4.37 3.75
"Jaron Brown" "WR" 1.8 1.71 3.08 3.59 1.67 0.52 NA 0.79 0.66 0.88 1.79 0.86 0.71 3.98 5.09 2.6 2.58
"Jarvis Landry" "WR" 8.49 10.74 9.56 9.74 9.62 9.82 10.92 8.45 10.8 11.1 NA 8.71 7.07 9.04 8.22 9.83 6.77
"Jason Croom" "TE" NA 0.39 0.44 0.51 0.64 0.43 0.44 0.37 0.51 0.74 NA 1.36 0.5 0 0.2 0.24 0.2
"Javon Wims" "WR" NA NA NA NA NA 0 0 0.35 0.07 0 0 0 0 0 0 -0.03 -0.03
"Javorius Allen" "RB" 4.65 4.66 4.61 6.39 7.03 6.84 6.9 6.24 5.22 NA 3.42 2.94 1.27 0.28 0.32 0.18 0.2
"Jawill Davis" "WR" NA NA NA NA 1.26 1.1 0 0 NA 0 0 0 0.19 0.2 0.2 0.16 0.15
"Jaylen Samuels" "RB" NA NA NA NA NA NA NA NA 0.34 0.46 0.48 0.5 1.1 10.72 10.77 2.89 2.65
"Jeff Driskel" "QB" NA NA NA NA NA NA NA 0.49 NA 0.31 0.66 0.62 15.49 11.15 17.12 10.09 11.18
"Jeff Wilson Jr." "RB" NA NA NA NA NA NA NA NA NA NA NA NA 4.49 10.26 3.93 3.46 4.02
"Jehu Chesson" "WR" NA 0.35 0 NA NA NA 0.54 0.28 0.07 0.04 -0.06 -0.06 -0.06 -0.06 0.03 0.03 0.04
"Jerell Adams" "TE" 0.49 0.49 0.54 1.65 1.39 1.42 1.38 0.79 NA 0.68 0.6 0.67 0.64 1.49 0.73 0.63 0.67
"Jeremy McNichols" "RB" NA NA NA NA NA NA NA NA NA NA NA NA NA 0 0 0.3 0.29
"Jeremy Sprinkle" "TE" 0.61 0.76 0.72 NA 0.62 0.7 0.65 0.24 0.17 0.16 0.1 0.08 0.11 0.12 0.02 0.04 0.04
"Jermaine Gresham" "TE" 0 0 0.43 2.28 1.81 2.16 1.89 2.85 NA 1.27 0.98 1.18 1.05 1 0.73 0.85 0.89
"Jermaine Kearse" "WR" 0 4.21 3.23 2.93 4.03 3.69 7.77 6.88 3.6 4.17 NA 4.57 5.51 3.17 4.73 3.39 3.03
"Jesse James" "TE" 3.81 3.18 4.9 4.19 3.47 3.39 NA 4.09 3.71 4.41 2.4 3.43 3.9 3.75 3.27 3.69 3.55
"Jimmy Graham" "TE" 7.89 6.83 8.15 7.97 8.65 7.46 NA 5.59 6.7 8.02 7.39 6.48 5.94 6.98 5.94 6.24 6.98
"Joe Flacco" "QB" 12.76 12.12 14.16 13.7 14.35 17.48 19 15.27 18.3 NA 0 0 0 0 1.03 0.96 0.86
"Joe Mixon" "RB" 12.94 10.18 0 0 11.08 13.27 14.16 14.89 NA 14.94 11.84 11.89 12.88 12.12 15.99 10.89 11.21
"Joe Webb" "QB" 0 0 0 0 0 0 0 0 0 NA 0 0 0 0 0 0 0
"John Brown" "WR" 5.31 4.53 5.74 6.85 8.45 7.63 9.95 7.42 9.77 NA 7.95 6.59 6.72 4.1 4.69 3.28 3.51
"John Phillips" "TE" NA NA NA NA NA NA NA NA NA 0.5 0.53 0.41 0.47 0.46 0.47 0.4 0.37
"John Ross" "WR" 4.55 4.83 2.17 0.92 0 0 2.36 0 NA 5.91 3.2 4.55 3.34 3.94 4.5 4.05 5
"JoJo Natson" "WR" NA NA 0.27 0 0 1.67 0.55 1.08 0.88 0.68 0.78 NA 0.92 0.5 0.87 0.81 0.87
"Jonathan Williams" "RB" 0.58 0.57 2.54 0 NA NA NA NA NA NA NA 0 0 0 0 0.05 0.05
"Jonnu Smith" "TE" 2.17 4.73 2.81 1.59 2.04 1.38 2.15 NA 0.89 1.63 4.96 3.36 3.91 4.12 NA NA NA
"Jordan Akins" "TE" NA 1.73 2.03 3.13 2.1 2.62 1.68 3.28 2.11 NA 1.71 2.23 1.85 2.4 2.25 2.14 1.72
"Jordan Franks" "TE" NA NA NA NA NA NA NA NA NA 2.99 2.79 0.88 0.79 0.44 0 0.33 0.49
"Jordan Howard" "RB" 12.47 11.86 12.03 13.71 NA 11.76 8.67 8.61 9.39 9.91 7.43 11.2 9.33 9.47 9.11 8.59 6.63
"Jordan Leggett" "TE" 1.65 0 2.24 1.52 1.79 2.27 1.36 1.45 1.21 1.07 NA 1.1 1.59 1.15 1.4 1.86 1.9
"Jordan Matthews" "WR" NA NA 2.83 2.96 2.39 2.2 2.57 1.99 NA 3.54 3.47 4.39 1.71 3.67 3.32 4.43 3.49
"Jordan Reed" "TE" 5.41 7.1 6.39 NA 7.57 7.41 7.18 5.49 5.61 6.43 5.61 5.41 5.96 5.79 0 5.64 6.06
"Jordan Taylor" "WR" 0.44 0.44 0 0 0 0.56 0.54 0.84 2.36 NA 0.76 0.76 0.81 0.93 0.7 0.85 0.93
"Jordan Thomas" "TE" NA 0.62 2.52 2.6 2.37 2.08 2.3 2.69 2.61 NA 2.62 2.51 2.48 3.37 2.8 2.96 2.7
"Jordan Wilkins" "RB" 8.11 6.39 8.38 7.67 6.96 4.56 1.9 1.57 NA 1.5 1.76 1.89 2.95 0.74 0.59 1.04 1
"Jordy Nelson" "WR" 5.91 6.94 5.29 7.03 7.46 5.98 NA 8.16 5.61 5.92 0 1.69 2.73 3.7 5.51 4.78 5.39
"Josh Adams" "RB" NA NA NA 3.5 1.53 2.33 1.91 1.16 NA 3.53 5.91 8.71 9.77 8.11 8.32 6.6 6.94
"Josh Allen" "QB" 0.72 12.96 10.12 16.58 15.35 16.07 0 0 0 0 NA 12.14 16.59 16.08 20.37 17.92 20.16
"Josh Bellamy" "WR" 0.55 0.48 0.56 0.55 NA 0.75 0.79 0.46 1.12 0.75 0.33 0.37 0.38 0.46 0.36 0.33 0.39
"Josh Doctson" "WR" 4.37 6.17 4.17 NA 0 3.97 4.96 4.33 4.52 4.65 4.82 5.57 5.03 3.12 4.17 3.72 3.57
"Josh Gordon" "WR" 4.4 NA 0 7.09 7.16 8.4 7.92 7.3 10.32 9.95 NA 9.75 9.27 10.1 9.75 8.12 9.43
"Josh Hill" "TE" 1.67 1.59 1.39 2.68 2.05 NA 2.4 2.36 2.94 2.28 2.07 2.25 2.34 3.07 2.31 1.95 2.42
"Josh Johnson" "QB" NA NA NA NA NA NA NA NA NA NA NA NA NA 0.77 13.52 16.03 17.14
"Josh Malone" "WR" 0.44 0.38 0.2 0.37 1.01 0.86 0 0.27 NA 0 0 0 0 0 0 0.22 0.17
"Josh McCown" "QB" 0.97 0.99 1.05 0.7 0.91 1.1 0.9 0.79 0.71 11.5 NA 14.55 14.34 0.5 0.47 0.57 0.52
"Josh Reynolds" "WR" 0.52 0.51 0.47 1.26 1.2 2.05 3.3 3.71 2.73 3.58 5.22 NA 6.71 5.81 5 4.89 5.28
"Josh Rosen" "QB" 1.72 1.54 0.81 12.06 14.43 14.01 11.03 10.88 NA 10.9 14.58 12.03 9.47 14.06 13.6 10.28 9.72
"Joshua Dobbs" "QB" NA NA NA NA NA 0.9 NA 0.69 0.65 0.3 0.14 0.17 0.22 0.2 0.37 0.33 0.42
"Joshua Perkins" "TE" NA NA 0.52 0.39 0.46 0.58 0.65 0.26 NA 0.42 0.37 0.33 0.35 0.34 0.28 0.39 0.24
"JuJu Smith-Schuster" "WR" 6.82 9.1 10.3 10.4 11.35 11.76 NA 10.97 9.85 10.98 11.24 11.03 12.76 14.91 12.69 13.4 13.77
"Julian Edelman" "WR" 0 0 0 0 9.81 10.25 9.66 9.04 9.78 10.06 NA 9.45 9.23 8.68 10.06 9.08 10.15
"Julio Jones" "WR" 9.87 11.77 14.27 13.69 14.17 14.14 14.67 NA 12.9 12.65 14.38 13.86 12.18 14.8 13.34 14.93 14.89
"Justin Davis" "RB" 0.56 0.53 0.48 0.36 0.54 0.54 0.51 0.62 0.69 0.47 0.73 NA 0.76 1.29 0.03 0.03 0.03
"Justin Hardy" "WR" 2.66 1.89 0.72 0.67 0.67 0.68 0.41 NA 0.3 0.3 0.3 0.27 0.2 0.18 0.43 0.57 0.51
"Justin Hunter" "WR" 0.46 0 0 0 1.58 1.11 NA 0.75 0 0 0 0 0.19 0.06 0 0 0
"Justin Jackson" "RB" 0 0 NA 0.78 0.67 0.36 3.9 NA 0.82 0.26 0.53 0.33 6.31 10.65 13.6 3.92 4.08
"Justin Watson" "WR" NA NA NA NA NA 0.76 0.65 0.68 0.22 0.23 0.22 0.23 0.46 0.37 0.26 0.15 0.22
"Kalen Ballage" "RB" 0 0 0 2 1.35 0 0.9 0.78 0.44 0.55 NA 0.42 0.42 0.44 0.32 0.45 0.35
"Kapri Bibbs" "RB" NA NA NA NA 0.71 5.23 4.22 2.22 3.16 3.75 3.77 3.07 1.26 0 NA NA NA
"Keelan Cole" "WR" 6.52 5.48 7.32 7.31 7.28 6.43 6.31 7.01 NA 3.04 2.57 2.3 2.45 2.51 2.19 2.51 2.64
"Keenan Allen" "WR" 11.4 10.42 12.12 15.62 15.17 11.82 12.1 NA 10.89 13.73 10.14 10.15 11.76 14.05 13.13 11.15 14.52
"Keith Kirkwood" "WR" NA NA NA NA NA NA NA NA NA NA 0.67 3.95 0.7 2.64 2.84 3.62 2.97
"Keith Smith" "RB" 0.46 0.3 0.85 0.22 0.38 0.37 NA 0.42 0.21 0.19 0.23 0.2 0.2 0.2 0.2 0.21 0.18
"Keke Coutee" "WR" NA NA NA 2.84 3.56 5.82 4.96 0 0 NA 4.36 7.76 0 0 0 6.03 5.23
"Kelvin Benjamin" "WR" 5.61 5.08 4.18 5.41 5.36 4.4 5.35 4.8 3.72 3.47 NA 2.98 3.56 0 1.85 2.05 2.32
"Kendrick Bourne" "WR" 0.43 0.31 0.48 0.47 1.02 2.05 2.67 2.48 2.98 3.55 NA 3.69 5.12 3.61 2.83 2.34 2.77
"Kenjon Barner" "RB" NA 0 0 0.22 0 0.54 1.24 5.39 2.49 0 0 0 0.34 0.3 0.36 0.37 0.33
"Kenneth Dixon" "RB" 4.19 0 0 0 0 0 0 0 0 NA 1.14 1.23 2.38 1.09 7 5.33 6.23
"Kenny Golladay" "WR" 6.96 6.07 7.62 8.69 8.16 NA 9.4 10.26 9.89 8.17 9.86 11.36 10.69 9.98 9.88 10.02 10.26
"Kenny Stills" "WR" 7.53 8.6 7.84 7.59 7.56 6.92 8.16 0 3.6 4.4 NA 6.79 5.05 4.04 6.33 6.93 5.75
"Kenyan Drake" "RB" 9.38 9.19 10.16 9.16 6.28 5.99 7.76 9.4 9.03 8.77 NA 7.58 9.37 8.75 8.12 8.27 7.37
"Keon Hatcher" "WR" NA 0 NA NA NA NA NA NA NA NA NA 0.95 0.37 0 0 0.15 0.2
"Kerryon Johnson" "RB" 5.16 5.95 5.19 8 8.67 NA 9.26 11.39 9.55 8.05 12.78 0 0 0 0 9.95 10.81
"Kevin Hogan" "QB" 0 0 0 0 0 0 0 0 0 NA 0 0 0 0 0 0 0
"Kevin White" "WR" 2.08 0.9 0.52 0.47 NA 1.49 0.7 1.61 1.3 0.67 0.29 0.32 0.29 0.3 0.29 0.3 0.28
"Khadarel Hodge" "WR" NA NA NA 1.04 2.09 1.84 1.11 1.18 0.59 0.58 0.6 NA 0.25 0.32 0.3 0.32 0.28
"Kirk Cousins" "QB" 19.07 18.32 17.54 17.31 18.86 20.2 19.19 22.61 22.8 NA 18.08 18.77 19.15 18.02 20.23 18.67 12.27
"Kyle Juszczyk" "RB" 0.63 1.05 1.31 1.04 1.25 3.58 1.79 1.71 1.96 3.17 NA 4.29 1.81 1.26 1.06 1.39 1.16
"Kyle Lauletta" "QB" NA NA NA NA NA NA NA NA NA NA NA NA NA NA 0 0.2 0.2
"Kyle Rudolph" "TE" 7.2 6.29 7.14 6.44 6.37 6.83 6.87 8.59 9.25 NA 6.03 5.88 5.96 6.24 6.81 7.18 6.23
"Lamar Jackson" "QB" 3.83 2.72 3.28 2.49 2.21 2.24 2.3 2.2 2.15 NA 14.8 19.87 21.91 21.54 20.81 19.47 18.4
"Lamar Miller" "RB" 10.23 11.29 11.37 11.68 1.2 9.92 8.6 12.01 11.57 NA 9.84 10.62 9.88 10.79 10.62 11.21 10.52
"Lance Kendricks" "TE" 0.86 0.71 1.19 1.64 1.52 1.09 NA 1.14 1.81 1.25 1.85 1.37 1.46 1.19 1.1 1.05 1.17
"Lance Lenoir" "WR" NA NA NA NA NA NA NA NA NA NA NA 0.7 0.78 1.31 0.75 0.89 0.77
"Laquon Treadwell" "WR" 2.46 2.67 2.64 1.94 1.84 2.95 3.07 3.8 5.21 NA 2.9 2.86 2.26 1.8 1.79 1.77 1.75
"Larry Fitzgerald" "WR" 9.18 8.63 8.73 7.12 8.21 6.77 6.01 5.53 NA 7.09 7.39 7.14 6.97 7.63 7.13 6.81 6.84
"Latavius Murray" "RB" 5.05 5.29 11.78 5.53 7.64 7.92 8.34 8.87 9.13 NA 4.04 4.74 6.33 5.01 4.84 4.49 2.93
"Lee Smith" "TE" 0.23 0.17 0.48 0.55 0.35 0.39 NA 0.34 0.23 0.24 0.29 0.32 0.52 0.51 0.57 0.53 0.58
"LeGarrette Blount" "RB" 4.85 4.87 5.73 6.04 5.14 NA 5.97 5.61 4.91 3.4 1.59 5.68 6.36 6 5.99 1.6 2.57
"Leonard Fournette" "RB" 11.69 0 0 11.65 0 0 0 0 NA 11.43 14.92 13.64 0 14.1 14.27 14.32 12.24
"Leonte Carroo" "WR" NA NA NA NA NA NA NA 0.54 1.26 0.65 NA 1.11 2.75 2.3 0.72 0.85 0.76
"LeSean McCoy" "RB" 10.49 10.52 0 10.26 9.24 9.23 11.15 8.32 6.47 7.35 NA 7.42 7.89 8.7 0 6.08 6.44
"Levine Toilolo" "TE" 1.21 1.2 1.42 1.56 1.78 NA 1.68 1.59 1.8 1.6 2.06 1.63 0.61 2.2 2.24 2.01 2
"Logan Paulsen" "TE" 0.01 0.01 0.3 0.51 0.66 0.46 0.8 NA 0.87 0.85 0.91 0.56 0.5 0 0.59 0.66 0.68
"Logan Thomas" "TE" 0.54 0.57 0 0 0.63 0.69 0.63 0.58 0.6 3.53 NA 1.39 0 1.06 0 1.1 1.27
"Luke Stocker" "TE" 0.41 2.57 2.18 2.6 2.12 1.38 1.62 NA 2.32 2.24 2.45 1.93 2.46 1.87 2.14 2.17 2.08
"Luke Willson" "TE" 2.88 3.34 1.93 2.75 3.56 NA 2.52 1.5 1.58 0 2.99 1.29 1.21 1.27 1.25 1.38 1.31
"Malik Turner" "WR" NA NA NA NA NA NA NA NA NA NA NA NA 0.79 0.57 0.79 0.35 0.49
"Marcedes Lewis" "TE" 1.7 1.6 0.45 0.38 0.47 0.52 NA 0.2 0.17 0.12 0.47 0.88 0.51 0.43 0.4 0.36 0.37
"Marcell Ateman" "WR" NA NA NA NA NA NA NA NA NA NA NA 1.99 1.3 2.98 2.96 2.99 2.96
"Marcus Kemp" "WR" NA 0.78 0.81 0.56 0.6 0.63 0.37 0.26 0.16 0.16 0.18 NA 0.16 0.13 0.14 0.13 0.14
"Marcus Mariota" "QB" 16.67 0 1.15 13.28 15.71 15.36 13.61 NA 13.58 16.13 18.32 15.04 16.16 14.52 16.83 15.73 17.89
"Marcus Murphy" "RB" 0.61 0.74 6.05 0 0 0 1.27 2.48 0.83 2.62 NA 1.79 1.17 0.93 8.24 0.96 1.27
"Mark Andrews" "TE" NA 1.71 2.2 2.82 2.96 3.02 2.93 3.9 3.49 NA 3.37 3.41 4 3.37 3.87 2.87 2.5
"Mark Ingram II" "RB" 0 0 0 0 10.69 NA 10.38 8.44 10.27 10.06 11.96 12.59 11.98 11.65 11.24 11.67 12.28
"Mark Sanchez" "QB" NA NA NA NA NA NA NA NA NA NA NA 0.7 0.7 12.72 0.4 0.39 0.44
"Mark Walton" "RB" NA NA 2.52 0.76 3.62 1.95 2.98 1.34 NA 0.77 0.39 0.39 0.41 0.33 0.35 0.31 0.3
"Marlon Mack" "RB" 0 7.93 0 0 0 5.44 7.92 11.71 NA 10.9 10.61 11.18 11.04 10.04 10.98 12.81 11.73
"Marquez Valdes-Scantling" "WR" NA 0.54 1.1 2.92 6.82 6.93 NA 3.68 6.43 9.25 9.31 8.7 5.36 6.11 2.49 3.18 3.62
"Marquise Goodwin" "WR" 6.69 0 7.06 5.35 0 6.06 7.51 6.16 6.61 6.96 NA 0 0 6.62 5.44 5.09 5.38
"Marvin Hall" "WR" 0.53 0.6 0.41 0.55 0.56 0.69 0.76 NA 0.7 0.98 0.97 0.76 0.76 0.66 0.55 0.75 0.73
"Matt Barkley" "QB" NA NA NA NA NA NA NA NA 0.72 10.18 NA 0 0 0 0.5 0.46 0.53
"Matt Breida" "RB" 5.97 8.53 9.23 9.31 8.17 9.31 9.62 4.44 9.43 9.62 NA 14.19 11.57 0 9.64 10.4 10.88
"Matt Cassel" "QB" 0.22 0.25 0.23 0.24 0.26 NA 0.13 0.15 0.15 0.17 0.2 0.19 0.18 0.15 0.18 0.2 0.19
"Matt Dayes" "RB" NA NA NA NA NA NA NA NA NA NA NA 1.25 0.54 0.71 0.55 0.42 0.48
"Matt LaCosse" "TE" NA NA 0.17 0.18 0.44 0.66 0.25 0.5 0.38 NA 0.31 0.22 4.21 4.01 1.19 3.42 1.86
"Matt Lengel" "TE" NA NA NA NA NA NA 2 1.58 NA 0.57 0.35 0.26 0.37 0.33 0.24 0.28 0.27
"Matt Ryan" "QB" 15.23 15.38 19.25 19.04 21.48 22.3 23.22 NA 19.04 19.68 22.32 22.07 19.01 20.94 21.4 22.46 22.11
"Matt Schaub" "QB" 0.39 0.48 0.77 0.59 0.52 0.74 0.58 NA 0.05 0.05 0.08 0.08 0.07 0.08 0.11 0.1 0.1
"Matt Slater" "WR" 0.72 0.54 0.68 0.71 0.88 0.89 0.62 0.63 0.92 0.9 NA 0.79 0.52 0.93 0.75 0.66 0.9
"Matthew Stafford" "QB" 19.89 18.68 19.94 17.78 19.37 NA 19.04 17.09 17.77 17.66 19.79 18.03 17.5 15.21 15.05 15.99 18.68
"Maurice Harris" "WR" 0 0 0.71 NA 0.64 3.85 4.31 3.02 0.88 7 6.12 4.58 2.79 2.54 1.7 2.29 2.28
"Maxx Williams" "TE" 1.69 1.42 1.7 1.5 1.4 1.87 2.28 0 0 NA 0 2.09 2.19 1.83 2.29 1.77 1.7
"Melvin Gordon" "RB" 16.66 16.01 15.47 17.79 17.71 16.57 0 NA 16.32 19.38 20.38 18.73 0 0 0 16.11 18.06
"Michael Burton" "RB" 0.31 0 0.44 0.44 NA 0 0 0 0.13 0.16 0 0 0.16 0.16 0 0.16 0.14
"Michael Crabtree" "WR" 7.83 8.45 8.17 8.18 7.81 8 9.41 7.81 8.34 NA 8.23 7.26 7.64 5.99 6.92 5.9 7.59
"Michael Floyd" "WR" NA NA 0 NA 0.46 2.69 0.85 0.9 1.16 2.51 0.63 0.7 0.78 0.73 0.26 0.24 0.25
"Michael Gallup" "WR" 4.65 3.77 2.3 2.71 5.41 3.93 2.3 NA 3.52 2.1 5.59 3.34 2.01 3.98 4.56 3.82 3.59
"Michael Gesicki" "TE" 3.63 3.24 2.01 2.26 2.64 1.89 2.7 1.69 1.51 2.01 NA 1.45 0.73 1.1 0.65 0.66 0.61
"Michael Roberts" "TE" 0.82 1.14 0 0 0 NA 0.84 2.32 2.21 3.03 0 1.57 0 2.12 0 0 0
"Michael Thomas" "WR" 11.86 12.97 13.73 15.1 13.45 NA 12.35 12.35 13.03 12.98 13.68 14.22 13.4 15.09 13.44 12.36 14.02
"Mike Boone" "RB" NA NA NA 0.6 0.43 0.8 1.54 0.8 0.37 NA 0 0 0 0 0 0.33 0.27
"Mike Davis" "RB" 0 0.31 2.09 0.91 6.83 6.45 NA 5.69 4.8 12.6 6.58 5.35 5.87 4.48 5.63 5.31 4.18
"Mike Evans" "WR" 12.34 10.67 13.54 11.57 NA 13.18 11.91 11.05 11.54 11.51 10.36 10.82 12.61 11.54 11.18 12.14 12.74
"Mike Glennon" "QB" 0 0 0 0.8 1.11 0.93 1 0.73 NA 0.69 0.73 0.75 0.73 0.74 0.74 0.74 0.7
"Mike Thomas" "WR" 0.58 0 0 0 0 0 0 0 0 0 0 NA 0 0 0 0 0.87
"Mike Williams" "WR" 5.06 4.87 4.17 5.42 5.7 6.2 6 NA 6.63 5.23 6.63 5.41 6.1 6.48 5.77 5.25 5.64
"Mitchell Trubisky" "QB" 15.84 12.96 11.57 15.87 NA 14.29 17.22 18.52 16.5 19.42 17.94 0 0 19.61 21.23 19.46 15.27
"Mo Alie-Cox" "TE" NA NA NA NA 0 0.45 1.2 0.77 NA 0.58 2.75 0 0 0 2.36 2.67 2.55
"Mohamed Sanu" "WR" 5.3 5.51 3.54 4.3 4.89 5.8 7.24 NA 7.68 6.52 6.12 6.35 6.19 5.88 7.25 7.24 7.01
"MyCole Pruitt" "TE" 0 0.6 0.42 0.48 0.49 0.44 0.43 NA 0.5 0.48 0.47 0.89 0.97 0.35 0.44 0.46 0.63
"Nate Sudfeld" "QB" 0 0 0 0 0 0 0 0 NA 0 0 0 0 0 0.69 0.72 0.77
"Nelson Agholor" "WR" 8.5 8.69 9.74 9.11 7.45 6.61 6.72 6.77 NA 5.57 5.51 4.52 4.3 4.43 4.36 5.82 4.06
"Nick Bellore" "RB" NA NA 0.61 0.64 0.39 NA 0.26 0.44 0.02 0.03 0.05 0.08 0 0.33 0 0.34 0.4
"Nick Boyle" "TE" 1.15 1.38 1.87 1.81 2.18 2.48 2.17 1.09 1.29 NA 1.03 1.51 1.69 1.45 1.47 1.56 1.62
"Nick Chubb" "RB" 5.4 4.77 3.03 2.32 3.29 3.11 10.77 10.91 12.34 12.65 NA 13.2 14.98 15.02 15.84 14.11 12.19
"Nick Foles" "QB" 14.15 16.8 0.89 0.78 0.85 0.82 0.9 0.72 NA 0.65 0.48 0.62 0.52 0.51 16.1 14.77 13.95
"Nick Mullens" "QB" NA NA NA NA NA NA NA NA 13.14 15.81 NA 17.15 14.8 11.05 15.07 11.24 14.08
"Nick O'Leary" "TE" NA NA NA NA NA NA 2.59 3.94 3.7 3.07 NA 4.74 4.1 3.5 2.14 2.31 2.15
"Nick Vannett" "TE" 2.02 2.31 2.69 2.24 2.88 0 NA 2.62 3.34 3.87 5.1 4.98 5.19 4.18 3.71 3.82 4.68
"Nick Williams" "WR" NA NA 0 0.63 0.64 0 0.58 0.79 0 0 0 NA 0.51 0.43 0.45 0.42 0.48
"Niles Paul" "TE" 1.67 1.55 2.22 2.2 2.12 3.64 0 1.06 NA 0 0 0 0 0 NA NA NA
"Noah Brown" "WR" 0.36 0.44 0.42 0.45 0.56 0.54 1.21 NA 1.63 0.67 0.85 0.7 0.78 1.61 0.62 0.75 0.68
"Nyheim Hines" "RB" 5.01 4.34 5.22 5.18 7.41 7.45 6.76 4.39 NA 5.27 6.04 6.4 6.33 5.09 4.93 6.95 6.3
"Odell Beckham Jr." "WR" 9.16 12.02 14.39 14.99 12.21 12.51 13.89 12.55 NA 13.69 15.1 13.67 13.44 0 0 12.06 11.15
"Orson Charles" "TE" NA 0.52 0.67 0.66 0.55 0.52 0.38 0.23 0.13 0.14 NA 0.13 0.19 0.17 0.17 0.2 0.15
"Patrick DiMarco" "RB" 0.43 0.45 0.46 0.79 0.58 0.65 0.79 0.7 0.56 0.62 NA 0.62 0.66 0.8 1.02 1 1.02
"Patrick Mahomes" "QB" 14.56 18.65 20.22 21.9 20.13 22.53 23.36 24.52 22.86 22.77 25 NA 26.97 22.08 24.31 24.97 28.69
"Patrick Ricard" "RB" NA 0.61 0.41 0.69 0.42 0 0.69 0.59 0.6 NA 0.65 0.67 0 0 0 0.49 0.47
"Peyton Barber" "RB" 7.33 7.37 8.08 8.45 NA 7.01 7.32 5.36 6.95 7.16 7.2 6.66 8.56 8.45 5.64 6.67 8.2
"Pharoh Cooper" "WR" 0.94 0 0 0 0 0 0 0 0 0.68 0.76 NA 0.92 -0.03 -0.03 -0.03 -0.03
"Philip Rivers" "QB" 18.28 18.64 16.91 21.56 21.4 19.61 20.36 NA 19.15 21.72 18.55 17.83 17.94 21.16 20.73 19.77 18.18
"Phillip Dorsett" "WR" 4.9 5.9 5.81 4.04 4.42 5.21 0.5 0.5 0.48 1.62 NA 0.42 0.45 0.33 0.3 0.42 0.3
"Phillip Lindsay" "RB" 0.65 5.46 7.31 8.16 7.95 11.41 9.31 11.76 11.58 NA 11.8 12.12 12.1 14.01 13.44 13.54 13.28
"Pierre Garcon" "WR" 6.37 8.51 6.65 5.27 6.84 5.85 5.28 0 2.73 0 NA 0 0 0 NA NA NA
"Quincy Enunwa" "WR" 5.8 7.81 9.82 8.15 8.65 8.74 0 0 6.3 7.39 NA 6.43 7.21 5.3 0 5.78 5.63
"Randall Cobb" "WR" 8.19 8.05 7.92 0 0 0 NA 6.13 5.07 0 0 0 6.52 5.28 7.19 7.89 7.63
"Rashaad Penny" "RB" 3.38 4.96 7.4 8.49 2.17 2.16 NA 2.02 1.49 3.43 5.12 4.99 3.11 4.05 0 5.88 5.34
"Rashad Greene" "WR" 0 0 NA 0 0 NA 0.6 0.33 NA 0.21 0 0.32 0.21 0.48 0.61 0.25 0.41
"Rashard Higgins" "WR" 0.44 1.36 3.42 3.79 2.56 0 0 0 3.56 4.02 NA 4 3.6 4.19 4.07 4.95 3.78
"Ray-Ray McCloud" "WR" NA NA NA 0.57 0.62 0.69 0 0.4 0.26 0.28 NA 0 0 1.07 0.33 0.3 0.31
"Rex Burkhead" "RB" 13.25 8.3 8.48 0 NA NA NA NA NA NA NA NA 2.66 3.37 4.08 4.93 4.12
"Rhett Ellison" "TE" 1.11 1.38 2.13 2.51 4.15 0 2.26 2.48 NA 1.82 2.05 1.95 4.46 3.26 2.68 2.27 2.21
"Richard Rodgers" "TE" 0 0 0 0 0 NA NA NA NA NA 0.64 0.68 0.56 0.48 0.6 0.58 0.51
"Richie James" "WR" NA NA NA NA NA 1.89 1.82 1.37 0.17 2.44 NA 3.6 1.81 3.79 1.8 1.45 1.72
"Ricky Ortiz" "RB" NA NA NA NA NA 0.45 0.47 NA 0.13 0 0 0.17 0.16 0 0 0.17 0.18
"Ricky Seals-Jones" "TE" 4.53 4.08 3.69 4.35 3.36 2.78 4.39 3.71 NA 3.61 4.49 3.48 2.8 3.36 3.02 3.57 2.86
"Rico Gathers" "TE" 0 0.53 0.52 0.53 1.03 0.62 0.64 NA 1.1 1.06 0.47 1.13 0.98 1.06 0.49 0.25 0.31
"Rishard Matthews" "WR" 3.93 6.92 4.17 0 NA NA NA 2.86 4.98 1.42 NA 0 0 0.13 0.39 0.21 0.21
"River Cracraft" "WR" NA NA NA NA NA NA NA NA NA NA 0.76 0.76 0.81 0.93 0.7 0.85 0.93
"Rob Gronkowski" "TE" 12.53 8.97 12.52 10.78 10.62 10.82 0 11.28 0 0 NA 9.84 10 8.96 9.7 9.43 9.93
"Robby Anderson" "WR" 6.73 6.91 5.4 5.45 7.06 6.8 7.91 0 6.67 0 NA 1.2 3.22 3.39 6.36 3.74 2.9
"Robert Foster" "WR" NA 0.51 0.48 0.46 0.66 0.6 0.49 NA NA NA NA 0.62 2.94 4.32 6.39 4.95 6.12
"Robert Griffin III" "QB" 0 0 0 0 0 0 0 0 0 NA 4.43 0.71 0.7 0.64 0 0 0
"Robert Tonyan" "TE" NA NA NA NA NA NA NA NA 0.17 0.16 0.07 1.47 0.69 0.81 0.78 0.71 0.8
"Robert Woods" "WR" 8.14 7.69 7.54 8.65 10.16 10.7 12.19 12.28 12.81 12.92 14.32 NA 11.59 8.91 11.16 9.74 13.19
"Rod Smith" "RB" 2.63 2.65 3.24 3.77 3.57 1.15 1.77 NA 0.73 0.45 0.86 0.61 0.4 0.35 1.25 1.42 1.27
"Ronald Jones" "RB" 0 0 0 0.4 NA 4.25 2.81 3.23 0 0 0 0 0.88 2.13 1.3 1.29 1.45
"Roosevelt Nix" "RB" 0.86 0.92 0.98 1.01 1.16 0.81 NA 0.78 0.57 0.58 0.59 0.54 0.54 0.23 0.25 0.25 0.24
"Ross Dwelley" "TE" NA NA NA NA NA NA NA NA NA 0.47 NA 0.49 0.48 0.51 0.52 0.52 0.43
"Royce Freeman" "RB" 7.22 7.79 5.34 6.84 6.98 7.43 6.93 0 0 NA 5.19 3.36 5.42 5.66 4.02 5.4 4.28
"Russell Gage" "WR" NA NA NA NA NA NA 0.92 NA 0.22 0.23 0.22 0.22 0.26 0.18 0.18 0.17 0.17
"Russell Shepard" "WR" 1.13 1.55 2.52 2.17 1.82 0 0 1.95 NA 1.63 1.34 0.56 0.59 2.89 3.36 0.8 0.61
"Russell Wilson" "QB" 18.96 18.59 19.15 18.65 16.69 20.16 NA 19.88 19.85 17.46 18.5 19.78 22.72 19.25 21.84 22.67 21.26
"Ryan Fitzpatrick" "QB" 15.63 12.82 19.86 18.16 NA 1.22 1.1 1.1 18.64 18.72 18.09 1.47 1.44 1.19 1.13 1.03 1.47
"Ryan Grant" "WR" 4.4 4.93 5.08 5.2 7.53 7.33 0 0 NA 3.47 4.4 4.31 2.61 3.25 4.15 4.04 3.87
"Ryan Griffin" "TE" 4.34 3.31 1.55 2.16 2.05 2.27 0 0 5 NA 2.2 3.22 0 2.1 2.57 2.68 1.73
"Ryan Switzer" "WR" 0.71 0.9 0.93 1.6 4.08 3.72 NA 1.97 0.98 1.14 1.31 1.31 1.52 2.06 1.53 1.61 1.93
"Ryan Tannehill" "QB" 14.36 13.49 16.36 16.09 13.24 0 0 0 0 0 NA 12.85 14.82 16.17 15.44 17.4 16.25
"Sam Darnold" "QB" 13.43 13.8 14.13 10.47 13.66 15.89 15.33 13.14 15.7 0 NA 0 0 9.7 10.12 11.85 10.29
"Samaje Perine" "RB" 0 0 0 NA 0 0.9 0.23 0 0.21 0.42 0 0 0 0 0 0.23 0.25
"Sammie Coates" "WR" 0.52 0 0 0.69 1.55 2.08 0.96 2.72 2.13 NA 0.42 0.24 0.49 0.52 0.47 0.2 0.22
"Sammy Watkins" "WR" 6.37 5.66 8.23 8.31 6.4 8.51 5.85 6.83 6.4 0 7.99 NA 0 0 NA NA NA
"Saquon Barkley" "RB" 14.48 13.28 13.92 14.22 13.37 14.42 17.08 17.04 NA 16.4 18.2 15.37 16.96 16.66 17.18 15.79 16.3
"Scott Simonson" "TE" NA NA 0.46 1.14 1.25 2.99 0.89 0.42 NA 0.17 0.18 0.18 0.18 0.38 0.12 0.1 0.19
"Sean Culkin" "TE" NA NA NA NA NA NA NA NA NA NA NA NA 0.89 0 0 0.85 0.8
"Sean Mannion" "QB" 0.28 0.24 0.75 0.68 0.76 0.92 0.87 0.31 0.21 0.27 0.23 NA 0.27 0.27 0.33 0.32 0.36
"Senorise Perry" "RB" 1.17 1.13 1.01 0.76 0.67 0.52 0.51 0.41 0.44 0.57 NA 0.62 0.4 0.57 0.41 0.5 0.44
"Seth DeValve" "TE" 2.19 0 0 0 2.35 2.45 2.58 2.09 1.56 1.87 NA 1.55 2.04 2.59 1.55 2.14 1.43
"Seth Roberts" "WR" 2.75 2.42 0 3.01 2.88 2.94 NA 3.92 5.48 2.32 4.5 4.44 2.82 3.13 3.94 3.79 3.61
"Shaun Wilson" "RB" NA 0.66 2.12 0 NA 0 0 0 0.42 0.35 0.48 0.56 0.56 0.31 0.27 0.21 0.24
"Shelton Gibson" "WR" 0.34 0.3 1.05 0.55 0.25 0.42 0.49 0.42 NA 0.64 0.86 0.98 0.75 0.53 0.59 0.66 0.7
"Sony Michel" "RB" 0 5.03 7.34 6.94 12.22 13.27 12.01 0 0 10.13 NA 11.87 12.68 12.64 12.25 13.35 14.19
"Spencer Ware" "RB" 4.25 4.52 4.92 3.72 3.35 3.51 3.71 4.38 3.06 2.92 3.23 NA 13.19 11.57 0 11.02 13.07
"Stefon Diggs" "WR" 10.69 9.65 10.95 10.86 10.38 11.43 10.57 12.42 0 NA 8.21 9.98 7.18 10.14 10.96 10.7 9.09
"Sterling Shepard" "WR" 5.62 6.96 6.04 7.3 7.58 6.47 7.32 8.09 NA 7.57 7.54 7.63 5.27 7.82 7.63 7.05 5.54
"Stevan Ridley" "RB" 0.58 0.62 0.39 1.43 1.25 0.96 NA 0.59 0.71 0.93 0.72 0.64 0.19 4.07 3.4 0.66 1.07
"T.J. Jones" "WR" 1.57 1.69 2.21 1.55 1.76 NA 1.35 0 4.34 2.83 3.1 3.14 2.34 0.57 3.47 0.55 0.58
"T.J. Logan" "RB" NA NA 0 0 0 0 0 0.5 NA 0.5 0.2 0.08 0.04 0.41 0.36 0.27 0.28
"T.J. Yeldon" "RB" 4.21 11.89 9.8 5.38 12.09 11.96 12.11 7.95 NA 5.29 6.19 5.04 6.96 5.24 4.89 5.91 3.82
"T.Y. Hilton" "WR" 9.75 9.78 9.97 11.74 0 0 9.88 10.8 NA 9.41 9.79 11.45 9.71 11.34 10.24 11.73 11.47
"Taiwan Jones" "RB" 0.28 0.29 1.99 0.51 0.23 0.22 0 0 0.08 0 NA 0 0 0 0 0 0.02
"Tajae Sharpe" "WR" 1.34 2.93 1.94 3.73 2.78 2.6 3.5 NA 5.5 6.58 5.08 4.95 5.1 4.36 4.1 3.5 4.7
"Taquan Mizzell" "RB" NA NA NA NA NA NA NA NA NA 0.07 0.13 0.13 0.22 1.86 1.69 1.56 1.1
"Tarik Cohen" "RB" 4.53 6.11 5.07 3.33 NA 6.13 8.02 10.22 9.82 8.61 8.25 8.9 8.81 9.97 11.64 11.5 9.27
"Tavon Austin" "WR" 1.93 1.93 3.06 3.1 2.05 2.06 0 NA 0 0 0 0 0 0 0 1.15 0.74
"Taylor Gabriel" "WR" 3.2 2.56 2.2 3.31 NA 5.19 6.26 7.8 7.16 5.97 5.26 5.65 6.82 6.63 5.1 4.7 4.52
"Taylor Heinicke" "QB" 0 0 0 NA 0 0 0 0 0 0 0 0 0 0 0.35 0.36 0.33
"Taysom Hill" "QB" 0 0 0 0 2.2 NA 2.06 2.24 2.93 2.4 3.22 3.07 2.54 1.71 1.62 2.19 1.7
"Taywan Taylor" "WR" 5.31 1.76 2.67 5.15 6 4.37 4.83 NA 1.53 0 0 0 4.47 3.64 5.42 5.69 5.17
"Teddy Bridgewater" "QB" 0.53 0.59 0.5 0.38 0.61 NA 0.5 0.52 0.64 0.65 0.17 0.19 0.15 0.18 0.18 0.2 0.19
"Temarrick Hemingway" "TE" NA NA NA NA NA NA NA NA NA NA NA NA 0.49 0.54 0.45 0.56 0.66
"Tevin Coleman" "RB" 6.1 12.82 13.19 12.99 7.55 12.65 10.97 NA 10.35 10.86 11.08 10.84 9.82 8.43 7.86 7.36 6.75
"Theo Riddick" "RB" 5.59 5.78 8.2 6.85 7.14 NA 0 0 3.92 5.39 6.2 8.2 8.43 8.35 7.77 4.53 5.16
"Tim Patrick" "WR" NA 0.52 0.46 0.46 0.4 0.52 0.4 0.51 1.11 NA 1.74 1.42 0.57 2.35 6.84 6.28 6.07
"Tim White" "WR" NA NA NA 0.62 0.78 0.74 0.81 0.76 0.6 NA 0.59 0.63 0.62 0.56 0.58 0.54 0.55
"Todd Gurley II" "RB" 18.98 17.71 19.87 18.36 18.43 18.84 22.7 24.76 22.87 22.86 24.79 NA 20.21 19.29 19.23 18.84 23.36
"Tom Brady" "QB" 23.16 18.48 20.41 21.4 22.87 23.26 19.92 22.51 23.44 23.54 NA 21.46 22.75 22.88 22.11 23.41 22.48
"Tom Savage" "QB" NA NA NA NA NA NA NA 0 0 0 NA 0 0.81 0.78 0.72 0.67 0.77
"Tommy Bohanon" "RB" 0.35 0.44 0.4 0.3 0.51 0.45 0.31 0.14 NA 0.08 0.01 0.01 0.16 0.15 0.14 0.12 0.1
"Tommylee Lewis" "WR" 0.37 0.34 0 NA NA NA NA NA NA NA NA 0.92 0 0.57 0.57 0.57 0.59
"Torrey Smith" "WR" 2.39 2.3 3.57 NA 4.01 3.16 3.61 0 0 0 0 4.79 3.87 0.65 0.52 0.61 0.5
"Tra Carson" "RB" NA 0.25 0 NA NA NA NA NA NA NA 0.63 0.51 0 0.69 0.53 0.66 0.7
"Travaris Cadet" "RB" NA NA NA NA NA NA NA NA NA NA 0 0 0 0 1.42 1.45 1.33
"Travis Benjamin" "WR" 3.02 0 0 2.52 0 0 1.68 NA 0.92 0.17 0.19 -0.07 0.72 1.99 1.25 1.01 1.23
"Travis Kelce" "TE" 9.21 8.43 10.17 10.75 10.91 10.36 11.22 11.5 10.97 12.01 12.39 NA 11.7 10.89 11.81 12 14.25
"Tre'Quan Smith" "WR" 2.95 3.1 2.33 2.34 4.46 NA 6.2 4.74 5.96 6.08 6.15 0 7.72 6.75 4.28 2.94 4.48
"Tre Madden" "RB" 0.42 0.39 0.83 1.25 0.64 0.68 NA 0.59 0.26 0.21 0.21 0.19 0 0 0.36 0.35 0.39
"Trent Sherfield" "WR" NA NA NA NA NA NA NA 0 NA 0.43 0.97 0.39 0.16 1.19 2.02 2.09 1.89
"Trent Taylor" "WR" 2.32 2.95 2.19 3.25 3.4 0 1.11 2.24 0 2.85 NA 2.56 0.45 1.54 0.39 0.34 0.4
"Trenton Cannon" "RB" NA 0.59 2.72 1.24 1.14 1.35 1.05 4.69 3.24 1.04 NA 0.85 1.02 1.31 4.29 3.9 3.56
"Trevor Siemian" "QB" 0.97 0.91 0.99 0.78 0.71 1.05 0.97 0.98 0.73 NA 0.61 0.79 0.75 0.63 0.74 0.69 0.7
"Trey Burton" "TE" 6.76 6.49 5.6 5.06 NA 6.11 5.9 7.76 6.98 7.12 6.33 6.46 5.86 5.13 4.3 4.13 5.95
"Trey Edmunds" "RB" 0 0 NA NA NA NA NA NA NA NA NA NA NA 0.71 1.12 0.5 0.66
"Ty Montgomery" "RB" 7.09 5.98 3.76 3.88 5.03 3.36 NA 1.97 0 NA 2.13 3.23 5.15 6.38 0 3.85 3.94
"Tyler Boyd" "WR" 3.24 3.04 4.71 7.36 8.05 9.16 10.62 10.49 NA 10.25 8.87 9.35 8.63 10.36 10.41 9.29 10.64
"Tyler Bray" "QB" NA NA NA NA NA NA NA NA NA NA NA 0.6 0 0 0 0 0
"Tyler Conklin" "TE" NA 0.54 0.6 0.57 0.41 0.51 0.33 0.3 0.24 NA 0.23 0.24 0.22 0.24 0.27 0.26 0.32
"Tyler Higbee" "TE" 2.23 1.76 2.64 2.89 2.09 2.71 2.41 2.07 1.96 2.06 2.08 NA 2.05 1.57 1.83 1.66 1.87
"Tyler Lockett" "WR" 4.38 4.87 6.76 8.02 6.97 8.3 NA 7.24 8.95 7.35 7.16 7.49 7.34 7.9 7.65 7.96 7.13
"Tyreek Hill" "WR" 8.71 10.84 13.88 10.91 11.83 12.84 12.72 13.26 12.11 13.46 12.33 NA 14.32 13.86 13.47 14.69 13.54
"Tyrell Williams" "WR" 5.79 6.45 5.6 4.71 4.45 5.12 6.48 NA 5.49 4.35 6.16 6.89 6.35 6.85 6.84 5.05 7.06
"Tyrod Taylor" "QB" 12.79 16.4 16.8 0 1.09 1.17 1.01 0.85 0.78 0.73 NA 0.45 0.4 0.3 0.35 0.3 0.35
"Vance McDonald" "TE" 0 2.91 1.94 4.54 5.77 4.39 NA 5.47 5.2 6.12 6.33 5.8 4.75 6.49 6.77 7.41 6.9
"Vernon Davis" "TE" 2.06 2.29 2.57 NA 2.51 3.26 3.97 2.82 2.66 3.57 3.29 2.74 3.75 3.05 4.88 3.45 3.36
"Virgil Green" "TE" 2.7 2.41 2.91 3.59 3.32 3.1 2.72 NA 2.12 2.34 2.27 2.26 2.27 1.92 2.1 1.63 1.94
"Vyncint Smith" "WR" NA 0.53 0.54 0 0 0 0 1.65 2.67 NA 0 0 0 0 0 0.55 0.5
"Wayne Gallman" "RB" 2.1 2.69 1.88 1.67 1.86 2.37 3 2.67 NA 1.43 1.76 1.11 2.15 2.13 2.84 1.96 1.35
"Wendell Smallwood" "RB" 1.21 1.15 6.81 3.39 4.22 8.11 9.66 6.43 NA 7.65 5.9 3.3 2.7 1.86 4.62 4.3 3.95
"Willie Snead IV" "WR" 3.06 3.53 4.85 4.08 5.41 4.55 5.46 5.32 4.84 NA 6.35 6.01 4.16 2.08 3.54 2.53 2.06
"Xavier Grimble" "TE" 0.37 0.26 0.41 0.24 0.29 0.42 NA 0.66 0.63 0.87 0.82 0.45 0.24 0.3 0.24 0.2 0.24
"Zach Ertz" "TE" 10.17 8.89 9.15 9.39 9.61 8.65 10.15 10.08 NA 10.97 10.64 10.79 10.49 10.43 10.09 10.43 9.41
"Zach Line" "RB" NA NA 0.63 0.62 0.86 NA 0.46 0.37 0.43 0.32 0.57 0.68 0.38 0.68 0.53 0.57 0.57
"Zach Pascal" "WR" NA 0.51 0.6 0.56 5.44 3.42 3.9 2.99 NA 0.75 0.52 1.22 0.29 0.4 5.07 3.05 3.7
"Zach Zenner" "RB" NA NA NA NA NA NA NA NA NA 0.39 0.03 3.7 3.21 1.17 4.63 0.88 1.05
"Zay Jones" "WR" 2.31 3.2 3.2 3.49 4.31 4.29 5.2 3.82 4.14 4.15 NA 4.22 5.42 5.93 6.2 5.96 5.32
"Greg Zuerlein" "K" 9.24 10.08 0 0 0 NA 9.01 9.14 7.73 8.39 7.7 NA 8.06 7.3 8.9 6.97 7.97
"Mike Badgley" "K" NA NA NA NA NA 6.63 6.74 NA NA 8.29 7.78 8.2 6.8 10.03 8.14 7.2 7.26
"Wil Lutz" "K" 9.3 9.64 8.54 8.7 8.43 NA 7.08 8.02 8.18 9.04 9.3 9.83 8.73 8.67 8.67 8.32 9.04
"Graham Gano" "K" 8.27 7.27 8.39 NA 8.93 7.88 7.44 7.71 9.74 8.49 9.57 8.29 8.62 0 7.15 8.34 6.99
"Sebastian Janikowski" "K" 6.1 6.62 6.71 7.4 5.97 6.49 NA 7.88 8.13 7.39 8.12 7.85 9.68 8.08 8.48 9.16 7.5
"Harrison Butker" "K" 7.36 7.36 8.3 8.09 7.25 7.75 8.92 8.23 7.72 9.24 8.52 NA 8.91 8.03 7.93 6.69 7.71
"Robbie Gould" "K" 7.86 9.18 8.03 7.39 8.77 6.61 8.48 8.96 8.13 8.6 NA 8.53 7.13 8.04 7.44 6.99 7.44
"Matt Bryant" "K" 7.81 8.59 8.35 8.41 8.33 8.97 0 NA 0 0 8.43 8.21 8.71 7.94 9.17 7.92 7.7
"Josh Lambo" "K" 8.42 7.79 9.08 8.49 7.27 8.18 8.12 7.1 NA 8.08 7.23 7.48 7.59 6.99 0 7.09 5.56
"Stephen Gostkowski" "K" 8.37 7.72 8.74 8.44 8.59 8.49 8.25 9.02 8.68 8.16 NA 8.39 7.61 7.96 7.13 6.13 6.68
"Mason Crosby" "K" 6.68 6.31 6.44 7.37 9.01 7.47 NA 7.16 7.22 8.07 7.25 7.38 7.62 7.71 6.58 6.54 7.92
"Justin Tucker" "K" 8.93 8.81 8.45 8.47 8.71 7.7 7.94 7.51 7.6 NA 8.18 8.86 7.48 7.52 8.03 6.52 5.67
"Ka'imi Fairbairn" "K" 6.53 6.9 6.91 7.05 7.44 7.9 6.4 7.6 7.21 NA 7.61 7.03 7.14 8.36 8.67 8.31 7.88
"Jason Myers" "K" 6.03 6.1 5.49 5.35 6.36 7.64 7.27 7.34 8.19 8.21 NA 7.45 7.08 7.59 7.69 8.5 7.43
"Matt Prater" "K" 8.44 7.32 7.22 6.83 6.88 NA 5.59 6.65 5.58 5.71 6.48 6.82 6.37 6.71 5.61 5.03 7.37
"Brandon McManus" "K" 5.87 6.36 4.86 6.3 6.24 5.87 7.83 7.91 8.31 NA 7.07 7.17 8.33 7.56 7.49 6.31 7.4
"Brett Maher" "K" 6.36 6.95 6.37 7.01 6.64 7.21 7.87 NA 8.25 7.08 7.74 8.11 7.02 8.05 7.44 8.23 7.11
"Cody Parkey" "K" 7.09 8.24 7.88 7.54 NA 7.98 6.84 7.76 6.71 7.2 5.33 6.53 5.65 5.8 6.23 6.84 5.13
"Jake Elliott" "K" 8.03 8.15 8.15 6.8 7.41 6.02 5.97 4.97 NA 5.79 5.27 6.53 6.02 5.54 4.75 5.66 5.61
"Randy Bullock" "K" 6.85 6.87 6.89 7.13 8.15 6.85 7.11 7.17 NA 7.14 6.36 6.65 4.88 4.52 6.26 4.28 5.34
"Chris Boswell" "K" 7.99 8.12 7.75 7.75 7.85 7.5 NA 6.85 6.45 5.18 5.79 5.04 4.24 6.79 4.19 4.36 4.71
"Ryan Succop" "K" 7.41 6.92 6.21 6.6 7.19 6.06 7.22 NA 6.07 6.54 6.63 6.71 8.04 6.29 6.69 7.42 7.05
"Stephen Hauschka" "K" 6.43 6.97 6 6.71 6.45 6.69 7.44 6.71 7.57 7.55 NA 8 7.97 8.02 7.27 5.79 7.16
"Chandler Catanzaro" "K" 6.59 6.38 7.58 6.92 NA 7.12 6.52 7.35 7.3 7.84 NA NA NA 5.68 NA NA NA
"Aldrick Rosas" "K" 5.21 5.66 5.14 6.2 6.49 6.78 6.61 7.08 NA 7.04 7.84 6.53 6.25 7.65 6.57 7.53 7.51
"Dustin Hopkins" "K" 5.9 6.75 5.49 NA 6.44 6.79 6.74 7.38 7.78 7.26 7.14 6.04 6.69 7.27 6.38 7.22 7.62
"Jason Sanders" "K" 6.69 6.62 7.01 6.38 6.07 5.9 6.85 5.74 7.58 6.42 NA 6.97 6.81 6.63 6.83 6.57 5.86
"Greg Joseph" "K" NA NA 6.16 6.4 5.77 6.69 7.01 6.15 6.34 7.39 NA 6.86 7.27 7.52 7.22 7.43 4.83
"Daniel Carlson" "K" 7.31 NA NA NA NA NA NA 5.61 6.08 4.68 5.15 4.35 4.17 4.79 5.35 5.2 4.75
"Adam Vinatieri" "K" 7.04 6.7 6.2 7.29 6.7 6.13 6.57 7.08 NA 7.03 6.42 7.17 6.96 6.01 6.33 7.05 6.65
"Dan Bailey" "K" NA NA 7.27 5.66 6.25 5.62 5.33 5.65 6.26 NA 5.4 6.16 4.2 3.99 6.33 5.37 3.86
"Cairo Santos" "K" NA NA NA NA 7.24 6.97 0 NA NA NA 6.03 5.83 6.04 5.04 3.41 4.17 5.85
"Zane Gonzalez" "K" 5.65 6.15 0 NA NA NA NA NA NA NA NA NA 3.96 5.61 4.82 4.05 4.54
"Bears D/ST" "D" 5.83 7.86 8.2 6.36 NA 7.96 6.28 7.9 8.36 8.03 6.66 6.77 6.9 4.88 7.31 10.37 12.64
"Vikings D/ST" "D" 9.58 8.15 12.54 4.68 5.72 8.02 6.66 4.7 7.15 NA 5.82 7.03 4.95 5.77 7.34 8.44 8.02
"Rams D/ST" "D" 8.08 11.98 6.96 7.82 7.48 7.44 8.06 7.29 6.25 6.36 3.98 NA 7.63 6.48 8.17 11.69 8.2
"Jets D/ST" "D" 8 8.34 6.93 5.75 6.83 6.47 6.35 5.44 6.47 11.62 NA 4.75 5.05 5.76 5.44 4.19 3.84
"Ravens D/ST" "D" 10.85 7 7.03 6.31 10.24 6.87 5.97 6.63 7.08 NA 7.49 8.16 6.21 5.01 7.76 3.5 10.48
"Texans D/ST" "D" 3.27 8.82 8.04 6.95 6.46 8.88 6.2 7.59 6.4 NA 7.5 6.98 6.77 6.72 7.96 8.02 10.4
"Jaguars D/ST" "D" 10.38 4.58 8.57 8.14 5.56 6.53 6.81 5.86 NA 6.48 5.48 7.62 5.28 6.08 7.75 6.84 5.46
"Browns D/ST" "D" 2.08 -0.14 7.2 6.7 5.87 5.81 5.75 6.18 4.49 4.89 NA 6 5.34 5.75 5.73 8.94 10.28
"Seahawks D/ST" "D" 9.38 8.9 6.71 7.88 4.96 6.59 NA 6.33 5.78 4.14 6.04 6.21 7.82 6.47 7.21 3.16 10.22
"Broncos D/ST" "D" 5.31 8.74 6.04 4.68 6.42 5.16 7.07 4.69 6.58 NA 5.73 5.48 7.25 6.58 6.58 9.78 3.08
"Bills D/ST" "D" 6.52 3.88 3.68 5.96 6.65 5.56 5.31 4.39 4.92 9.44 NA 6.67 5.91 6.86 7.06 3.28 7.2
"Packers D/ST" "D" 6.28 3.96 6.44 8.36 5.6 7.54 NA 0.97 4.59 8.22 5.61 5.91 9.42 6.05 5.55 7.98 6.07
"Steelers D/ST" "D" 8.14 5.06 5.69 5.93 5.84 6.33 NA 7.95 6.72 6.58 6.69 7.23 6.17 7.44 5.26 2.62 9.19
"Redskins D/ST" "D" 9.03 8.24 6 NA 5.23 6.3 6.02 7.17 6.98 5.98 6.32 6.06 5.47 6.14 5.63 4.66 6.86
"Chargers D/ST" "D" 5.54 8.69 5.04 7.44 6.54 6.61 7.74 NA 5.69 7.97 7.52 8.14 6.06 8.71 5.82 5.66 6.42
"Saints D/ST" "D" 7.98 8.63 5.59 6.21 6.8 NA 5.04 5.78 2.23 6.25 6.59 7.4 7.46 7.08 6.63 3.48 5.16
"Patriots D/ST" "D" 7.54 5.47 6.94 6.74 7.34 6.08 6.4 8.13 5.95 7.61 NA 8.53 7.77 7.62 5.33 7.04 7.14
"Lions D/ST" "D" 6.98 8.52 4.02 7.01 5.93 NA 6.86 5.91 5.24 3.42 5.97 6.6 0.9 6.82 6.44 6.49 3.11
"Chiefs D/ST" "D" 5 2.96 7.51 6.89 6.66 3.75 6.76 6.21 6.95 8.5 1.79 NA 8.21 7.1 3.83 3.38 6.5
"Titans D/ST" "D" 7.56 6.96 5.3 6.12 7.25 6.13 2.55 NA 6.27 5.13 5.81 5.57 8.39 8.46 6.58 7.96 6.04
"Falcons D/ST" "D" 5.42 6.58 5.3 6.33 5.02 6.16 6.59 NA 5.97 6.75 6.65 0.54 6.49 5.95 8.29 3.24 3.18
"Colts D/ST" "D" 4.02 3.04 4.82 5.79 4.75 6.5 8.17 7.18 NA 6.87 6.51 6.87 7.45 5.28 7.35 4.28 3.9
"Cowboys D/ST" "D" 6.06 7.15 6.77 6.69 5.54 6.2 7.27 NA 7.5 5.48 5.34 8.09 4.2 6.81 6.06 6.14 7.78
"Eagles D/ST" "D" 4.7 7.14 6.85 6.58 6.85 6.26 7.3 7.96 NA 8.03 4.75 7.44 7.74 5.74 3.89 3.05 7.63
"Cardinals D/ST" "D" 6.48 7 5.87 6.39 6.5 4.92 6.88 6.61 NA 3.73 7.82 4.4 4.16 6.81 5.35 2.34 4.46
"Panthers D/ST" "D" 4.7 4.68 7.31 NA 7.72 7.37 6.26 5.72 6.79 6.13 7.09 7.14 6.01 7.22 2.34 3.39 -2.36
"49ers D/ST" "D" 2.82 4.11 4.67 4.82 7.68 4.82 1.69 6.93 6.38 6.89 NA 4.85 4.53 5.61 6.31 3.62 -1.76
"Dolphins D/ST" "D" 5.2 6.9 6.6 4.79 5.46 5.88 6.47 5.16 7.2 3.68 NA 4.63 7.68 1.61 5.51 6.88 7.43
"Bengals D/ST" "D" 6.22 7.6 5.67 5.4 7.23 6.48 4.71 6.37 NA 4.79 5.4 6.97 5.16 2.59 6.3 7.04 4.87
"Raiders D/ST" "D" 2.08 7.3 6.29 6.82 5.01 5.46 NA 5.09 6.99 2.94 6.09 4.88 0.4 4.45 5.59 3.36 -2.4
"Giants D/ST" "D" 4.86 4.18 6.13 4.94 5.26 6.62 5.13 6.12 NA 5.67 5.88 5.36 5.36 6.99 6.36 6.64 6.86
"Buccaneers D/ST" "D" 2.62 3.74 5.28 5.63 NA 4.95 6.36 4.91 3.24 6.35 4.83 5.96 3.29 1.66 5.51 2.93 4.09
